v 0.809108 -0.005981 0.057155
v 0.809204 0.014062 0.057278
v 0.811249 -0.012273 0.059743
v 0.813318 0.019192 0.057258
v 0.817845 0.029665 0.059422
v 0.818823 -0.026960 0.063766
v 0.817844 -0.010320 0.056219
v 0.823369 0.026516 0.057637
v 0.820051 -0.014652 0.059750
v 0.830200 -0.045358 0.070711
v 0.826840 -0.027127 0.063304
v 0.827260 -0.012878 0.059170
v 0.838682 -0.035953 0.066317
v 0.830491 0.037311 0.059713
v 0.831527 0.045031 0.065199
v 0.835636 -0.054980 0.076665
v 0.833032 -0.060762 0.081370
v 0.832887 0.040441 0.032093
v 0.842834 0.061757 0.076300
v 0.834341 -0.013078 0.056854
v 0.833677 0.039933 0.046233
v 0.834988 -0.015316 0.059573
v 0.834908 0.044006 0.060864
v 0.841928 -0.048435 0.072026
v 0.837802 -0.025840 0.062377
v 0.841025 0.052055 0.068192
v 0.838657 0.050387 0.026928
v 0.839889 -0.020291 0.056112
v 0.839942 0.048511 0.061349
v 0.849673 -0.075951 0.095489
v 0.844104 -0.036788 0.065321
v 0.843957 0.055861 0.067291
v 0.843885 -0.027909 0.038326
v 0.845143 0.060328 0.020161
v 0.846923 -0.067791 0.086114
v 0.845893 0.058172 0.057757
v 0.847571 0.069834 0.078320
v 0.854759 0.072878 0.037578
v 0.849394 -0.059364 0.079166
v 0.848982 -0.040307 0.059833
v 0.854822 -0.055956 0.076600
v 0.850643 0.072434 0.067763
v 0.854044 -0.042973 0.032727
v 0.850350 0.064583 0.058848
v 0.850294 0.070465 0.017713
v 0.850484 -0.039895 0.040610
v 0.851652 -0.039918 0.028946
v 0.852852 0.072510 0.028418
v 0.853635 0.069663 0.051723
v 0.853422 -0.048165 0.055739
v 0.853651 0.071527 0.059793
v 0.855366 0.085001 0.014710
v 0.853882 -0.049189 0.040148
v 0.854191 -0.051602 0.071152
v 0.857727 0.096061 0.073266
v 0.856294 -0.053005 0.066170
v 0.859036 0.104525 0.088422
v 0.858119 0.083435 0.026307
v 0.858066 0.100979 0.081424
v 0.861378 -0.062881 0.056764
v 0.858395 -0.045651 0.025785
v 0.858453 -0.057070 0.037591
v 0.859161 -0.056454 0.071669
v 0.859911 0.096773 0.012591
v 0.860477 0.079890 0.054864
v 0.862514 0.109556 0.080695
v 0.865981 -0.073410 0.092002
v 0.861519 -0.060068 0.064491
v 0.860903 0.092586 0.062733
v 0.861088 -0.047765 0.028494
v 0.866759 0.088692 0.046980
v 0.862170 -0.065731 0.045443
v 0.865644 -0.051618 0.019757
v 0.862721 -0.055808 0.029959
v 0.865183 0.109406 -0.001398
v 0.863625 0.097454 0.020910
v 0.865392 -0.068117 0.038200
v 0.864869 0.104607 0.065884
v 0.867149 -0.069216 0.065574
v 0.865103 -0.063098 0.032405
v 0.866701 0.118714 0.092806
v 0.867159 -0.082122 0.103681
v 0.869500 -0.051134 0.023163
v 0.868951 0.102894 0.057717
v 0.867550 -0.061042 0.071358
v 0.867681 0.107614 0.014160
v 0.867818 0.113770 -0.011996
v 0.870979 0.096586 0.049713
v 0.872548 -0.064962 0.078744
v 0.870483 0.115456 0.068188
v 0.873552 0.102420 0.033187
v 0.869407 0.113088 0.006458
v 0.871493 -0.077794 0.044051
v 0.869991 -0.076857 0.058442
v 0.870137 -0.066999 0.084725
v 0.871006 0.118250 -0.011155
v 0.872569 -0.066208 0.075061
v 0.873581 -0.054323 0.019730
v 0.873557 -0.054285 0.022144
v 0.872094 0.123028 0.079197
v 0.873982 0.128305 0.090793
v 0.875297 -0.069095 0.024130
v 0.874985 0.117030 0.011996
v 0.885082 -0.082307 0.105863
v 0.875009 0.120699 0.001482
v 0.879436 -0.062893 0.012034
v 0.875320 -0.079672 0.067185
v 0.877486 0.118579 0.060581
v 0.878724 -0.079542 0.072974
v 0.878986 0.127106 0.070320
v 0.876682 -0.059196 0.020942
v 0.878664 0.110093 0.031108
v 0.877453 -0.084810 0.046645
v 0.880271 -0.059911 0.018575
v 0.877888 -0.079214 0.031469
v 0.879903 0.133455 0.084528
v 0.878266 0.110643 0.052480
v 0.878271 0.125080 -0.027103
v 0.878721 -0.085965 0.058849
v 0.879518 0.109964 0.047172
v 0.878909 0.126566 -0.017253
v 0.885634 -0.077453 0.099239
v 0.879782 0.134891 0.094248
v 0.879793 -0.068210 0.085354
v 0.881289 -0.086300 0.040388
v 0.883951 -0.069710 0.084608
v 0.883653 0.127476 0.004171
v 0.883112 0.129674 -0.008775
v 0.883668 0.118572 0.039634
v 0.882801 -0.089179 0.118573
v 0.883205 0.117187 0.026240
v 0.887543 -0.081143 0.021307
v 0.883551 -0.088586 0.065825
v 0.884653 0.119681 0.036204
v 0.888146 -0.093554 0.049818
v 0.892298 -0.076459 0.086409
v 0.890908 -0.081824 0.083172
v 0.889450 0.123390 0.030801
v 0.886935 0.131454 -0.033532
v 0.890067 -0.077922 0.016418
v 0.892032 -0.089684 0.076603
v 0.886635 -0.086208 0.030605
v 0.888159 -0.073282 0.091077
v 0.886842 -0.068668 0.005757
v 0.887853 -0.070092 0.015384
v 0.889440 0.138538 0.075222
v 0.888718 -0.067942 0.011944
v 0.888304 0.142001 0.097207
v 0.888873 0.125131 0.053927
v 0.892828 0.135384 -0.000966
v 0.890056 -0.094991 0.058916
v 0.897353 -0.075669 -0.008070
v 0.889519 0.133326 0.063695
v 0.889920 0.127126 0.018488
v 0.889972 -0.091331 0.037172
v 0.892186 -0.090208 0.122963
v 0.893834 0.137204 -0.019516
v 0.892198 -0.074147 0.088159
v 0.892859 0.128139 0.025716
v 0.893530 -0.095101 0.042111
v 0.898401 -0.073752 0.010680
v 0.904035 -0.092606 0.133044
v 0.897233 0.144274 0.074867
v 0.899134 -0.082691 0.088448
v 0.895846 0.134314 0.041173
v 0.899661 -0.079946 0.103780
v 0.896099 0.147331 0.102963
v 0.898041 -0.073288 0.090847
v 0.896121 0.133253 0.050410
v 0.900761 -0.099087 0.070462
v 0.896976 0.134607 0.012389
v 0.897685 -0.083914 0.013382
v 0.897276 -0.072058 0.009524
v 0.898358 -0.073901 0.093879
v 0.898097 0.137824 0.056476
v 0.901184 -0.074483 -0.003040
v 0.901011 -0.089119 0.085657
v 0.898707 0.138182 -0.036260
v 0.903263 -0.095674 0.081347
v 0.900678 -0.075243 0.002343
v 0.902061 0.148872 0.083118
v 0.899994 0.149297 0.110195
v 0.900246 0.138242 0.043655
v 0.903527 0.138676 0.021498
v 0.901151 -0.089563 0.023527
v 0.911770 -0.108039 0.057651
v 0.908091 0.144632 -0.006525
v 0.901997 0.141669 -0.022717
v 0.902062 -0.080338 0.006654
v 0.904733 -0.095556 0.028595
v 0.904069 -0.077259 0.092139
v 0.903579 0.144233 0.062205
v 0.903804 -0.076142 -0.010569
v 0.906901 -0.084437 0.112748
v 0.904000 -0.073147 -0.007604
v 0.910660 -0.106499 0.066926
v 0.906986 0.141403 0.012318
v 0.909536 -0.082864 0.000791
v 0.906248 -0.079398 0.101512
v 0.906768 -0.075078 -0.005700
v 0.906973 -0.084909 0.006909
v 0.906819 -0.077769 -0.001716
v 0.908507 -0.087601 0.014668
v 0.906932 0.137749 -0.050548
v 0.907417 0.143175 0.040275
v 0.908230 -0.085184 0.093066
v 0.908482 -0.076594 -0.011839
v 0.909429 -0.080385 0.097357
v 0.912459 0.143505 -0.038786
v 0.913364 0.145944 -0.027993
v 0.910306 0.153259 0.086298
v 0.911804 0.153322 0.116200
v 0.917523 -0.104324 0.034433
v 0.910845 -0.089223 0.124033
v 0.912950 -0.093767 0.014695
v 0.911866 -0.106469 0.049613
v 0.911893 0.154693 0.098376
v 0.914274 -0.076215 -0.014837
v 0.912717 -0.072967 -0.007207
v 0.915404 -0.101108 0.084658
v 0.912775 -0.080362 0.103103
v 0.915003 0.150772 0.063982
v 0.915781 -0.106993 0.075228
v 0.914552 -0.074359 -0.004815
v 0.920451 -0.079285 -0.023813
v 0.920027 -0.084406 0.001102
v 0.916879 0.149185 0.046355
v 0.915505 -0.080703 -0.005179
v 0.916440 -0.093960 0.092738
v 0.920924 0.149204 -0.000374
v 0.915204 0.147851 -0.014453
v 0.916554 0.154803 0.078087
v 0.917930 0.153580 0.125383
v 0.918409 -0.092234 0.006957
v 0.917922 0.147492 0.013988
v 0.922904 -0.114281 0.053833
v 0.923787 -0.082019 -0.010101
v 0.923354 -0.083423 0.099754
v 0.921591 -0.089460 0.128621
v 0.919966 -0.081995 0.109403
v 0.919811 -0.079912 0.102417
v 0.920219 -0.100266 0.087865
v 0.920483 -0.077472 -0.018841
v 0.925222 -0.082962 0.115685
v 0.920293 -0.091610 0.137182
v 0.922343 -0.077835 -0.012389
v 0.926308 -0.085326 -0.005432
v 0.921554 -0.077264 0.101773
v 0.921482 0.157664 0.092083
v 0.923811 0.143337 -0.050662
v 0.923729 -0.097006 0.010165
v 0.926855 0.151080 0.012513
v 0.925278 -0.077575 0.105503
v 0.926672 -0.094112 0.099148
v 0.927725 0.151846 -0.017247
v 0.926009 0.150558 -0.025889
v 0.926144 -0.117268 0.065179
v 0.926382 -0.079037 0.102588
v 0.929161 -0.106592 0.088402
v 0.927061 0.158246 0.079252
v 0.927121 -0.083140 -0.008301
v 0.927278 -0.091600 0.146961
v 0.930173 -0.118066 0.072901
v 0.929683 -0.082515 0.102248
v 0.927904 0.152665 0.136956
v 0.928143 0.159151 0.103099
v 0.927798 -0.110964 0.082126
v 0.930479 -0.107978 0.025319
v 0.932172 -0.093659 -0.008040
v 0.929494 0.147998 -0.041239
v 0.929319 0.156107 0.063868
v 0.929485 -0.091195 0.103096
v 0.936174 -0.121003 0.062216
v 0.929867 -0.075521 0.107260
v 0.930001 -0.082467 0.118595
v 0.932812 -0.080232 -0.020922
v 0.931467 -0.082179 -0.032590
v 0.939942 0.139659 -0.064928
v 0.930499 -0.116070 0.048521
v 0.931895 -0.086243 0.127615
v 0.930986 0.154555 0.045240
v 0.934663 0.158219 0.118780
v 0.931843 0.132031 -0.073802
v 0.934783 0.153289 0.000916
v 0.934683 -0.089046 0.139612
v 0.940947 -0.083136 -0.037430
v 0.933394 -0.110867 0.030032
v 0.933826 -0.081143 -0.015410
v 0.938284 -0.088732 -0.020926
v 0.936675 -0.077572 0.107997
v 0.934051 -0.077649 0.110363
v 0.934128 -0.084534 0.122458
v 0.936999 0.150531 0.145393
v 0.935406 0.153865 0.019049
v 0.940015 -0.086146 0.112725
v 0.936283 -0.097998 0.100948
v 0.936054 0.160628 0.083666
v 0.938646 -0.099165 -0.002547
v 0.936586 -0.090917 0.108955
v 0.942822 -0.088179 0.160633
v 0.936826 -0.105282 0.095713
v 0.939817 -0.082876 -0.026180
v 0.936973 -0.121643 0.069833
v 0.939547 -0.119805 0.054299
v 0.938869 -0.075926 0.112266
v 0.938579 0.158319 0.064694
v 0.943146 0.161981 0.095401
v 0.939211 -0.108938 0.017941
v 0.942065 0.156720 0.043966
v 0.941591 -0.111623 0.034313
v 0.941859 -0.105891 0.005642
v 0.945775 0.128426 -0.080335
v 0.939923 -0.117714 0.085477
v 0.950681 -0.085129 -0.049460
v 0.940782 -0.084628 0.131640
v 0.939991 -0.077659 0.118882
v 0.947483 0.156403 0.131406
v 0.940606 0.154873 -0.014311
v 0.943494 -0.089724 -0.024475
v 0.940936 -0.121240 0.078954
v 0.942155 0.146204 -0.053073
v 0.942386 -0.095058 -0.014041
v 0.942516 -0.079949 0.114866
v 0.945165 -0.094562 0.108900
v 0.942343 0.151379 -0.038786
v 0.943389 -0.104570 0.101211
v 0.944002 0.154161 -0.027303
v 0.944108 -0.078484 0.119969
v 0.944267 -0.084607 0.131232
v 0.944669 -0.113145 0.036988
v 0.945206 -0.122366 0.077635
v 0.944774 -0.111856 0.097472
v 0.945059 -0.122357 0.066481
v 0.946512 -0.084235 -0.033648
v 0.945358 -0.107758 0.019935
v 0.945477 -0.118968 0.088379
v 0.945453 0.155382 0.003374
v 0.950236 -0.119627 0.048849
v 0.950664 -0.103896 -0.009276
v 0.950278 0.162025 0.104144
v 0.947719 -0.106356 0.003857
v 0.950635 -0.099746 -0.018119
v 0.951110 -0.085671 0.120472
v 0.950397 0.156702 0.022397
v 0.951682 -0.106864 0.018951
v 0.949372 0.147571 0.152438
v 0.948770 0.135211 -0.072894
v 0.948890 -0.098172 0.108788
v 0.952232 0.161908 0.079915
v 0.949609 -0.115906 0.037269
v 0.949597 -0.084761 0.140413
v 0.949604 -0.078877 0.127276
v 0.953466 -0.079410 0.127050
v 0.954897 -0.080504 0.125825
v 0.953323 -0.090651 -0.029697
v 0.955360 0.150625 -0.045877
v 0.954179 0.152476 0.142812
v 0.955283 0.156609 -0.013925
v 0.951706 0.160983 0.113215
v 0.959428 0.110997 -0.094763
v 0.952046 -0.085527 0.151967
v 0.958223 -0.118948 0.046877
v 0.960815 -0.107598 0.115023
v 0.956955 -0.113539 0.104875
v 0.953883 -0.083383 0.175904
v 0.956492 -0.121580 0.074690
v 0.953980 -0.084060 0.139693
v 0.954460 -0.120000 0.090665
v 0.958574 -0.085120 -0.042906
v 0.954444 -0.104855 0.112124
v 0.955349 0.154858 -0.031083
v 0.955908 -0.093239 0.115832
v 0.956898 -0.102085 -0.019190
v 0.957939 0.144941 -0.059388
v 0.957154 -0.102427 -0.014021
v 0.961560 -0.099114 -0.011361
v 0.960415 0.159888 0.059260
v 0.961227 -0.114306 0.105548
v 0.960826 -0.102607 0.004502
v 0.961363 -0.085843 0.125120
v 0.960563 -0.082497 0.163984
v 0.958276 0.156632 0.000921
v 0.965738 0.131934 -0.077675
v 0.964034 -0.114638 0.022689
v 0.965248 -0.096164 -0.041303
v 0.961470 -0.099926 -0.004742
v 0.966095 0.160041 0.119202
v 0.960356 0.125901 -0.083576
v 0.969134 -0.076739 0.179998
v 0.965256 0.145118 0.155659
v 0.968484 -0.118787 0.093927
v 0.966307 -0.111465 0.011352
v 0.961496 -0.082260 0.148702
v 0.965091 -0.093338 -0.044630
v 0.961145 -0.079442 0.137906
v 0.966268 0.163136 0.094546
v 0.961897 -0.089414 0.120785
v 0.964795 0.162651 0.083311
v 0.967635 -0.116748 0.101589
v 0.962436 0.139618 -0.068299
v 0.962800 -0.118787 0.061168
v 0.969692 0.158287 0.039892
v 0.964256 -0.087164 -0.047216
v 0.963513 0.162406 0.105447
v 0.972972 0.156893 0.129418
v 0.968340 -0.098160 0.129235
v 0.964087 -0.109620 0.009937
v 0.965816 -0.092433 0.127820
v 0.969619 0.138336 0.164363
v 0.965709 -0.080364 0.134196
v 0.970241 -0.096239 -0.038793
v 0.969010 -0.098890 -0.009031
v 0.968882 -0.113247 0.108906
v 0.972056 -0.094757 -0.049235
v 0.971802 -0.100329 0.129696
v 0.967792 -0.115849 0.034116
v 0.967463 -0.079406 0.147714
v 0.969008 -0.082823 0.132239
v 0.968826 0.154372 -0.034740
v 0.974109 0.148859 0.148109
v 0.968821 0.156663 0.005920
v 0.972708 0.153454 0.138754
v 0.970419 -0.094734 -0.023173
v 0.974459 -0.085513 -0.061771
v 0.969409 0.156649 -0.019213
v 0.971272 -0.079126 0.142225
v 0.974498 -0.113231 0.040603
v 0.970573 -0.117690 0.061000
v 0.973790 0.149030 -0.051673
v 0.972011 0.127069 0.175975
v 0.978419 -0.094271 -0.025827
v 0.981210 -0.073586 0.168967
v 0.972827 -0.078200 0.156746
v 0.972818 -0.107605 0.116881
v 0.978289 -0.111301 0.109727
v 0.979204 -0.111444 0.023377
v 0.976946 -0.090408 -0.061164
v 0.974167 -0.089992 0.137585
v 0.974333 0.160639 0.070848
v 0.981773 -0.068460 0.188901
v 0.979654 -0.089308 -0.045243
v 0.975451 -0.104774 -0.009735
v 0.979153 -0.108145 -0.003261
v 0.983988 -0.115902 0.067795
v 0.977263 -0.117306 0.085610
v 0.978007 -0.093585 0.139686
v 0.988139 0.101873 -0.102036
v 0.983297 0.158983 0.118729
v 0.978864 -0.083571 -0.070881
v 0.978398 -0.098004 0.133978
v 0.981771 0.089026 -0.108026
v 0.978527 -0.104001 0.119103
v 0.982445 0.155467 -0.024015
v 0.978383 0.156384 -0.013335
v 0.979320 -0.088187 0.144070
v 0.978760 -0.109923 0.015205
v 0.989487 -0.061094 0.196753
v 0.981455 0.161553 0.083762
v 0.981993 -0.089915 -0.038026
v 0.982948 -0.104741 -0.014817
v 1.004250 -0.040482 0.210887
v 0.981358 0.145384 -0.058674
v 0.979667 -0.079072 0.148033
v 0.982847 -0.089456 -0.063492
v 0.980776 -0.084790 -0.069809
v 0.981706 -0.115164 0.102365
v 0.998254 0.111576 -0.096199
v 0.981239 0.137428 -0.071435
v 0.982409 0.161226 0.106147
v 0.981801 0.155761 0.002141
v 0.987406 -0.114678 0.055347
v 0.982765 -0.112992 0.107976
v 0.985879 0.138741 0.160581
v 0.983717 -0.104418 0.118165
v 0.981500 0.115492 0.181571
v 0.981535 0.130383 0.170172
v 0.981840 0.150747 -0.046229
v 0.985238 -0.106404 -0.002299
v 0.992590 -0.106324 0.020341
v 0.987514 -0.100089 -0.028016
v 0.987710 -0.084948 -0.076088
v 0.983401 -0.080453 0.149484
v 0.983401 0.158015 0.055306
v 0.983633 -0.076883 0.154329
v 0.985505 -0.113071 0.040941
v 0.985359 -0.080381 -0.078386
v 0.985754 -0.089846 -0.039588
v 0.984467 0.161778 0.096006
v 0.989892 -0.104822 0.003728
v 0.991571 -0.106336 0.120175
v 0.987588 0.100332 0.189144
v 0.985218 0.153510 -0.034499
v 0.985261 -0.070672 0.176033
v 0.987407 -0.088076 0.149343
v 0.985779 0.156371 0.033220
v 0.994727 0.125002 -0.084578
v 0.985981 0.150818 0.141534
v 0.986130 -0.085717 -0.052922
v 0.988144 -0.092555 0.136570
v 0.988482 0.120084 0.177792
v 0.988863 -0.096404 0.128801
v 0.986649 0.154782 0.131831
v 0.987221 0.144754 0.152134
v 0.988971 -0.084182 -0.064659
v 0.987982 -0.112838 0.085827
v 0.991874 -0.107642 0.025376
v 0.991206 -0.083467 -0.077132
v 0.991688 -0.110043 0.102537
v 0.991144 -0.101777 -0.024811
v 0.989751 -0.077405 -0.085841
v 0.989945 -0.114276 0.075348
v 0.993907 -0.081903 -0.070004
v 0.990489 -0.072007 0.168001
v 1.000330 -0.051895 0.201982
v 0.995464 0.141409 -0.063112
v 0.990907 -0.086544 -0.051549
v 0.995082 0.159658 0.090365
v 0.999604 0.152093 -0.026645
v 0.993669 -0.100657 -0.016658
v 0.995046 -0.072396 -0.092832
v 0.998758 0.152749 0.002536
v 0.993879 -0.095476 0.130622
v 0.992759 -0.114943 0.062770
v 0.993731 0.104098 0.187626
v 0.994268 -0.077301 0.160233
v 0.997736 -0.090559 -0.049638
v 0.993050 0.154453 -0.015059
v 1.003050 0.129481 -0.078162
v 0.998291 -0.071449 0.167880
v 0.993666 -0.106493 0.009894
v 0.993904 -0.066818 0.178931
v 0.996174 -0.086746 0.142290
v 0.999080 -0.078125 -0.079848
v 0.997846 -0.077259 -0.089930
v 0.996021 0.155306 0.050049
v 1.005230 0.148869 0.137238
v 0.995110 -0.111310 0.084495
v 0.994865 -0.083828 0.153362
v 0.995182 -0.112973 0.043138
v 0.999418 -0.098055 -0.036641
v 0.995368 0.151678 -0.035506
v 0.998013 -0.100474 0.129763
v 0.997916 0.085778 0.196889
v 0.998815 -0.108388 0.021687
v 0.996277 -0.106966 0.097967
v 0.997974 -0.096046 -0.041540
v 0.997135 -0.106675 0.116399
v 0.996704 -0.114282 0.072385
v 0.997855 0.085430 -0.111494
v 0.998801 0.153364 0.023504
v 0.999322 -0.098483 -0.032060
v 0.998175 -0.075012 -0.093634
v 0.998786 -0.101241 -0.004585
v 0.999361 -0.103578 0.125649
v 1.004870 0.155257 0.116838
v 0.998686 -0.084932 -0.059547
v 1.007690 -0.110825 0.027793
v 0.999440 -0.078356 0.161644
v 1.001360 0.144906 0.147210
v 1.000310 0.108633 0.182758
v 1.000500 0.158262 0.103787
v 1.008260 0.131796 0.163156
v 0.999527 0.063451 -0.120482
v 1.002740 -0.103110 -0.000424
v 1.009390 0.138341 0.154592
v 1.000270 -0.107575 0.092755
v 1.000980 -0.081772 0.146893
v 1.000700 0.147203 -0.048370
v 1.004740 0.057169 0.206211
v 1.000040 -0.058765 0.190762
v 1.003980 -0.098202 -0.018835
v 1.003550 -0.114911 0.054202
v 1.004890 0.118446 -0.090082
v 1.000600 -0.092907 0.136838
v 1.006410 -0.101963 0.003349
v 1.000760 0.071821 0.202516
v 1.004300 -0.094514 -0.028618
v 1.004370 -0.100600 0.105474
v 1.005720 0.152484 0.126798
v 1.003410 0.091740 0.191137
v 1.003460 -0.079455 0.152725
v 1.005580 -0.113210 0.074972
v 1.004670 -0.113272 0.038875
v 1.002380 0.155372 0.068987
v 1.002530 0.136918 -0.068570
v 1.004500 -0.074853 0.167250
v 1.003260 -0.114743 0.065247
v 1.003810 -0.068735 -0.100684
v 1.004030 -0.074123 -0.087008
v 1.005710 -0.066044 0.175344
v 1.010360 0.057637 -0.122992
v 1.004500 0.076635 0.198045
v 1.006560 -0.094889 0.140136
v 1.007290 -0.097694 0.133818
v 1.004660 -0.085590 -0.059661
v 1.008480 -0.102419 0.005477
v 1.010000 -0.080538 0.152678
v 1.005740 -0.098365 0.111979
v 1.006140 0.095411 -0.106848
v 1.005700 -0.100065 0.122738
v 1.006540 -0.113556 0.063199
v 1.012180 -0.086676 -0.064388
v 1.006160 0.150905 -0.015536
v 1.006230 -0.113093 0.045531
v 1.017930 0.081508 -0.114484
v 1.006370 -0.062488 0.182388
v 1.008780 -0.105638 0.098045
v 1.007700 -0.075091 0.157668
v 1.008830 0.151288 0.043972
v 1.010250 -0.089525 0.148064
v 1.014210 0.029316 -0.128024
v 1.006990 0.120425 0.173865
v 1.010840 -0.047951 0.200529
v 1.007210 -0.109740 0.088868
v 1.007480 0.141747 -0.057281
v 1.007920 -0.107232 0.015065
v 1.009090 -0.104289 0.008484
v 1.007900 -0.080994 -0.070314
v 1.010350 -0.092372 -0.052233
v 1.009040 -0.110312 0.078477
v 1.009790 0.149439 0.007560
v 1.013160 -0.018454 0.217192
v 1.012270 -0.060094 0.183806
v 1.008790 -0.110377 0.033463
v 1.011710 0.001393 0.218356
v 1.008940 -0.097784 -0.015164
v 1.010900 0.022067 0.214699
v 1.009560 -0.068160 0.173589
v 1.011080 -0.105787 0.065368
v 1.009800 0.067349 0.200701
v 1.011110 -0.100350 -0.009794
v 1.012850 -0.092975 0.138580
v 1.013010 -0.090826 0.122031
v 1.018560 0.152810 0.100875
v 1.014740 -0.074013 0.160583
v 1.010520 -0.106362 0.051875
v 1.011360 -0.105481 0.095925
v 1.011950 -0.091196 -0.033958
v 1.010860 -0.070538 0.168015
v 1.011960 -0.093297 0.116273
v 1.016330 -0.057025 0.188100
v 1.018090 -0.087534 -0.045295
v 1.017340 0.105142 -0.099690
v 1.012240 0.154548 0.088428
v 1.012710 -0.090725 0.147397
v 1.012140 -0.105265 0.076449
v 1.009260 -0.068177 -0.096345
v 1.015270 0.145124 -0.039532
v 1.015210 0.131835 -0.071268
v 1.017190 0.146391 -0.022813
v 1.014210 -0.065883 0.177816
v 1.020680 0.029950 0.210535
v 1.013200 -0.106040 0.032506
v 1.013340 0.100913 0.185858
v 1.016110 0.068553 -0.119587
v 1.017560 0.090466 0.190946
v 1.017200 -0.087269 0.139184
v 1.014940 -0.088020 0.127240
v 1.019400 -0.009375 0.215040
v 1.014360 -0.101761 0.102911
v 1.014500 -0.104356 0.014980
v 1.014570 -0.026996 0.213932
v 1.015530 -0.093991 -0.029537
v 1.014870 -0.062998 -0.101755
v 1.019300 -0.038782 0.204542
v 1.014740 -0.103658 0.072283
v 1.016370 0.148637 0.045126
v 1.014840 -0.098310 0.109521
v 1.020650 0.074236 0.198110
v 1.015100 -0.068712 0.166952
v 1.016050 -0.056396 -0.108383
v 1.017600 -0.089709 -0.052929
v 1.015530 -0.099436 0.093334
v 1.017800 0.050297 0.206730
v 1.018240 -0.048447 -0.114419
v 1.017930 -0.094539 -0.019943
v 1.015980 0.040227 0.209078
v 1.016780 -0.099034 -0.005564
v 1.016590 -0.106078 0.049775
v 1.016930 0.139004 -0.056816
v 1.017230 -0.086837 -0.064117
v 1.019810 -0.098594 0.091047
v 1.019150 -0.084945 0.126592
v 1.017530 -0.078121 -0.077316
v 1.018150 -0.081093 0.161057
v 1.017800 0.006265 0.214602
v 1.018750 -0.082818 0.132638
v 1.018350 0.122252 -0.082799
v 1.020690 -0.038140 -0.119113
v 1.019040 -0.092307 0.117575
v 1.022790 0.015448 0.213051
v 1.020690 -0.045975 0.198044
v 1.019950 -0.068049 0.169749
v 1.018950 0.123807 0.168793
v 1.019110 0.091249 -0.108871
v 1.023820 -0.058884 0.182391
v 1.021080 -0.102150 0.079240
v 1.020200 -0.094905 0.100906
v 1.019430 0.146588 0.132889
v 1.022100 0.111958 -0.092763
v 1.019730 -0.083401 0.157980
v 1.020140 0.044348 -0.125896
v 1.019640 -0.085350 0.148834
v 1.019790 0.141461 0.144787
v 1.021640 -0.026864 -0.123290
v 1.020290 -0.105887 0.063518
v 1.020320 0.151743 0.110048
v 1.020460 -0.105208 0.021223
v 1.020670 -0.058261 0.187098
v 1.024520 -0.018680 0.211071
v 1.023790 0.150227 0.090945
v 1.021060 -0.101888 0.003833
v 1.024270 -0.060905 0.179288
v 1.024260 -0.080784 -0.074657
v 1.024390 0.143196 0.016163
v 1.022620 -0.108915 0.049991
v 1.022580 -0.107663 0.036206
v 1.022650 -0.075152 0.169728
v 1.022840 -0.085995 -0.045806
v 1.023400 -0.096033 -0.015504
v 1.023700 0.112871 0.176925
v 1.022470 -0.090236 -0.036149
v 1.024200 -0.062022 -0.098695
v 1.022650 -0.001184 -0.127950
v 1.025830 -0.092462 -0.026298
v 1.029120 0.146190 0.121360
v 1.024160 -0.077494 0.162791
v 1.027190 -0.070319 -0.087736
v 1.025670 -0.047976 0.193786
v 1.025570 0.129183 0.160810
v 1.024170 -0.087603 0.115425
v 1.024870 -0.100520 0.093164
v 1.027620 -0.065755 0.180714
v 1.024320 -0.027690 0.208053
v 1.029130 0.063999 -0.119929
v 1.024500 -0.077955 0.137373
v 1.026780 0.007300 0.212282
v 1.025100 -0.084618 -0.057664
v 1.031240 0.125345 -0.071547
v 1.025600 -0.105572 0.075338
v 1.025700 -0.093557 0.104297
v 1.027830 -0.071616 0.157267
v 1.026590 -0.036564 0.203016
v 1.026180 -0.107460 0.024374
v 1.027650 -0.103290 0.002941
v 1.026080 -0.107976 0.061724
v 1.026650 -0.074798 0.145564
v 1.026790 -0.081014 -0.066782
v 1.028650 -0.001309 -0.126585
v 1.027670 -0.022995 -0.123029
v 1.033360 -0.081584 -0.060285
v 1.027510 0.141140 -0.005700
v 1.028780 0.019894 0.210772
v 1.028160 0.144344 0.061025
v 1.029330 -0.065533 0.179297
v 1.028240 -0.054983 0.186912
v 1.031370 0.060811 0.202636
v 1.028410 -0.099788 -0.008286
v 1.028500 0.091584 -0.107050
v 1.030330 -0.080984 0.128435
v 1.028090 -0.103220 0.086863
v 1.032010 0.093859 0.187582
v 1.028930 -0.086882 0.116260
v 1.028890 0.139869 -0.034810
v 1.030660 0.040223 0.208192
v 1.028250 0.136436 -0.051120
v 1.030830 -0.063484 -0.095004
v 1.031020 -0.052154 -0.105990
v 1.031440 -0.072630 -0.082866
v 1.029800 -0.003378 0.211849
v 1.029290 -0.108353 0.041229
v 1.029520 -0.033768 -0.118369
v 1.029940 -0.107991 0.068943
v 1.031360 0.023125 -0.127056
v 1.031050 -0.086617 -0.044299
v 1.031950 -0.057308 0.189121
v 1.030080 -0.037139 0.202663
v 1.033180 0.129859 -0.061406
v 1.031140 -0.106622 0.016583
v 1.031960 0.133283 0.151438
v 1.033280 -0.103904 0.004969
v 1.033150 -0.091204 0.109469
v 1.031300 0.117366 -0.083095
v 1.031670 -0.077154 0.137286
v 1.034050 0.036307 -0.125459
v 1.034040 -0.099689 0.090782
v 1.034250 -0.058224 0.178770
v 1.034760 0.136852 0.142212
v 1.032860 -0.037753 0.200770
v 1.036930 0.101437 -0.097373
v 1.032420 -0.051595 0.192275
v 1.033100 -0.020220 0.208212
v 1.032510 0.146521 0.110316
v 1.037100 -0.045626 -0.108524
v 1.033470 0.047405 -0.123920
v 1.033280 -0.064183 0.167666
v 1.037730 -0.072626 -0.076284
v 1.033520 0.141495 0.132379
v 1.034390 -0.086980 0.120784
v 1.034080 0.009060 0.212376
v 1.035320 -0.093563 0.107728
v 1.034000 -0.051134 0.194814
v 1.035970 -0.039748 0.202182
v 1.034870 0.113964 0.173223
v 1.034390 -0.105498 0.034940
v 1.044790 0.072919 0.196427
v 1.034300 -0.101863 -0.004046
v 1.034680 -0.104871 0.056514
v 1.040960 0.135669 0.048426
v 1.035360 0.143987 0.086372
v 1.034930 -0.010594 -0.122751
v 1.037500 0.010467 -0.125382
v 1.035240 -0.103595 0.067892
v 1.035620 -0.027043 -0.118007
v 1.037310 -0.012770 0.209865
v 1.042470 0.054044 0.203658
v 1.035710 -0.058673 -0.099023
v 1.038480 -0.053677 -0.100251
v 1.036670 -0.100277 0.081508
v 1.037040 0.144464 0.101180
v 1.036710 0.135427 -0.011615
v 1.038380 0.120075 0.165556
v 1.036710 0.077375 -0.113053
v 1.036990 -0.050310 0.187883
v 1.037290 0.135442 0.014059
v 1.037540 0.028664 0.209041
v 1.038230 -0.095198 -0.020643
v 1.037830 0.102121 0.181378
v 1.038040 -0.103460 0.011879
v 1.038010 -0.032439 0.205139
v 1.038020 -0.040959 0.199013
v 1.038940 0.090357 -0.104764
v 1.038620 -0.038251 -0.111480
v 1.038410 -0.094020 0.105933
v 1.038870 0.000152 0.210720
v 1.038980 0.109025 -0.088868
v 1.044450 0.139219 0.116766
v 1.040630 0.132295 -0.036248
v 1.042300 0.127586 -0.053666
v 1.041350 -0.094218 0.098654
v 1.041670 -0.055887 0.177872
v 1.039950 -0.099717 -0.003657
v 1.040400 -0.078985 -0.062714
v 1.040090 -0.034016 0.200927
v 1.041200 -0.081175 0.131324
v 1.040570 -0.061356 -0.090738
v 1.043550 -0.086183 -0.042471
v 1.041680 -0.002330 -0.123235
v 1.042720 -0.061660 0.165339
v 1.043360 -0.047132 0.188376
v 1.041550 -0.022028 0.205524
v 1.041920 0.063888 -0.116998
v 1.041680 -0.088808 0.116365
v 1.041790 -0.084342 0.122915
v 1.048890 -0.079072 -0.059384
v 1.041980 0.117035 -0.076232
v 1.042240 -0.074837 0.141363
v 1.042080 0.023598 -0.124605
v 1.042380 -0.020579 -0.116550
v 1.042820 -0.095521 -0.015735
v 1.047570 -0.102178 0.079061
v 1.048440 0.044586 0.204939
v 1.042650 0.018584 0.208088
v 1.043270 -0.046897 -0.102829
v 1.046090 -0.090402 0.106672
v 1.044110 0.007658 0.208951
v 1.043100 -0.032529 0.200167
v 1.043560 -0.012585 0.208195
v 1.044450 -0.037546 -0.108360
v 1.043570 0.137184 0.129591
v 1.051560 0.126014 0.024397
v 1.044050 -0.001112 0.207556
v 1.044150 0.050217 -0.120092
v 1.044600 -0.096954 0.093600
v 1.046690 -0.086246 -0.036675
v 1.047490 -0.105736 0.057790
v 1.045040 0.139267 0.096383
v 1.049390 0.002420 -0.119718
v 1.047560 -0.026813 0.203070
v 1.052440 -0.104915 0.068237
v 1.047190 -0.083906 0.117366
v 1.046520 -0.067706 0.154534
v 1.046800 0.040301 -0.121208
v 1.053890 0.127900 0.061189
v 1.046560 -0.106832 0.039074
v 1.050140 -0.035938 0.197093
v 1.051520 -0.084736 -0.037873
v 1.047710 0.076494 -0.109007
v 1.051790 -0.073270 -0.069969
v 1.050080 -0.077985 0.134956
v 1.047750 -0.056364 0.172303
v 1.053750 -0.065114 -0.081172
v 1.047640 0.127662 -0.024119
v 1.049530 -0.050456 0.180473
v 1.050810 -0.060184 -0.088020
v 1.047930 -0.072573 0.147649
v 1.050840 0.014339 -0.119893
v 1.050970 0.000293 0.205903
v 1.048290 0.119638 0.160616
v 1.048320 0.098049 -0.093877
v 1.052690 -0.107536 0.025969
v 1.051410 0.122327 -0.048838
v 1.053300 -0.022857 -0.111363
v 1.051810 -0.014154 0.202647
v 1.049130 -0.056411 -0.092939
v 1.051290 0.056833 -0.114772
v 1.053030 -0.103248 0.000028
v 1.049270 0.087229 0.188088
v 1.053210 -0.076470 0.127364
v 1.057720 0.029523 0.203748
v 1.049580 0.125912 -0.005174
v 1.054670 0.030057 -0.117882
v 1.052490 0.106465 0.172538
v 1.050010 -0.041144 0.192649
v 1.051490 0.106497 -0.081857
v 1.052790 0.087339 -0.099498
v 1.050170 0.124690 0.151269
v 1.059310 -0.090714 0.109959
v 1.051110 0.061984 0.199644
v 1.051290 -0.093484 -0.022777
v 1.051750 0.014521 0.205288
v 1.051540 0.115393 -0.067974
v 1.051650 0.098213 0.179853
v 1.054380 -0.026872 0.196633
v 1.056040 0.131843 0.108668
v 1.054600 0.075468 0.192725
v 1.052320 0.123355 -0.037236
v 1.057460 -0.069040 0.139113
v 1.052830 0.134059 0.098762
v 1.052870 0.132393 0.126058
v 1.052890 0.128198 0.140353
v 1.052920 -0.106424 0.014567
v 1.053020 -0.079026 -0.052578
v 1.053040 -0.069877 0.148205
v 1.054860 -0.040223 -0.103500
v 1.053940 -0.066714 0.157126
v 1.057720 0.042320 0.202710
v 1.054340 -0.003339 -0.117246
v 1.056660 0.015299 -0.118007
v 1.056390 -0.049396 0.179475
v 1.055440 -0.058689 0.166146
v 1.054250 0.051568 0.202092
v 1.060210 0.109617 0.163523
v 1.063890 -0.097253 0.098847
v 1.058380 -0.037004 -0.105250
v 1.057440 0.114701 -0.057171
v 1.057860 0.093595 -0.089974
v 1.055340 -0.084566 0.117424
v 1.055430 0.080577 -0.102060
v 1.055860 -0.039387 0.187832
v 1.055970 0.065489 -0.108936
v 1.057950 -0.066290 0.153767
v 1.057480 0.045696 -0.113812
v 1.056560 -0.058303 -0.088539
v 1.058460 -0.047606 -0.096892
v 1.058440 -0.100710 -0.011635
v 1.057150 -0.070372 -0.070375
v 1.057900 -0.014573 -0.113104
v 1.057960 -0.056768 0.171203
v 1.058830 -0.000920 -0.117125
v 1.058200 0.085115 0.186152
v 1.060000 0.100452 -0.079614
v 1.064480 -0.084086 -0.043783
v 1.060720 0.056340 -0.108924
v 1.059390 0.119951 0.025562
v 1.059850 -0.064875 -0.078382
v 1.059330 -0.045285 0.181502
v 1.061580 0.009219 0.200722
v 1.059700 0.117872 -0.008820
v 1.059830 0.106894 -0.070466
v 1.059850 -0.005657 0.199576
v 1.060140 -0.061995 0.162093
v 1.060090 -0.100869 0.087472
v 1.062980 -0.063857 0.149726
v 1.061080 -0.057459 -0.086272
v 1.062550 0.069272 -0.102028
v 1.065710 -0.050083 0.178010
v 1.061260 0.025447 0.201560
v 1.061310 0.114685 -0.040976
v 1.061460 -0.020547 0.195437
v 1.063280 -0.042930 -0.097609
v 1.069260 -0.100694 -0.019607
v 1.064440 -0.015360 -0.112494
v 1.062210 -0.073028 -0.065416
v 1.062280 -0.040260 0.185738
v 1.064880 0.038577 -0.113314
v 1.062720 -0.109262 0.039055
v 1.064590 0.085072 -0.089739
v 1.062630 -0.027078 -0.108466
v 1.062790 0.119030 0.145314
v 1.064820 -0.028624 0.191940
v 1.063380 0.122571 0.134186
v 1.063460 -0.054223 0.170621
v 1.066720 -0.008047 0.197833
v 1.065910 -0.005870 -0.115437
v 1.069640 -0.090038 0.114906
v 1.064160 0.116990 0.031091
v 1.064390 0.079946 0.186775
v 1.071450 -0.068925 0.140746
v 1.064540 0.124146 0.121437
v 1.064600 -0.107226 0.003981
v 1.065130 0.113365 -0.017256
v 1.064700 0.039451 0.198969
v 1.066780 0.098394 0.170327
v 1.065040 -0.058706 0.158840
v 1.065200 0.063478 0.193882
v 1.065770 -0.106644 0.068545
v 1.065380 -0.031225 -0.104013
v 1.065490 0.124040 0.105790
v 1.065500 -0.093259 -0.030951
v 1.067410 0.012904 0.199592
v 1.065880 0.112466 0.153529
v 1.067700 0.119238 0.077012
v 1.065930 -0.017299 0.194115
v 1.068830 -0.002259 0.200522
v 1.066250 -0.082628 0.123588
v 1.066300 0.109456 -0.042057
v 1.066980 0.098992 -0.070089
v 1.067640 0.006096 -0.116111
v 1.067160 -0.072933 -0.064248
v 1.070360 0.076356 -0.092785
v 1.067320 -0.110617 0.020715
v 1.067790 -0.039756 0.185801
v 1.067790 0.103056 -0.059550
v 1.068830 0.115179 0.036505
v 1.068080 -0.016519 -0.109302
v 1.068490 -0.047572 -0.095499
v 1.068870 0.029442 0.199475
v 1.068590 -0.028745 0.191397
v 1.071980 0.064879 0.189271
v 1.072960 -0.066950 -0.073872
v 1.068710 -0.064645 0.147123
v 1.071490 0.056430 0.192831
v 1.069090 0.120442 0.113290
v 1.069310 -0.050746 0.169880
v 1.070780 -0.058324 -0.085579
v 1.073560 -0.016956 0.193641
v 1.069620 0.102382 0.162447
v 1.069830 -0.004869 -0.112504
v 1.077850 0.046586 -0.107866
v 1.069820 -0.103117 0.087921
v 1.069870 0.020335 -0.115879
v 1.074320 -0.075336 -0.060985
v 1.072760 -0.040406 -0.099709
v 1.072220 0.043313 0.196154
v 1.070100 0.087613 -0.082451
v 1.070430 -0.043266 0.181099
v 1.073170 0.007765 0.201051
v 1.071480 0.109151 -0.025131
v 1.071950 0.110601 -0.004106
v 1.071260 0.089599 0.173184
v 1.071670 -0.077507 0.130993
v 1.071410 0.077273 0.182223
v 1.073210 0.060645 -0.102588
v 1.074690 0.020191 0.199463
v 1.071860 0.112998 0.023284
v 1.071990 0.005153 -0.113598
v 1.072650 0.101712 -0.054908
v 1.072800 0.116416 0.075727
v 1.072300 0.095139 -0.069594
v 1.074130 -0.030726 -0.104607
v 1.075760 0.029603 -0.113055
v 1.072650 0.106380 -0.037149
v 1.074550 0.116873 0.103230
v 1.073750 -0.045686 0.173997
v 1.073270 0.110486 0.142402
v 1.075360 -0.009981 0.196447
v 1.073640 0.113793 0.132286
v 1.074110 0.101956 0.156361
v 1.074480 0.113918 0.034171
v 1.078710 -0.010910 -0.111850
v 1.078830 -0.022235 0.187027
v 1.074240 -0.038748 0.179233
v 1.074720 0.061289 0.191636
v 1.075630 -0.109816 0.068113
v 1.076850 -0.094794 -0.035786
v 1.074620 0.019621 -0.114269
v 1.074680 -0.112232 0.043247
v 1.077960 0.036050 0.198245
v 1.078970 -0.115043 0.018839
v 1.081700 -0.103256 0.098562
v 1.075150 0.115477 0.118442
v 1.078570 0.003869 -0.114677
v 1.075620 0.000362 0.198977
v 1.075830 -0.055212 0.162219
v 1.075950 0.110303 0.005669
v 1.075940 0.088943 0.170333
v 1.077390 0.087398 -0.081366
v 1.076050 -0.018202 0.191674
v 1.078640 0.106753 -0.013144
v 1.078420 0.111041 0.027249
v 1.076980 0.075917 0.180384
v 1.077070 -0.059931 -0.082667
v 1.078980 -0.106801 -0.012764
v 1.077820 0.078032 -0.089750
v 1.077920 0.108533 0.140817
v 1.077970 0.115666 0.074676
v 1.078090 0.096824 -0.062526
v 1.078290 0.012114 0.199829
v 1.078470 0.111201 0.131891
v 1.081100 -0.078079 -0.060986
v 1.078680 0.100989 0.153756
v 1.079060 0.105208 -0.030334
v 1.086530 -0.101595 -0.028849
v 1.079490 -0.113201 0.006532
v 1.080300 0.102584 -0.040476
v 1.079520 0.089958 -0.075155
v 1.079610 0.050804 0.194171
v 1.081600 0.108000 0.016313
v 1.079950 -0.109355 0.078941
v 1.080130 -0.002381 0.192728
v 1.088810 -0.035493 0.179815
v 1.080090 -0.097627 0.108686
v 1.080360 0.057298 -0.102182
v 1.081300 0.070094 0.184460
v 1.084490 0.088954 0.169857
v 1.080700 0.115230 0.111793
v 1.083070 0.103947 0.006306
v 1.082860 0.115147 0.101902
v 1.081070 0.022396 0.196786
v 1.082790 0.037380 0.196962
v 1.081300 -0.106091 0.091751
v 1.082850 -0.034604 -0.102303
v 1.084900 -0.117159 0.029982
v 1.083810 0.110246 0.132738
v 1.088930 -0.028364 -0.105549
v 1.081930 0.093111 0.165916
v 1.081970 0.011963 0.195542
v 1.083440 0.112006 0.057588
v 1.082340 0.107704 0.033618
v 1.082210 0.114540 0.083541
v 1.083250 0.067991 -0.094562
v 1.082460 0.014609 -0.116051
v 1.082570 -0.057983 0.158893
v 1.082590 -0.049337 -0.092753
v 1.082890 -0.084181 0.130178
v 1.089620 -0.088248 -0.053039
v 1.085820 0.093814 -0.053647
v 1.083520 0.100754 -0.023766
v 1.084570 -0.046230 0.171885
v 1.088070 0.045332 0.192954
v 1.084550 0.107217 0.140771
v 1.083940 0.080621 -0.081340
v 1.086170 0.032170 0.195461
v 1.087730 0.056009 0.188700
v 1.086420 0.030159 -0.115197
v 1.084470 -0.061858 -0.081944
v 1.086050 -0.115409 0.052384
v 1.085230 0.088391 -0.068345
v 1.085280 0.017300 0.195808
v 1.085880 0.113027 0.094227
v 1.085420 0.101291 0.151486
v 1.087120 0.101255 0.033160
v 1.098280 -0.077064 -0.072387
v 1.085630 0.042600 -0.110992
v 1.094150 -0.010721 0.190946
v 1.087970 0.110363 0.123263
v 1.086230 0.097230 -0.037303
v 1.086440 0.100594 -0.003605
v 1.086160 0.101330 0.011723
v 1.088640 -0.095497 0.116454
v 1.091910 -0.114505 0.070074
v 1.088360 -0.113403 -0.001657
v 1.089460 0.095474 0.157380
v 1.087910 -0.040920 -0.099089
v 1.087980 0.108893 0.073204
v 1.088380 0.107097 0.059346
v 1.088160 0.103114 0.043480
v 1.089330 -0.117579 0.016338
v 1.089650 -0.051917 0.167142
v 1.089590 -0.063546 0.155712
v 1.089660 -0.054302 -0.090380
v 1.092080 0.081332 0.172275
v 1.090480 0.099542 0.031240
v 1.089960 -0.094895 -0.042556
v 1.090360 0.108509 0.089615
v 1.091750 0.108000 0.109337
v 1.093180 -0.006213 -0.113961
v 1.090540 0.070199 0.181287
v 1.090450 0.083006 -0.078161
v 1.091570 0.055680 -0.105404
v 1.094900 -0.021632 -0.109082
v 1.093690 -0.111330 0.085312
v 1.091390 -0.106929 -0.019798
v 1.095590 0.010656 0.196277
v 1.094730 0.087743 -0.068503
v 1.091790 0.100046 0.017052
v 1.093650 0.098754 0.146760
v 1.093230 0.106098 0.124088
v 1.096020 0.055611 0.191588
v 1.095350 -0.085347 0.133495
v 1.092290 0.100182 0.036877
v 1.092630 0.073531 -0.090618
v 1.093780 0.043572 -0.111635
v 1.098090 -0.072691 0.149823
v 1.093050 0.018638 -0.116870
v 1.095170 0.007077 -0.116414
v 1.098990 -0.064404 -0.086636
v 1.093160 -0.104924 0.102023
v 1.093870 0.106109 0.059535
v 1.095210 0.065586 -0.098102
v 1.094090 0.090818 0.160441
v 1.094520 -0.118619 0.035330
v 1.094990 0.039649 0.196130
v 1.094290 0.092966 -0.053788
v 1.094300 -0.113803 -0.003250
v 1.094900 -0.043612 0.175422
v 1.095140 0.026414 0.197591
v 1.097780 -0.117044 0.008533
v 1.096130 -0.025250 0.185971
v 1.100010 0.074344 0.181004
v 1.097350 0.077881 -0.084970
v 1.100650 -0.041373 -0.102300
v 1.103770 0.094089 -0.042302
v 1.099000 0.063173 0.188551
v 1.100610 -0.034809 0.182705
v 1.100460 -0.104870 -0.026468
v 1.105750 0.098546 0.003708
v 1.102970 -0.004084 -0.115510
v 1.103630 0.106991 0.110930
v 1.105480 -0.054906 -0.096586
v 1.102270 0.091470 0.161916
v 1.099310 -0.118921 0.023027
v 1.102300 0.101222 0.140847
v 1.101090 -0.114395 0.072770
v 1.105170 0.095908 -0.024985
v 1.100410 -0.091743 -0.051818
v 1.101240 -0.099476 0.113321
v 1.103290 -0.076033 0.147524
v 1.100350 -0.059657 0.164589
v 1.106090 0.046498 -0.110295
v 1.100810 0.085554 0.170231
v 1.102430 -0.089074 0.129981
v 1.101320 -0.105864 0.100857
v 1.112040 0.055689 -0.104457
v 1.101500 -0.110290 0.089144
v 1.102790 0.107589 0.093963
v 1.103120 0.012930 0.198559
v 1.103680 -0.118376 0.031843
v 1.102740 0.081223 -0.078498
v 1.102880 -0.017143 -0.112333
v 1.105070 0.031458 -0.115618
v 1.105290 0.105148 0.124176
v 1.104660 0.019586 -0.117133
v 1.104230 -0.115829 0.058701
v 1.108960 0.089239 -0.058365
v 1.108660 -0.006329 0.196640
v 1.110930 0.003787 -0.118196
v 1.104910 0.095416 0.154714
v 1.105640 -0.077050 -0.075375
v 1.105750 -0.111269 -0.011191
v 1.107080 -0.067664 -0.086411
v 1.110110 -0.104883 0.099780
v 1.111340 0.021843 0.201268
v 1.107430 0.046042 0.196754
v 1.110790 0.063526 0.189688
v 1.121010 0.095399 0.032228
v 1.108050 -0.117125 0.016359
v 1.111660 0.084551 0.171457
v 1.110760 -0.115050 0.005548
v 1.115090 -0.049629 0.177593
v 1.114040 -0.089648 0.127964
v 1.109130 -0.090062 -0.055719
v 1.110970 0.097701 0.039424
v 1.109560 -0.103815 -0.028334
v 1.109600 -0.082976 0.138656
v 1.112440 -0.053734 -0.099283
v 1.113980 0.066071 -0.095348
v 1.109870 0.106360 0.085129
v 1.114400 0.103517 0.064068
v 1.112620 -0.034605 -0.109081
v 1.110170 -0.112063 0.074735
v 1.112730 -0.108163 0.088464
v 1.112940 -0.058595 0.168880
v 1.117800 0.102567 0.130908
v 1.110850 0.073215 0.182774
v 1.110880 -0.041181 0.182513
v 1.112740 -0.113069 0.048826
v 1.119950 -0.062608 0.165694
v 1.111170 0.101833 0.052420
v 1.113430 -0.099446 0.110675
v 1.117330 -0.022960 -0.113960
v 1.112510 -0.114497 0.041914
v 1.119830 0.034373 -0.115264
v 1.119270 0.033780 0.202231
v 1.113700 -0.110887 -0.009235
v 1.119910 -0.073049 -0.082005
v 1.113880 0.090855 0.161528
v 1.113980 -0.080791 -0.071354
v 1.114280 0.084440 -0.068076
v 1.114400 0.096240 0.027227
v 1.115330 -0.093997 -0.047447
v 1.120890 -0.010468 -0.117485
v 1.114810 0.073376 -0.086789
v 1.117230 -0.108890 0.062223
v 1.119570 0.080159 -0.075489
v 1.116010 0.097791 0.008911
v 1.122290 0.097004 0.017052
v 1.121100 -0.018190 0.196370
v 1.116960 0.091292 -0.047267
v 1.121790 0.095242 0.152066
v 1.124590 -0.112750 0.015069
v 1.122060 -0.031351 0.190769
v 1.118520 0.010573 0.202747
v 1.127850 0.104788 0.102916
v 1.118030 0.094010 -0.031782
v 1.118030 -0.108007 0.079425
v 1.118050 -0.102502 -0.028982
v 1.120510 0.006160 -0.119374
v 1.122150 0.045721 0.199904
v 1.119080 -0.062517 -0.092952
v 1.119420 -0.083498 -0.066409
v 1.120040 -0.045631 -0.104886
v 1.120110 -0.104841 0.052402
v 1.120710 -0.074278 0.149953
v 1.120810 -0.111523 -0.002000
v 1.121760 -0.006475 0.200268
v 1.126020 -0.098941 0.048354
v 1.124620 0.018229 -0.118801
v 1.136290 0.075323 -0.081765
v 1.129920 -0.093294 0.116822
v 1.125610 -0.028111 -0.112782
v 1.124810 -0.055049 -0.098745
v 1.122750 0.077444 0.180380
v 1.123090 0.061828 0.192847
v 1.126590 -0.040518 0.185567
v 1.123190 -0.105779 0.077948
v 1.127720 0.087765 -0.056063
v 1.124590 -0.104002 0.067701
v 1.125030 0.096059 -0.009263
v 1.123960 -0.099375 0.053790
v 1.126020 -0.100732 0.101334
v 1.138550 0.062008 -0.097559
v 1.124730 -0.049137 0.179325
v 1.126180 -0.092128 -0.046419
v 1.129030 0.100600 0.135783
v 1.125440 -0.104098 0.090022
v 1.125480 -0.106278 0.040048
v 1.128940 0.019006 0.204821
v 1.126710 -0.098623 0.051895
v 1.126200 -0.110480 0.029192
v 1.127670 -0.081335 -0.067634
v 1.126440 -0.104894 0.072791
v 1.131680 0.007625 -0.119180
v 1.137110 0.094436 0.025652
v 1.127000 -0.105647 -0.016087
v 1.133260 0.085217 0.171930
v 1.130480 -0.015163 -0.116449
v 1.137190 -0.071612 -0.079065
v 1.128010 0.103995 0.118774
v 1.129490 -0.063996 -0.089932
v 1.129010 -0.013700 0.199173
v 1.130290 0.097198 0.004659
v 1.129210 0.099908 0.051701
v 1.131660 -0.105414 0.079165
v 1.130480 0.068545 0.189105
v 1.132710 0.004730 0.204135
v 1.129680 -0.111646 0.021621
v 1.131680 0.101873 0.075513
v 1.132530 -0.035425 -0.109597
v 1.130260 -0.108490 0.035961
v 1.135290 -0.018963 0.197395
v 1.130510 0.101429 0.062903
v 1.132480 -0.104970 0.050756
v 1.130740 -0.005933 -0.118348
v 1.131030 0.037430 0.203117
v 1.132140 0.053038 -0.105467
v 1.131150 -0.105085 0.062645
v 1.132400 0.093452 -0.030752
v 1.140210 -0.053778 0.173552
v 1.131700 -0.110873 0.004639
v 1.134450 -0.062673 0.163772
v 1.131940 0.040811 -0.112443
v 1.132200 0.084001 -0.065884
v 1.132670 0.097390 0.146392
v 1.133220 0.059410 0.195301
v 1.136460 -0.069463 0.153149
v 1.139270 -0.106664 -0.007548
v 1.135060 0.094462 0.035932
v 1.133970 0.025764 -0.116964
v 1.140930 0.080665 0.178080
v 1.142790 -0.087900 -0.043529
v 1.134720 -0.100556 -0.023536
v 1.135430 -0.080802 0.134739
v 1.134860 -0.106865 0.047175
v 1.139860 -0.003222 0.202884
v 1.135180 -0.055613 -0.096359
v 1.135190 -0.029673 0.192385
v 1.139360 -0.024219 -0.113035
v 1.136130 -0.045321 -0.103733
v 1.136270 -0.047458 0.179959
v 1.138040 -0.106720 0.060423
v 1.136850 0.047584 0.200401
v 1.137220 -0.111872 0.017229
v 1.144230 0.103721 0.121779
v 1.143240 -0.099733 0.101441
v 1.143740 -0.061399 -0.088536
v 1.139700 0.092186 0.160381
v 1.141230 0.070178 -0.088478
v 1.141230 0.102204 0.080603
v 1.140410 0.027913 0.204612
v 1.147430 -0.088110 0.121110
v 1.140400 0.104321 0.104066
v 1.147940 0.082730 -0.067951
v 1.140720 0.090015 -0.047252
v 1.141180 0.097187 0.011751
v 1.141300 0.040970 0.202148
v 1.145920 0.075029 0.183356
v 1.145190 -0.048611 -0.099282
v 1.141720 0.017948 0.205322
v 1.142690 0.002760 -0.117497
v 1.148950 0.088812 -0.052784
v 1.141870 0.063136 0.192654
v 1.141960 -0.035232 0.188569
v 1.142820 -0.104440 0.086777
v 1.143460 0.057168 0.195907
v 1.142160 0.101116 0.058430
v 1.146010 -0.009233 -0.115629
v 1.144960 -0.077316 0.137800
v 1.143240 -0.110352 0.039221
v 1.142630 0.017660 -0.117174
v 1.153160 0.100488 0.052924
v 1.147140 -0.033169 -0.107831
v 1.143160 0.048114 -0.107076
v 1.144210 -0.098975 -0.021986
v 1.143550 0.100896 0.136788
v 1.151060 -0.079235 -0.058963
v 1.154010 0.094335 -0.028733
v 1.147030 -0.018633 -0.113432
v 1.145930 -0.106555 0.077848
v 1.147890 -0.018438 0.197007
v 1.146000 0.086884 0.169577
v 1.146210 -0.109546 0.002867
v 1.149120 0.003626 0.203336
v 1.157720 0.094873 0.038159
v 1.146530 -0.008649 0.200990
v 1.149580 0.030715 -0.113114
v 1.153850 -0.102890 -0.013816
v 1.154750 -0.067264 0.152865
v 1.152440 -0.112014 0.014933
v 1.148920 0.042995 0.200491
v 1.149710 -0.095436 0.109715
v 1.155720 -0.044615 0.178389
v 1.150870 0.096052 0.017989
v 1.156200 -0.110994 0.056505
v 1.157840 0.102899 0.130636
v 1.152510 0.019187 -0.114896
v 1.151650 0.042666 -0.108354
v 1.150480 -0.112366 0.029107
v 1.162600 0.098803 0.046447
v 1.151550 0.069692 0.186577
v 1.154020 -0.055977 -0.089248
v 1.151270 0.052070 0.196727
v 1.151960 0.092714 0.158894
v 1.159400 -0.063736 -0.078485
v 1.153560 -0.089036 -0.035793
v 1.153750 0.104134 0.092640
v 1.153660 0.056971 -0.099557
v 1.158000 -0.032654 -0.104731
v 1.155520 0.098238 0.145691
v 1.156670 -0.104575 0.091598
v 1.159590 -0.023723 0.191846
v 1.158950 -0.079743 0.131834
v 1.164640 -0.077482 -0.056110
v 1.154980 0.001497 -0.114729
v 1.157050 0.027562 0.201831
v 1.155110 0.084970 0.170518
v 1.155390 -0.036269 0.184892
v 1.163120 0.092061 -0.043870
v 1.155290 0.104997 0.109373
v 1.156240 0.071461 -0.085325
v 1.166070 -0.101938 0.100004
v 1.159470 -0.043230 -0.097826
v 1.155860 0.009049 0.202921
v 1.160370 -0.109901 0.072428
v 1.156230 0.096644 -0.015025
v 1.160360 0.103073 0.066730
v 1.158470 -0.011445 0.197699
v 1.159930 0.056103 0.192294
v 1.160770 -0.055700 0.165877
v 1.157940 0.043957 0.198004
v 1.158080 0.098204 0.003204
v 1.159170 -0.062394 0.158884
v 1.158580 -0.107693 -0.003227
v 1.161670 0.067382 0.185092
v 1.167590 0.089733 -0.054100
v 1.160500 0.077660 0.177082
v 1.159790 -0.072195 -0.067453
v 1.162710 0.091876 0.158090
v 1.170320 -0.093353 0.114110
v 1.166160 0.000687 0.199181
v 1.160810 -0.091981 -0.029773
v 1.166960 -0.110366 0.003835
v 1.161330 0.065970 -0.090118
v 1.161810 0.049347 -0.102687
v 1.163940 -0.020407 -0.108065
v 1.172250 -0.075610 0.135280
v 1.170020 0.007952 -0.111051
v 1.167730 -0.095703 -0.024160
v 1.172660 0.081716 -0.068933
v 1.168650 -0.113631 0.026397
v 1.163530 0.085780 -0.062509
v 1.165740 -0.108283 0.082028
v 1.171330 0.035359 -0.106036
v 1.167620 -0.051316 0.167661
v 1.166220 0.013284 0.200346
v 1.168480 0.042049 0.195194
v 1.167810 -0.103175 -0.013103
v 1.169020 -0.113258 0.041033
v 1.167030 -0.045136 -0.092938
v 1.168380 -0.056483 -0.081939
v 1.166300 0.105549 0.089812
v 1.169820 -0.008749 -0.109565
v 1.166870 -0.033684 0.183041
v 1.178110 0.098040 0.141911
v 1.181850 0.000697 -0.107221
v 1.170860 -0.080542 -0.048546
v 1.171660 -0.112291 0.056779
v 1.169280 0.093163 0.031424
v 1.168950 0.097780 0.013824
v 1.168560 -0.070058 -0.065417
v 1.168610 0.099073 -0.004480
v 1.169380 -0.008902 0.195500
v 1.170530 -0.023437 -0.104289
v 1.179830 0.105893 0.119836
v 1.169970 -0.018977 0.190839
v 1.169090 0.021096 -0.110386
v 1.180550 0.086264 0.160521
v 1.178550 -0.082584 -0.043565
v 1.173750 -0.111177 0.070178
v 1.174430 -0.031755 -0.098809
v 1.176070 0.107147 0.108811
v 1.177110 -0.043830 0.170420
v 1.178440 0.042167 -0.101585
v 1.171030 0.072447 -0.081284
v 1.171070 0.097993 -0.019066
v 1.171620 0.028697 0.197501
v 1.175930 0.099905 0.004447
v 1.171910 0.055789 0.188783
v 1.171920 0.056933 -0.094937
v 1.171990 0.103421 0.057544
v 1.172110 0.093936 0.026942
v 1.172140 -0.062754 0.153360
v 1.178140 -0.106788 0.090819
v 1.179360 -0.063495 -0.069060
v 1.174660 0.095718 -0.036736
v 1.176790 0.106664 0.071305
v 1.178100 -0.041131 -0.091017
v 1.174490 -0.106275 -0.008128
v 1.177980 -0.014658 -0.105723
v 1.178610 -0.079607 0.129800
v 1.176530 0.022304 -0.107723
v 1.187900 0.096572 -0.041155
v 1.178920 0.107991 0.088544
v 1.175970 -0.112981 0.011794
v 1.175820 -0.050627 -0.084448
v 1.177130 0.039232 0.193718
v 1.180990 0.013040 0.195460
v 1.177290 -0.088930 -0.034023
v 1.181670 -0.096774 0.110487
v 1.177950 -0.074443 -0.057046
v 1.178050 0.103405 0.129036
v 1.187490 0.060949 0.180715
v 1.184510 0.021777 0.194046
v 1.183620 0.088207 -0.058663
v 1.188200 0.072838 0.171532
v 1.179260 -0.031393 0.179316
v 1.198350 0.097572 0.038177
v 1.179110 -0.070160 0.141496
v 1.189380 -0.113356 0.044203
v 1.182990 -0.057900 0.154771
v 1.179720 0.052428 -0.095737
v 1.198030 0.105158 0.052451
v 1.180620 -0.109298 0.083235
v 1.182490 -0.049089 -0.082339
v 1.181170 0.066050 -0.085991
v 1.182350 -0.009783 -0.104956
v 1.185830 -0.059482 -0.071146
v 1.183890 0.012871 -0.106866
v 1.190080 0.082645 -0.067246
v 1.183150 -0.090493 0.118126
v 1.186450 -0.031315 -0.094157
v 1.184040 -0.100102 -0.021500
v 1.185730 -0.090977 -0.033353
v 1.187110 -0.075077 -0.054683
v 1.184830 -0.111792 0.001021
v 1.185030 -0.022430 -0.099510
v 1.185130 -0.103238 0.100674
v 1.185240 0.046160 0.188808
v 1.196490 0.102130 0.007222
v 1.193960 0.101503 -0.024423
v 1.185710 -0.018889 0.184552
v 1.188690 -0.070865 0.139794
v 1.186940 -0.107132 -0.011528
v 1.191570 0.074336 -0.077428
v 1.190100 -0.083129 -0.045177
v 1.196940 0.095755 0.029702
v 1.194910 0.026628 -0.103654
v 1.188340 -0.112809 0.067219
v 1.191850 -0.042704 -0.084653
v 1.197320 0.000679 0.187830
v 1.190960 -0.069941 -0.061956
v 1.190750 -0.023150 -0.097555
v 1.189900 0.103993 0.126532
v 1.190090 -0.035923 0.171461
v 1.190100 -0.115064 0.012271
v 1.191360 0.092455 -0.051562
v 1.192200 -0.007290 -0.103096
v 1.194270 -0.077411 0.133509
v 1.190840 -0.092424 0.117294
v 1.191040 -0.115654 0.018678
v 1.197310 0.103471 -0.005778
v 1.197040 0.012621 0.189792
v 1.191270 0.084732 0.158728
v 1.191290 -0.052056 0.158220
v 1.191630 -0.025052 0.178591
v 1.193670 -0.100639 0.107853
v 1.191890 -0.053232 -0.077038
v 1.192360 0.066292 -0.084586
v 1.192370 0.089286 0.152744
v 1.196580 0.055812 0.181358
v 1.192730 0.055846 -0.091707
v 1.196300 0.007990 -0.104520
v 1.193010 -0.011548 0.185206
v 1.198840 0.100120 0.017157
v 1.193190 0.110275 0.096329
v 1.193480 0.096443 0.141934
v 1.193600 -0.115334 0.029576
v 1.202690 0.112320 0.085489
v 1.194860 -0.060153 0.151066
v 1.195560 -0.110163 0.088634
v 1.195050 -0.037682 -0.088537
v 1.199540 -0.113935 0.077602
v 1.200100 -0.114506 0.049954
v 1.195730 -0.105569 0.099954
v 1.202570 -0.115418 -0.004779
v 1.197480 0.075602 0.167035
v 1.197780 -0.114446 0.064135
v 1.196330 0.047186 -0.096420
v 1.209030 0.105356 -0.016398
v 1.200380 -0.064386 -0.071125
v 1.196770 -0.035706 0.170348
v 1.196880 0.095653 0.033737
v 1.197920 -0.051538 0.158698
v 1.198500 0.033618 0.188125
v 1.199680 0.084578 -0.066463
v 1.206100 0.111876 0.071670
v 1.204810 -0.113197 -0.013463
v 1.200760 0.100503 -0.034713
v 1.198340 0.037174 -0.100385
v 1.198720 -0.096483 0.115765
v 1.199370 0.106433 0.121869
v 1.199130 0.068675 0.172781
v 1.199200 0.109542 0.110039
v 1.202140 -0.043994 -0.085899
v 1.199280 0.023514 0.189277
v 1.200030 -0.034036 -0.091026
v 1.200470 0.085011 0.157741
v 1.202500 -0.079816 0.134611
v 1.200640 0.091879 0.149466
v 1.200440 -0.018720 -0.097696
v 1.200550 0.045847 0.184740
v 1.203570 -0.007034 -0.100658
v 1.204180 0.110256 0.064589
v 1.202650 0.065158 -0.086195
v 1.202320 -0.013834 0.182570
v 1.204140 0.076791 -0.077068
v 1.203120 -0.039535 0.168060
v 1.204600 0.098651 0.140689
v 1.202110 -0.092037 0.123264
v 1.206690 -0.115957 0.040652
v 1.203500 -0.027106 0.175991
v 1.209440 -0.119043 0.001827
v 1.203280 0.091981 -0.056224
v 1.207130 0.001619 -0.101868
v 1.204090 -0.109949 -0.020061
v 1.204230 0.102798 0.132745
v 1.204580 0.012784 0.188556
v 1.208660 -0.011167 0.183852
v 1.206520 -0.103311 -0.031577
v 1.210380 -0.114176 0.090713
v 1.211300 -0.069326 0.149464
v 1.205620 -0.074004 -0.065651
v 1.206350 0.053579 -0.093761
v 1.214720 0.114901 0.094344
v 1.206490 -0.080013 -0.059769
v 1.206600 0.018054 -0.103326
v 1.211590 0.029398 -0.102280
v 1.210130 -0.048087 -0.086282
v 1.207600 0.067527 0.173734
v 1.207540 -0.032482 -0.092980
v 1.207680 0.098914 -0.043445
v 1.207870 0.057874 0.179432
v 1.209710 -0.094422 -0.042886
v 1.208110 0.046967 0.183755
v 1.210520 -0.061957 -0.077008
v 1.216930 0.107950 0.051206
v 1.209820 -0.015840 -0.099124
v 1.215940 -0.109157 0.107717
v 1.212190 -0.119591 0.025958
v 1.210490 -0.048550 0.164015
v 1.209070 0.041899 -0.098805
v 1.210940 0.035594 0.186515
v 1.219580 -0.103563 0.119855
v 1.209960 0.000480 0.187351
v 1.210750 0.009595 0.188589
v 1.219300 0.100380 0.035480
v 1.216670 0.023283 0.189009
v 1.211060 0.072986 -0.082475
v 1.218640 -0.111364 -0.026494
v 1.217890 -0.034108 -0.095520
v 1.216580 0.100037 0.027779
v 1.213160 -0.025927 0.178264
v 1.221530 -0.094964 0.131589
v 1.220500 0.091483 -0.065740
v 1.221640 0.116171 0.077298
v 1.218120 0.085626 -0.072410
v 1.224970 0.106763 -0.029276
v 1.219360 0.114481 0.105904
v 1.216330 -0.071389 -0.071262
v 1.221380 0.055252 0.181880
v 1.219840 0.063740 -0.090767
v 1.217990 -0.088375 -0.054575
v 1.226160 0.114490 0.064120
v 1.222370 -0.054383 -0.085994
v 1.222720 0.081869 0.165196
v 1.217710 -0.004039 -0.102739
v 1.218240 0.104461 0.013740
v 1.218420 0.011507 -0.103568
v 1.223080 -0.119403 0.085849
v 1.223120 0.077757 -0.081593
v 1.223820 -0.017684 -0.102245
v 1.219680 0.055102 -0.095090
v 1.226050 0.101518 -0.049319
v 1.220020 0.033559 -0.101824
v 1.220520 -0.116972 -0.016349
v 1.220520 0.069033 0.174476
v 1.223950 0.104322 -0.039240
v 1.225710 0.044857 -0.099917
v 1.225700 -0.020079 0.184097
v 1.227440 -0.121871 0.063560
v 1.228690 0.014735 0.192128
v 1.222780 -0.026077 -0.099465
v 1.228880 -0.104795 -0.039250
v 1.234530 0.108221 0.008018
v 1.231710 0.101693 0.031930
v 1.226380 -0.000772 0.190104
v 1.221960 -0.118851 0.042401
v 1.222020 0.112708 0.117316
v 1.222260 -0.009593 0.187320
v 1.223370 0.017710 -0.104761
v 1.222670 0.116961 0.085751
v 1.238020 -0.121980 0.047982
v 1.222950 -0.114568 0.101276
v 1.223990 -0.084123 0.142620
v 1.227300 0.096128 -0.060791
v 1.224210 -0.122913 0.017647
v 1.226770 -0.033507 0.178019
v 1.226640 -0.041573 -0.093982
v 1.224140 -0.121364 0.075818
v 1.224340 -0.122948 0.005800
v 1.229020 0.096778 0.151421
v 1.227430 0.006201 -0.105956
v 1.226520 -0.121287 -0.006680
v 1.227780 -0.051196 0.168530
v 1.225070 -0.063422 0.159748
v 1.227910 -0.069114 -0.076148
v 1.235740 0.025642 -0.106781
v 1.237160 0.112495 0.054677
v 1.228750 -0.116832 -0.020912
v 1.228330 0.043225 0.187458
v 1.230160 -0.035694 -0.097817
v 1.231130 -0.100580 0.129114
v 1.233530 -0.011397 -0.105582
v 1.230260 -0.110137 0.114494
v 1.230230 0.111680 0.125518
v 1.230880 -0.086807 -0.060617
v 1.247580 0.103939 0.026541
v 1.238240 -0.061456 0.164752
v 1.234400 -0.075965 0.152946
v 1.242410 0.083198 -0.080974
v 1.230210 0.106151 0.137661
v 1.241590 0.119540 0.096258
v 1.250180 0.056821 0.188098
v 1.233240 -0.049805 -0.091292
v 1.242420 0.107540 0.014748
v 1.241560 -0.120024 0.096969
v 1.243500 0.068028 0.180376
v 1.233660 0.091647 -0.069508
v 1.234150 -0.115847 0.104830
v 1.233990 -0.122775 0.080750
v 1.235200 -0.109639 -0.034575
v 1.241070 0.104989 0.040419
v 1.243650 -0.097991 -0.053104
v 1.234340 0.007650 0.192728
v 1.240650 0.086659 0.165555
v 1.239400 0.032482 0.192938
v 1.239220 0.051792 -0.100153
v 1.243310 -0.066511 -0.081112
v 1.240890 -0.092502 0.140701
v 1.236140 -0.124555 0.015496
v 1.239570 0.117904 0.072878
v 1.238930 0.119019 0.083678
v 1.238250 -0.104969 0.125462
v 1.248890 0.117753 0.117187
v 1.241230 -0.043833 -0.095839
v 1.240860 -0.120820 -0.014344
v 1.240010 0.075000 -0.087303
v 1.243580 -0.090441 -0.061754
v 1.246230 -0.123283 0.041978
v 1.247620 -0.055058 -0.090565
v 1.241090 0.109817 -0.026892
v 1.241650 -0.124294 0.076371
v 1.239540 -0.016700 0.187817
v 1.239690 0.047734 0.189204
v 1.239920 -0.002169 -0.108039
v 1.240140 0.110899 -0.009767
v 1.242550 0.077277 0.174177
v 1.240250 0.109996 0.049107
v 1.241890 0.065094 -0.094159
v 1.241740 -0.022843 -0.103993
v 1.245520 -0.030499 -0.101873
v 1.248860 -0.037716 0.181147
v 1.249580 -0.010094 0.191035
v 1.241970 -0.078791 -0.071382
v 1.247570 0.103166 0.147502
v 1.243400 -0.028868 0.184064
v 1.242460 -0.124253 0.062028
v 1.247490 0.103464 -0.053815
v 1.243840 -0.070055 0.161040
v 1.246850 0.024786 0.194707
v 1.243140 0.111216 -0.017173
v 1.252680 0.095190 0.159876
v 1.244760 0.116513 0.064178
v 1.243960 -0.112330 0.115362
v 1.244780 -0.125256 0.008408
v 1.244790 -0.122917 0.087457
v 1.251600 0.043941 -0.106300
v 1.247930 0.103746 0.035772
v 1.246630 0.009301 -0.110470
v 1.245940 0.119024 0.108306
v 1.249440 -0.009794 -0.108789
v 1.250300 0.012960 0.194808
v 1.247520 -0.083119 0.152295
v 1.259420 0.098143 -0.067657
v 1.249160 0.000008 0.193172
v 1.247650 -0.125210 0.023854
v 1.256400 0.091345 -0.076042
v 1.247530 -0.124072 -0.003009
v 1.251240 0.111789 0.001075
v 1.252610 0.114485 0.128673
v 1.257680 0.109802 0.139529
v 1.256120 -0.052945 0.174622
v 1.252340 -0.083455 -0.072269
v 1.252030 -0.113690 -0.031930
v 1.254640 -0.102225 -0.051175
v 1.252300 -0.040057 -0.099436
v 1.254280 -0.118722 -0.021365
v 1.253260 0.035065 0.194850
v 1.252120 -0.111410 0.116514
v 1.254690 0.022857 -0.111665
v 1.251550 -0.100572 0.133703
v 1.251450 -0.125199 0.069646
v 1.252210 -0.090562 0.146781
v 1.258570 0.108710 -0.045565
v 1.255700 0.053985 -0.103606
v 1.257660 -0.124485 0.080275
v 1.253490 -0.116509 0.106044
v 1.256190 -0.092675 -0.064140
v 1.266660 0.111170 0.014765
v 1.257840 0.035948 -0.110472
v 1.255070 -0.025450 -0.105530
v 1.254980 0.103995 0.030788
v 1.257090 0.111393 0.008501
v 1.260310 -0.121997 -0.012778
v 1.267690 0.116171 0.056027
v 1.263180 -0.125362 0.058459
v 1.261790 0.072529 -0.094515
v 1.260310 0.061411 -0.101168
v 1.263150 -0.105663 -0.047793
v 1.265060 0.046627 0.195153
v 1.257220 -0.048365 -0.096069
v 1.266460 0.121898 0.077150
v 1.263300 -0.057235 -0.092759
v 1.260810 -0.009597 -0.109962
v 1.266690 -0.122947 0.086902
v 1.261760 0.006529 -0.112853
v 1.262690 0.063498 0.188268
v 1.263560 0.020499 -0.113976
v 1.261560 0.112810 -0.029189
v 1.262100 0.084820 0.173493
v 1.259300 -0.106960 0.122814
v 1.258190 0.113397 -0.011720
v 1.266370 -0.094712 0.143811
v 1.262630 0.021311 0.196819
v 1.261970 -0.035254 -0.102428
v 1.260750 -0.079444 0.160026
v 1.262920 -0.070327 0.166862
v 1.261660 -0.002479 0.193767
v 1.262960 -0.023604 0.189192
v 1.261220 0.109263 0.043264
v 1.266730 -0.068472 -0.086494
v 1.267920 -0.047073 -0.098422
v 1.261920 -0.117952 0.100992
v 1.261770 0.118898 0.120865
v 1.268970 -0.125439 0.000715
v 1.265220 0.082569 -0.087298
v 1.264450 -0.056409 0.175283
v 1.265610 -0.125991 0.024384
v 1.271740 0.055436 0.194111
v 1.270560 0.113229 -0.037460
v 1.264940 -0.113446 -0.034896
v 1.268800 -0.125005 0.041202
v 1.275630 -0.036449 0.186529
v 1.269040 -0.086236 0.155189
v 1.266800 -0.101635 0.132328
v 1.268360 0.107777 0.025653
v 1.266950 -0.023189 -0.107614
v 1.275000 0.099327 0.161600
v 1.271360 0.036382 0.198150
v 1.273780 0.015302 0.198244
v 1.275370 -0.077151 -0.082128
v 1.267840 0.074159 0.183370
v 1.271210 -0.126810 0.014916
v 1.274190 0.086403 -0.085487
v 1.270030 0.119534 0.065581
v 1.285930 0.115867 0.007658
v 1.272380 0.124210 0.106696
v 1.273060 0.105849 -0.058296
v 1.285280 0.127235 0.091969
v 1.271370 -0.009115 0.193694
v 1.269460 0.124025 0.088871
v 1.271110 0.034434 -0.114746
v 1.270000 -0.096435 -0.063284
v 1.271750 -0.120119 0.095663
v 1.270410 -0.125584 0.074244
v 1.274080 -0.085924 -0.074791
v 1.271960 -0.015496 -0.111093
v 1.274360 -0.063615 -0.090475
v 1.270740 0.014653 -0.115895
v 1.271140 -0.118979 -0.024541
v 1.272180 0.108755 0.038007
v 1.271960 -0.123445 -0.011948
v 1.276510 -0.107864 0.122412
v 1.277400 0.051095 -0.111240
v 1.274360 -0.032398 -0.106321
v 1.287190 0.118375 -0.019158
v 1.277150 0.118075 0.128818
v 1.273270 0.092991 0.168439
v 1.284500 -0.127983 0.058274
v 1.276340 0.002062 -0.116022
v 1.274670 -0.113730 -0.038039
v 1.274090 0.105561 0.151944
v 1.277070 0.095694 -0.075045
v 1.275050 0.023446 -0.117492
v 1.280300 -0.093783 -0.067983
v 1.276870 -0.058183 -0.094672
v 1.276120 -0.105602 -0.052651
v 1.286030 0.125654 0.110238
v 1.276140 -0.101638 0.134418
v 1.276660 -0.075823 0.166159
v 1.282810 0.118175 0.055389
v 1.281960 -0.043338 -0.102604
v 1.283090 -0.017837 0.193460
v 1.287240 0.111549 0.145397
v 1.287980 -0.014222 -0.114344
v 1.292610 0.127530 0.082620
v 1.287720 0.065005 0.194865
v 1.285200 -0.056863 0.179736
v 1.281140 0.015963 -0.119440
v 1.295270 -0.128116 0.038651
v 1.284440 -0.111510 0.118949
v 1.290920 0.054869 -0.113362
v 1.282460 -0.117156 0.105144
v 1.281070 -0.125902 0.078209
v 1.289470 -0.122685 0.090739
v 1.283830 -0.078355 -0.081972
v 1.282360 -0.087428 0.156156
v 1.284990 -0.095041 0.147621
v 1.289230 0.085819 0.181011
v 1.282970 0.112296 -0.047561
v 1.289230 -0.111255 -0.049022
v 1.292010 0.118248 -0.005395
v 1.283690 0.013201 0.200210
v 1.285470 -0.102830 -0.059010
v 1.287180 0.025947 0.202505
v 1.291500 0.122710 0.121228
v 1.284260 0.100546 -0.069687
v 1.292120 0.037172 0.203837
v 1.293930 0.068487 -0.105497
v 1.286280 -0.124500 -0.018259
v 1.288220 0.075886 0.188541
v 1.287320 0.000692 -0.118895
v 1.289750 0.111700 0.026598
v 1.286400 -0.126680 -0.008282
v 1.291610 -0.028803 -0.109749
v 1.294010 0.116422 -0.040665
v 1.292630 -0.069244 0.174206
v 1.291810 -0.054410 -0.099834
v 1.300260 -0.124967 -0.028703
v 1.289050 -0.038480 0.188333
v 1.289430 -0.127930 0.000171
v 1.288840 -0.063606 -0.093557
v 1.292240 -0.127857 0.047675
v 1.288650 -0.127665 0.069624
v 1.294720 0.048255 0.202875
v 1.290990 0.128066 0.098512
v 1.291190 -0.083195 0.162146
v 1.289970 -0.088851 -0.074711
v 1.295160 -0.119350 0.103184
v 1.293040 -0.001470 -0.120240
v 1.298830 0.114204 0.039257
v 1.300200 0.112390 -0.051448
v 1.296440 -0.120639 -0.037026
v 1.293160 -0.074228 -0.087663
v 1.300710 0.031775 -0.125395
v 1.294980 -0.050685 0.185380
v 1.295330 -0.045193 -0.105380
v 1.298760 -0.106518 0.136584
v 1.295050 -0.093225 0.152227
v 1.294920 -0.026058 0.193608
v 1.294630 -0.011594 0.196449
v 1.297680 0.015088 0.203847
v 1.298690 0.093239 -0.082049
v 1.298830 0.022520 -0.125855
v 1.294630 0.094075 0.174640
v 1.298540 0.119943 -0.029153
v 1.293580 -0.128753 0.022101
v 1.293740 0.111956 0.031804
v 1.296050 -0.026846 -0.112330
v 1.299690 0.059406 0.200789
v 1.299820 0.039825 -0.122990
v 1.294830 0.087144 -0.088980
v 1.298800 -0.062153 0.179878
v 1.296380 -0.011316 -0.117658
v 1.302320 0.006053 -0.125269
v 1.295990 0.125709 0.071245
v 1.300880 -0.063649 -0.096627
v 1.299170 0.081319 -0.095653
v 1.299660 -0.117661 -0.044579
v 1.302910 -0.111444 0.129754
v 1.304000 -0.128379 -0.018004
v 1.303280 -0.109285 -0.058508
v 1.302810 -0.084927 0.162962
v 1.309670 0.104046 0.166034
v 1.311490 -0.101600 -0.069088
v 1.299310 -0.129064 0.006299
v 1.299360 -0.126918 0.070909
v 1.310500 0.129280 0.105132
v 1.304500 0.041337 0.206827
v 1.300740 0.026749 0.206144
v 1.304520 -0.128026 0.050668
v 1.303280 0.102419 -0.069078
v 1.311720 0.017561 -0.129690
v 1.306670 -0.098220 0.151589
v 1.302270 -0.043724 0.190076
v 1.305760 -0.040812 -0.109038
v 1.307430 0.072422 -0.105882
v 1.303060 -0.029591 0.194580
v 1.309670 -0.027862 -0.114738
v 1.314980 0.115514 0.145990
v 1.309790 0.119084 0.004277
v 1.307230 -0.054032 -0.102861
v 1.305640 -0.072383 0.173416
v 1.309410 0.000081 0.202942
v 1.308360 -0.128708 0.024504
v 1.305040 0.121027 -0.014264
v 1.312930 -0.086234 -0.082058
v 1.306510 0.071605 0.196531
v 1.307410 -0.120565 0.104555
v 1.307470 -0.104744 0.143697
v 1.306510 -0.124405 0.081085
v 1.312890 0.047662 -0.124116
v 1.306840 -0.002703 -0.124204
v 1.306730 -0.116970 0.118335
v 1.308800 -0.054293 0.185345
v 1.316200 0.118656 -0.041717
v 1.311330 0.091288 0.182137
v 1.314580 0.089821 -0.088723
v 1.315210 0.083076 0.191027
v 1.314980 -0.083075 0.169195
v 1.315170 0.033703 0.209780
v 1.317420 0.018914 0.209136
v 1.318740 0.122545 -0.031113
v 1.309780 0.125599 0.063611
v 1.312140 0.004098 -0.127214
v 1.310510 -0.038068 0.192844
v 1.317180 0.027294 -0.131210
v 1.310160 -0.115418 0.127835
v 1.320720 0.054636 0.208505
v 1.318460 0.062633 -0.116918
v 1.310770 -0.025853 0.196785
v 1.310960 -0.063070 0.180509
v 1.314710 0.040166 -0.127776
v 1.317000 -0.072929 -0.091961
v 1.316760 0.080987 -0.099705
v 1.313150 0.055097 -0.120554
v 1.316640 -0.050925 -0.104855
v 1.314260 -0.035815 -0.112227
v 1.314010 0.127598 0.113798
v 1.318880 0.096366 0.178656
v 1.314310 0.131309 0.088962
v 1.316070 0.111545 -0.055052
v 1.318110 0.123574 -0.023169
v 1.315410 0.130235 0.077127
v 1.317760 -0.015240 -0.121079
v 1.320300 0.097191 -0.078398
v 1.327780 0.132516 0.092653
v 1.330850 0.117907 0.027094
v 1.321340 -0.029484 -0.114453
v 1.318970 -0.064358 0.181561
v 1.319730 0.001864 0.205207
v 1.318710 0.121951 -0.002533
v 1.319490 0.110867 0.156950
v 1.318070 0.116962 0.017584
v 1.320390 -0.002462 -0.126899
v 1.325920 0.040174 0.212815
v 1.332400 0.075976 0.201831
v 1.321860 0.011050 -0.131264
v 1.321110 -0.055404 0.185831
v 1.323680 -0.015574 0.199964
v 1.321500 0.125285 0.122811
v 1.321830 0.118751 0.042052
v 1.326400 0.050665 -0.126599
v 1.325050 -0.016379 -0.121101
v 1.322640 0.127474 0.063270
v 1.334320 0.102355 0.174206
v 1.326080 0.061312 0.207983
v 1.326860 0.124750 -0.013697
v 1.327390 0.068194 0.205097
v 1.328290 0.129974 0.107707
v 1.334810 0.028856 0.215543
v 1.332380 0.084024 0.195317
v 1.329510 0.113649 -0.051481
v 1.335810 0.132885 0.081638
v 1.332600 0.088408 -0.093652
v 1.329340 0.122664 -0.032465
v 1.327560 0.019539 -0.133783
v 1.327790 -0.000304 0.205691
v 1.327650 0.117884 0.034787
v 1.327930 0.130595 0.071190
v 1.332350 0.010978 0.210600
v 1.332240 0.041315 -0.131992
v 1.330450 0.006696 -0.131914
v 1.331120 0.124176 -0.005402
v 1.332530 0.125031 0.124286
v 1.335240 0.119813 0.018909
v 1.331690 0.064854 -0.118831
v 1.332750 0.107212 -0.061458
v 1.332990 0.047673 0.214012
v 1.335330 0.120543 -0.038038
v 1.335860 0.115808 0.148709
v 1.335380 0.073306 -0.112000
v 1.338160 0.058038 -0.125359
v 1.341420 0.125265 -0.020196
v 1.340140 0.087288 0.194370
v 1.337110 0.121878 0.044345
v 1.337160 0.080757 -0.104082
v 1.337640 0.108477 0.164406
v 1.343390 0.130870 0.068374
v 1.342260 0.127636 0.057581
v 1.340820 0.097884 -0.077747
v 1.345690 0.124356 0.000616
v 1.349880 0.115161 0.149618
v 1.347840 0.106268 -0.060366
v 1.346130 0.116826 -0.043257
v 1.349730 0.120060 0.135818
v 1.346460 0.127670 0.114114
v 1.346120 0.131303 0.099093
v 1.344950 0.120090 0.032944
v 1.348630 0.132635 0.085605
v 1.349040 0.123941 -0.025645
v 0.838382 -0.016129 0.045736
v 0.835701 -0.013156 0.038418
v 0.817010 0.017091 0.054240
v 0.829242 0.029812 0.040849
v 0.833174 -0.010119 0.048556
v 0.824307 -0.006914 0.046745
v 0.829242 0.030851 0.052997
v 0.824052 0.020845 0.049162
v 0.816589 0.011168 0.047442