v 0.809108 -0.005981 0.057155
v 0.809204 0.014062 0.057278
v 0.811249 -0.012273 0.059743
v 0.813318 0.019192 0.057258
v 0.817845 0.029665 0.059422
v 0.818823 -0.026960 0.063766
v 0.817844 -0.010320 0.056219
v 0.823369 0.026516 0.057637
v 0.820051 -0.014652 0.059750
v 0.830200 -0.045358 0.070711
v 0.826840 -0.027127 0.063304
v 0.827260 -0.012878 0.059170
v 0.838682 -0.035953 0.066317
v 0.830491 0.037311 0.059713
v 0.831527 0.045031 0.065199
v 0.835636 -0.054980 0.076665
v 0.833032 -0.060762 0.081370
v 0.832887 0.040441 0.032093
v 0.842834 0.061757 0.076300
v 0.834341 -0.013078 0.056854
v 0.833677 0.039933 0.046233
v 0.834988 -0.015316 0.059573
v 0.834908 0.044006 0.060864
v 0.841928 -0.048435 0.072026
v 0.837802 -0.025840 0.062377
v 0.841025 0.052055 0.068192
v 0.838657 0.050387 0.026928
v 0.839889 -0.020291 0.056112
v 0.839942 0.048511 0.061349
v 0.849673 -0.075951 0.095489
v 0.844104 -0.036788 0.065321
v 0.843957 0.055861 0.067291
v 0.843885 -0.027909 0.038326
v 0.845143 0.060328 0.020161
v 0.846923 -0.067791 0.086114
v 0.845893 0.058172 0.057757
v 0.847571 0.069834 0.078320
v 0.854759 0.072878 0.037578
v 0.849394 -0.059364 0.079166
v 0.848982 -0.040307 0.059833
v 0.854822 -0.055956 0.076600
v 0.850643 0.072434 0.067763
v 0.854044 -0.042973 0.032727
v 0.850350 0.064583 0.058848
v 0.850294 0.070465 0.017713
v 0.850484 -0.039895 0.040610
v 0.851652 -0.039918 0.028946
v 0.852852 0.072510 0.028418
v 0.853635 0.069663 0.051723
v 0.853422 -0.048165 0.055739
v 0.853651 0.071527 0.059793
v 0.855366 0.085001 0.014710
v 0.853882 -0.049189 0.040148
v 0.854191 -0.051602 0.071152
v 0.857727 0.096061 0.073266
v 0.856294 -0.053005 0.066170
v 0.859036 0.104525 0.088422
v 0.858119 0.083435 0.026307
v 0.858066 0.100979 0.081424
v 0.861378 -0.062881 0.056764
v 0.858395 -0.045651 0.025785
v 0.858453 -0.057070 0.037591
v 0.859161 -0.056454 0.071669
v 0.859911 0.096773 0.012591
v 0.860477 0.079890 0.054864
v 0.862514 0.109556 0.080695
v 0.865981 -0.073410 0.092002
v 0.861519 -0.060068 0.064491
v 0.860903 0.092586 0.062733
v 0.861088 -0.047765 0.028494
v 0.866759 0.088692 0.046980
v 0.862170 -0.065731 0.045443
v 0.865644 -0.051618 0.019757
v 0.862721 -0.055808 0.029959
v 0.865183 0.109406 -0.001398
v 0.863625 0.097454 0.020910
v 0.865392 -0.068117 0.038200
v 0.864869 0.104607 0.065884
v 0.867149 -0.069216 0.065574
v 0.865103 -0.063098 0.032405
v 0.866701 0.118714 0.092806
v 0.867159 -0.082122 0.103681
v 0.869500 -0.051134 0.023163
v 0.868951 0.102894 0.057717
v 0.867550 -0.061042 0.071358
v 0.867681 0.107614 0.014160
v 0.867818 0.113770 -0.011996
v 0.870979 0.096586 0.049713
v 0.872548 -0.064962 0.078744
v 0.870483 0.115456 0.068188
v 0.873552 0.102420 0.033187
v 0.869407 0.113088 0.006458
v 0.871493 -0.077794 0.044051
v 0.869991 -0.076857 0.058442
v 0.870137 -0.066999 0.084725
v 0.871006 0.118250 -0.011155
v 0.872569 -0.066208 0.075061
v 0.873581 -0.054323 0.019730
v 0.873557 -0.054285 0.022144
v 0.872094 0.123028 0.079197
v 0.873982 0.128305 0.090793
v 0.875297 -0.069095 0.024130
v 0.874985 0.117030 0.011996
v 0.885082 -0.082307 0.105863
v 0.875009 0.120699 0.001482
v 0.879436 -0.062893 0.012034
v 0.875320 -0.079672 0.067185
v 0.877486 0.118579 0.060581
v 0.878724 -0.079542 0.072974
v 0.878986 0.127106 0.070320
v 0.876682 -0.059196 0.020942
v 0.878664 0.110093 0.031108
v 0.877453 -0.084810 0.046645
v 0.880271 -0.059911 0.018575
v 0.877888 -0.079214 0.031469
v 0.879903 0.133455 0.084528
v 0.878266 0.110643 0.052480
v 0.878271 0.125080 -0.027103
v 0.878721 -0.085965 0.058849
v 0.879518 0.109964 0.047172
v 0.878909 0.126566 -0.017253
v 0.885634 -0.077453 0.099239
v 0.879782 0.134891 0.094248
v 0.879793 -0.068210 0.085354
v 0.881289 -0.086300 0.040388
v 0.883951 -0.069710 0.084608
v 0.883653 0.127476 0.004171
v 0.883112 0.129674 -0.008775
v 0.883668 0.118572 0.039634
v 0.882801 -0.089179 0.118573
v 0.883205 0.117187 0.026240
v 0.887543 -0.081143 0.021307
v 0.883551 -0.088586 0.065825
v 0.884653 0.119681 0.036204
v 0.888146 -0.093554 0.049818
v 0.892298 -0.076459 0.086409
v 0.890908 -0.081824 0.083172
v 0.889450 0.123390 0.030801
v 0.886935 0.131454 -0.033532
v 0.890067 -0.077922 0.016418
v 0.892032 -0.089684 0.076603
v 0.886635 -0.086208 0.030605
v 0.888159 -0.073282 0.091077
v 0.886842 -0.068668 0.005757
v 0.887853 -0.070092 0.015384
v 0.889440 0.138538 0.075222
v 0.888718 -0.067942 0.011944
v 0.888304 0.142001 0.097207
v 0.888873 0.125131 0.053927
v 0.892828 0.135384 -0.000966
v 0.890056 -0.094991 0.058916
v 0.897353 -0.075669 -0.008070
v 0.889519 0.133326 0.063695
v 0.889920 0.127126 0.018488
v 0.889972 -0.091331 0.037172
v 0.892186 -0.090208 0.122963
v 0.893834 0.137204 -0.019516
v 0.892198 -0.074147 0.088159
v 0.892859 0.128139 0.025716
v 0.893530 -0.095101 0.042111
v 0.898401 -0.073752 0.010680
v 0.904035 -0.092606 0.133044
v 0.897233 0.144274 0.074867
v 0.899134 -0.082691 0.088448
v 0.895846 0.134314 0.041173
v 0.899661 -0.079946 0.103780
v 0.896099 0.147331 0.102963
v 0.898041 -0.073288 0.090847
v 0.896121 0.133253 0.050410
v 0.900761 -0.099087 0.070462
v 0.896976 0.134607 0.012389
v 0.897685 -0.083914 0.013382
v 0.897276 -0.072058 0.009524
v 0.898358 -0.073901 0.093879
v 0.898097 0.137824 0.056476
v 0.901184 -0.074483 -0.003040
v 0.901011 -0.089119 0.085657
v 0.898707 0.138182 -0.036260
v 0.903263 -0.095674 0.081347
v 0.900678 -0.075243 0.002343
v 0.902061 0.148872 0.083118
v 0.899994 0.149297 0.110195
v 0.900246 0.138242 0.043655
v 0.903527 0.138676 0.021498
v 0.901151 -0.089563 0.023527
v 0.911770 -0.108039 0.057651
v 0.908091 0.144632 -0.006525
v 0.901997 0.141669 -0.022717
v 0.902062 -0.080338 0.006654
v 0.904733 -0.095556 0.028595
v 0.904069 -0.077259 0.092139
v 0.903579 0.144233 0.062205
v 0.903804 -0.076142 -0.010569
v 0.906901 -0.084437 0.112748
v 0.904000 -0.073147 -0.007604
v 0.910660 -0.106499 0.066926
v 0.906986 0.141403 0.012318
v 0.909536 -0.082864 0.000791
v 0.906248 -0.079398 0.101512
v 0.906768 -0.075078 -0.005700
v 0.906973 -0.084909 0.006909
v 0.906819 -0.077769 -0.001716
v 0.908507 -0.087601 0.014668
v 0.906932 0.137749 -0.050548
v 0.907417 0.143175 0.040275
v 0.908230 -0.085184 0.093066
v 0.908482 -0.076594 -0.011839
v 0.909429 -0.080385 0.097357
v 0.912459 0.143505 -0.038786
v 0.913364 0.145944 -0.027993
v 0.910306 0.153259 0.086298
v 0.911804 0.153322 0.116200
v 0.917523 -0.104324 0.034433
v 0.910845 -0.089223 0.124033
v 0.912950 -0.093767 0.014695
v 0.911866 -0.106469 0.049613
v 0.911893 0.154693 0.098376
v 0.914274 -0.076215 -0.014837
v 0.912717 -0.072967 -0.007207
v 0.915404 -0.101108 0.084658
v 0.912775 -0.080362 0.103103
v 0.915003 0.150772 0.063982
v 0.915781 -0.106993 0.075228
v 0.914552 -0.074359 -0.004815
v 0.920451 -0.079285 -0.023813
v 0.920027 -0.084406 0.001102
v 0.916879 0.149185 0.046355
v 0.915505 -0.080703 -0.005179
v 0.916440 -0.093960 0.092738
v 0.920924 0.149204 -0.000374
v 0.915204 0.147851 -0.014453
v 0.916554 0.154803 0.078087
v 0.917930 0.153580 0.125383
v 0.918409 -0.092234 0.006957
v 0.917922 0.147492 0.013988
v 0.922904 -0.114281 0.053833
v 0.923787 -0.082019 -0.010101
v 0.923354 -0.083423 0.099754
v 0.921591 -0.089460 0.128621
v 0.919966 -0.081995 0.109403
v 0.919811 -0.079912 0.102417
v 0.920219 -0.100266 0.087865
v 0.920483 -0.077472 -0.018841
v 0.925222 -0.082962 0.115685
v 0.920293 -0.091610 0.137182
v 0.922343 -0.077835 -0.012389
v 0.926308 -0.085326 -0.005432
v 0.921554 -0.077264 0.101773
v 0.921482 0.157664 0.092083
v 0.923811 0.143337 -0.050662
v 0.923729 -0.097006 0.010165
v 0.926855 0.151080 0.012513
v 0.925278 -0.077575 0.105503
v 0.926672 -0.094112 0.099148
v 0.927725 0.151846 -0.017247
v 0.926009 0.150558 -0.025889
v 0.926144 -0.117268 0.065179
v 0.926382 -0.079037 0.102588
v 0.929161 -0.106592 0.088402
v 0.927061 0.158246 0.079252
v 0.927121 -0.083140 -0.008301
v 0.927278 -0.091600 0.146961
v 0.930173 -0.118066 0.072901
v 0.929683 -0.082515 0.102248
v 0.927904 0.152665 0.136956
v 0.928143 0.159151 0.103099
v 0.927798 -0.110964 0.082126
v 0.930479 -0.107978 0.025319
v 0.932172 -0.093659 -0.008040
v 0.929494 0.147998 -0.041239
v 0.929319 0.156107 0.063868
v 0.929485 -0.091195 0.103096
v 0.936174 -0.121003 0.062216
v 0.929867 -0.075521 0.107260
v 0.930001 -0.082467 0.118595
v 0.932812 -0.080232 -0.020922
v 0.931467 -0.082179 -0.032590
v 0.939942 0.139659 -0.064928
v 0.930499 -0.116070 0.048521
v 0.931895 -0.086243 0.127615
v 0.930986 0.154555 0.045240
v 0.934663 0.158219 0.118780
v 0.931843 0.132031 -0.073802
v 0.934783 0.153289 0.000916
v 0.934683 -0.089046 0.139612
v 0.940947 -0.083136 -0.037430
v 0.933394 -0.110867 0.030032
v 0.933826 -0.081143 -0.015410
v 0.938284 -0.088732 -0.020926
v 0.936675 -0.077572 0.107997
v 0.934051 -0.077649 0.110363
v 0.934128 -0.084534 0.122458
v 0.936999 0.150531 0.145393
v 0.935406 0.153865 0.019049
v 0.940015 -0.086146 0.112725
v 0.936283 -0.097998 0.100948
v 0.936054 0.160628 0.083666
v 0.938646 -0.099165 -0.002547
v 0.936586 -0.090917 0.108955
v 0.942822 -0.088179 0.160633
v 0.936826 -0.105282 0.095713
v 0.939817 -0.082876 -0.026180
v 0.936973 -0.121643 0.069833
v 0.939547 -0.119805 0.054299
v 0.938869 -0.075926 0.112266
v 0.938579 0.158319 0.064694
v 0.943146 0.161981 0.095401
v 0.939211 -0.108938 0.017941
v 0.942065 0.156720 0.043966
v 0.941591 -0.111623 0.034313
v 0.941859 -0.105891 0.005642
v 0.945775 0.128426 -0.080335
v 0.939923 -0.117714 0.085477
v 0.950681 -0.085129 -0.049460
v 0.940782 -0.084628 0.131640
v 0.939991 -0.077659 0.118882
v 0.947483 0.156403 0.131406
v 0.940606 0.154873 -0.014311
v 0.943494 -0.089724 -0.024475
v 0.940936 -0.121240 0.078954
v 0.942155 0.146204 -0.053073
v 0.942386 -0.095058 -0.014041
v 0.942516 -0.079949 0.114866
v 0.945165 -0.094562 0.108900
v 0.942343 0.151379 -0.038786
v 0.943389 -0.104570 0.101211
v 0.944002 0.154161 -0.027303
v 0.944108 -0.078484 0.119969
v 0.944267 -0.084607 0.131232
v 0.944669 -0.113145 0.036988
v 0.945206 -0.122366 0.077635
v 0.944774 -0.111856 0.097472
v 0.945059 -0.122357 0.066481
v 0.946512 -0.084235 -0.033648
v 0.945358 -0.107758 0.019935
v 0.945477 -0.118968 0.088379
v 0.945453 0.155382 0.003374
v 0.950236 -0.119627 0.048849
v 0.950664 -0.103896 -0.009276
v 0.950278 0.162025 0.104144
v 0.947719 -0.106356 0.003857
v 0.950635 -0.099746 -0.018119
v 0.951110 -0.085671 0.120472
v 0.950397 0.156702 0.022397
v 0.951682 -0.106864 0.018951
v 0.949372 0.147571 0.152438
v 0.948770 0.135211 -0.072894
v 0.948890 -0.098172 0.108788
v 0.952232 0.161908 0.079915
v 0.949609 -0.115906 0.037269
v 0.949597 -0.084761 0.140413
v 0.949604 -0.078877 0.127276
v 0.953466 -0.079410 0.127050
v 0.954897 -0.080504 0.125825
v 0.953323 -0.090651 -0.029697
v 0.955360 0.150625 -0.045877
v 0.954179 0.152476 0.142812
v 0.955283 0.156609 -0.013925
v 0.951706 0.160983 0.113215
v 0.959428 0.110997 -0.094763
v 0.952046 -0.085527 0.151967
v 0.958223 -0.118948 0.046877
v 0.960815 -0.107598 0.115023
v 0.956955 -0.113539 0.104875
v 0.953883 -0.083383 0.175904
v 0.956492 -0.121580 0.074690
v 0.953980 -0.084060 0.139693
v 0.954460 -0.120000 0.090665
v 0.958574 -0.085120 -0.042906
v 0.954444 -0.104855 0.112124
v 0.955349 0.154858 -0.031083
v 0.955908 -0.093239 0.115832
v 0.956898 -0.102085 -0.019190
v 0.957939 0.144941 -0.059388
v 0.957154 -0.102427 -0.014021
v 0.961560 -0.099114 -0.011361
v 0.960415 0.159888 0.059260
v 0.961227 -0.114306 0.105548
v 0.960826 -0.102607 0.004502
v 0.961363 -0.085843 0.125120
v 0.960563 -0.082497 0.163984
v 0.958276 0.156632 0.000921
v 0.965738 0.131934 -0.077675
v 0.964034 -0.114638 0.022689
v 0.965248 -0.096164 -0.041303
v 0.961470 -0.099926 -0.004742
v 0.966095 0.160041 0.119202
v 0.960356 0.125901 -0.083576
v 0.969134 -0.076739 0.179998
v 0.965256 0.145118 0.155659
v 0.968484 -0.118787 0.093927
v 0.966307 -0.111465 0.011352
v 0.961496 -0.082260 0.148702
v 0.965091 -0.093338 -0.044630
v 0.961145 -0.079442 0.137906
v 0.966268 0.163136 0.094546
v 0.961897 -0.089414 0.120785
v 0.964795 0.162651 0.083311
v 0.967635 -0.116748 0.101589
v 0.962436 0.139618 -0.068299
v 0.962800 -0.118787 0.061168
v 0.969692 0.158287 0.039892
v 0.964256 -0.087164 -0.047216
v 0.963513 0.162406 0.105447
v 0.972972 0.156893 0.129418
v 0.968340 -0.098160 0.129235
v 0.964087 -0.109620 0.009937
v 0.965816 -0.092433 0.127820
v 0.969619 0.138336 0.164363
v 0.965709 -0.080364 0.134196
v 0.970241 -0.096239 -0.038793
v 0.969010 -0.098890 -0.009031
v 0.968882 -0.113247 0.108906
v 0.972056 -0.094757 -0.049235
v 0.971802 -0.100329 0.129696
v 0.967792 -0.115849 0.034116
v 0.967463 -0.079406 0.147714
v 0.969008 -0.082823 0.132239
v 0.968826 0.154372 -0.034740
v 0.974109 0.148859 0.148109
v 0.968821 0.156663 0.005920
v 0.972708 0.153454 0.138754
v 0.970419 -0.094734 -0.023173
v 0.974459 -0.085513 -0.061771
v 0.969409 0.156649 -0.019213
v 0.971272 -0.079126 0.142225
v 0.974498 -0.113231 0.040603
v 0.970573 -0.117690 0.061000
v 0.973790 0.149030 -0.051673
v 0.972011 0.127069 0.175975
v 0.978419 -0.094271 -0.025827
v 0.981210 -0.073586 0.168967
v 0.972827 -0.078200 0.156746
v 0.972818 -0.107605 0.116881
v 0.978289 -0.111301 0.109727
v 0.979204 -0.111444 0.023377
v 0.976946 -0.090408 -0.061164
v 0.974167 -0.089992 0.137585
v 0.974333 0.160639 0.070848
v 0.981773 -0.068460 0.188901
v 0.979654 -0.089308 -0.045243
v 0.975451 -0.104774 -0.009735
v 0.979153 -0.108145 -0.003261
v 0.983988 -0.115902 0.067795
v 0.977263 -0.117306 0.085610
v 0.978007 -0.093585 0.139686
v 0.988139 0.101873 -0.102036
v 0.983297 0.158983 0.118729
v 0.978864 -0.083571 -0.070881
v 0.978398 -0.098004 0.133978
v 0.981771 0.089026 -0.108026
v 0.978527 -0.104001 0.119103
v 0.982445 0.155467 -0.024015
v 0.978383 0.156384 -0.013335
v 0.979320 -0.088187 0.144070
v 0.978760 -0.109923 0.015205
v 0.989487 -0.061094 0.196753
v 0.981455 0.161553 0.083762
v 0.981993 -0.089915 -0.038026
v 0.982948 -0.104741 -0.014817
v 1.004250 -0.040482 0.210887
v 0.981358 0.145384 -0.058674
v 0.979667 -0.079072 0.148033
v 0.982847 -0.089456 -0.063492
v 0.980776 -0.084790 -0.069809
v 0.981706 -0.115164 0.102365
v 0.998254 0.111576 -0.096199
v 0.981239 0.137428 -0.071435
v 0.982409 0.161226 0.106147
v 0.981801 0.155761 0.002141
v 0.987406 -0.114678 0.055347
v 0.982765 -0.112992 0.107976
v 0.985879 0.138741 0.160581
v 0.983717 -0.104418 0.118165
v 0.981500 0.115492 0.181571
v 0.981535 0.130383 0.170172
v 0.981840 0.150747 -0.046229
v 0.985238 -0.106404 -0.002299
v 0.992590 -0.106324 0.020341
v 0.987514 -0.100089 -0.028016
v 0.987710 -0.084948 -0.076088
v 0.983401 -0.080453 0.149484
v 0.983401 0.158015 0.055306
v 0.983633 -0.076883 0.154329
v 0.985505 -0.113071 0.040941
v 0.985359 -0.080381 -0.078386
v 0.985754 -0.089846 -0.039588
v 0.984467 0.161778 0.096006
v 0.989892 -0.104822 0.003728
v 0.991571 -0.106336 0.120175
v 0.987588 0.100332 0.189144
v 0.985218 0.153510 -0.034499
v 0.985261 -0.070672 0.176033
v 0.987407 -0.088076 0.149343
v 0.985779 0.156371 0.033220
v 0.994727 0.125002 -0.084578
v 0.985981 0.150818 0.141534
v 0.986130 -0.085717 -0.052922
v 0.988144 -0.092555 0.136570
v 0.988482 0.120084 0.177792
v 0.988863 -0.096404 0.128801
v 0.986649 0.154782 0.131831
v 0.987221 0.144754 0.152134
v 0.988971 -0.084182 -0.064659
v 0.987982 -0.112838 0.085827
v 0.991874 -0.107642 0.025376
v 0.991206 -0.083467 -0.077132
v 0.991688 -0.110043 0.102537
v 0.991144 -0.101777 -0.024811
v 0.989751 -0.077405 -0.085841
v 0.989945 -0.114276 0.075348
v 0.993907 -0.081903 -0.070004
v 0.990489 -0.072007 0.168001
v 1.000330 -0.051895 0.201982
v 0.995464 0.141409 -0.063112
v 0.990907 -0.086544 -0.051549
v 0.995082 0.159658 0.090365
v 0.999604 0.152093 -0.026645
v 0.993669 -0.100657 -0.016658
v 0.995046 -0.072396 -0.092832
v 0.998758 0.152749 0.002536
v 0.993879 -0.095476 0.130622
v 0.992759 -0.114943 0.062770
v 0.993731 0.104098 0.187626
v 0.994268 -0.077301 0.160233
v 0.997736 -0.090559 -0.049638
v 0.993050 0.154453 -0.015059
v 1.003050 0.129481 -0.078162
v 0.998291 -0.071449 0.167880
v 0.993666 -0.106493 0.009894
v 0.993904 -0.066818 0.178931
v 0.996174 -0.086746 0.142290
v 0.999080 -0.078125 -0.079848
v 0.997846 -0.077259 -0.089930
v 0.996021 0.155306 0.050049
v 1.005230 0.148869 0.137238
v 0.995110 -0.111310 0.084495
v 0.994865 -0.083828 0.153362
v 0.995182 -0.112973 0.043138
v 0.999418 -0.098055 -0.036641
v 0.995368 0.151678 -0.035506
v 0.998013 -0.100474 0.129763
v 0.997916 0.085778 0.196889
v 0.998815 -0.108388 0.021687
v 0.996277 -0.106966 0.097967
v 0.997974 -0.096046 -0.041540
v 0.997135 -0.106675 0.116399
v 0.996704 -0.114282 0.072385
v 0.997855 0.085430 -0.111494
v 0.998801 0.153364 0.023504
v 0.999322 -0.098483 -0.032060
v 0.998175 -0.075012 -0.093634
v 0.998786 -0.101241 -0.004585
v 0.999361 -0.103578 0.125649
v 1.004870 0.155257 0.116838
v 0.998686 -0.084932 -0.059547
v 1.007690 -0.110825 0.027793
v 0.999440 -0.078356 0.161644
v 1.001360 0.144906 0.147210
v 1.000310 0.108633 0.182758
v 1.000500 0.158262 0.103787
v 1.008260 0.131796 0.163156
v 0.999527 0.063451 -0.120482
v 1.002740 -0.103110 -0.000424
v 1.009390 0.138341 0.154592
v 1.000270 -0.107575 0.092755
v 1.000980 -0.081772 0.146893
v 1.000700 0.147203 -0.048370
v 1.004740 0.057169 0.206211
v 1.000040 -0.058765 0.190762
v 1.003980 -0.098202 -0.018835
v 1.003550 -0.114911 0.054202
v 1.004890 0.118446 -0.090082
v 1.000600 -0.092907 0.136838
v 1.006410 -0.101963 0.003349
v 1.000760 0.071821 0.202516
v 1.004300 -0.094514 -0.028618
v 1.004370 -0.100600 0.105474
v 1.005720 0.152484 0.126798
v 1.003410 0.091740 0.191137
v 1.003460 -0.079455 0.152725
v 1.005580 -0.113210 0.074972
v 1.004670 -0.113272 0.038875
v 1.002380 0.155372 0.068987
v 1.002530 0.136918 -0.068570
v 1.004500 -0.074853 0.167250
v 1.003260 -0.114743 0.065247
v 1.003810 -0.068735 -0.100684
v 1.004030 -0.074123 -0.087008
v 1.005710 -0.066044 0.175344
v 1.010360 0.057637 -0.122992
v 1.004500 0.076635 0.198045
v 1.006560 -0.094889 0.140136
v 1.007290 -0.097694 0.133818
v 1.004660 -0.085590 -0.059661
v 1.008480 -0.102419 0.005477
v 1.010000 -0.080538 0.152678
v 1.005740 -0.098365 0.111979
v 1.006140 0.095411 -0.106848
v 1.005700 -0.100065 0.122738
v 1.006540 -0.113556 0.063199
v 1.012180 -0.086676 -0.064388
v 1.006160 0.150905 -0.015536
v 1.006230 -0.113093 0.045531
v 1.017930 0.081508 -0.114484
v 1.006370 -0.062488 0.182388
v 1.008780 -0.105638 0.098045
v 1.007700 -0.075091 0.157668
v 1.008830 0.151288 0.043972
v 1.010250 -0.089525 0.148064
v 1.014210 0.029316 -0.128024
v 1.006990 0.120425 0.173865
v 1.010840 -0.047951 0.200529
v 1.007210 -0.109740 0.088868
v 1.007480 0.141747 -0.057281
v 1.007920 -0.107232 0.015065
v 1.009090 -0.104289 0.008484
v 1.007900 -0.080994 -0.070314
v 1.010350 -0.092372 -0.052233
v 1.009040 -0.110312 0.078477
v 1.009790 0.149439 0.007560
v 1.013160 -0.018454 0.217192
v 1.012270 -0.060094 0.183806
v 1.008790 -0.110377 0.033463
v 1.011710 0.001393 0.218356
v 1.008940 -0.097784 -0.015164
v 1.010900 0.022067 0.214699
v 1.009560 -0.068160 0.173589
v 1.011080 -0.105787 0.065368
v 1.009800 0.067349 0.200701
v 1.011110 -0.100350 -0.009794
v 1.012850 -0.092975 0.138580
v 1.013010 -0.090826 0.122031
v 1.018560 0.152810 0.100875
v 1.014740 -0.074013 0.160583
v 1.010520 -0.106362 0.051875
v 1.011360 -0.105481 0.095925
v 1.011950 -0.091196 -0.033958
v 1.010860 -0.070538 0.168015
v 1.011960 -0.093297 0.116273
v 1.016330 -0.057025 0.188100
v 1.018090 -0.087534 -0.045295
v 1.017340 0.105142 -0.099690
v 1.012240 0.154548 0.088428
v 1.012710 -0.090725 0.147397
v 1.012140 -0.105265 0.076449
v 1.009260 -0.068177 -0.096345
v 1.015270 0.145124 -0.039532
v 1.015210 0.131835 -0.071268
v 1.017190 0.146391 -0.022813
v 1.014210 -0.065883 0.177816
v 1.020680 0.029950 0.210535
v 1.013200 -0.106040 0.032506
v 1.013340 0.100913 0.185858
v 1.016110 0.068553 -0.119587
v 1.017560 0.090466 0.190946
v 1.017200 -0.087269 0.139184
v 1.014940 -0.088020 0.127240
v 1.019400 -0.009375 0.215040
v 1.014360 -0.101761 0.102911
v 1.014500 -0.104356 0.014980
v 1.014570 -0.026996 0.213932
v 1.015530 -0.093991 -0.029537
v 1.014870 -0.062998 -0.101755
v 1.019300 -0.038782 0.204542
v 1.014740 -0.103658 0.072283
v 1.016370 0.148637 0.045126
v 1.014840 -0.098310 0.109521
v 1.020650 0.074236 0.198110
v 1.015100 -0.068712 0.166952
v 1.016050 -0.056396 -0.108383
v 1.017600 -0.089709 -0.052929
v 1.015530 -0.099436 0.093334
v 1.017800 0.050297 0.206730
v 1.018240 -0.048447 -0.114419
v 1.017930 -0.094539 -0.019943
v 1.015980 0.040227 0.209078
v 1.016780 -0.099034 -0.005564
v 1.016590 -0.106078 0.049775
v 1.016930 0.139004 -0.056816
v 1.017230 -0.086837 -0.064117
v 1.019810 -0.098594 0.091047
v 1.019150 -0.084945 0.126592
v 1.017530 -0.078121 -0.077316
v 1.018150 -0.081093 0.161057
v 1.017800 0.006265 0.214602
v 1.018750 -0.082818 0.132638
v 1.018350 0.122252 -0.082799
v 1.020690 -0.038140 -0.119113
v 1.019040 -0.092307 0.117575
v 1.022790 0.015448 0.213051
v 1.020690 -0.045975 0.198044
v 1.019950 -0.068049 0.169749
v 1.018950 0.123807 0.168793
v 1.019110 0.091249 -0.108871
v 1.023820 -0.058884 0.182391
v 1.021080 -0.102150 0.079240
v 1.020200 -0.094905 0.100906
v 1.019430 0.146588 0.132889
v 1.022100 0.111958 -0.092763
v 1.019730 -0.083401 0.157980
v 1.020140 0.044348 -0.125896
v 1.019640 -0.085350 0.148834
v 1.019790 0.141461 0.144787
v 1.021640 -0.026864 -0.123290
v 1.020290 -0.105887 0.063518
v 1.020320 0.151743 0.110048
v 1.020460 -0.105208 0.021223
v 1.020670 -0.058261 0.187098
v 1.024520 -0.018680 0.211071
v 1.023790 0.150227 0.090945
v 1.021060 -0.101888 0.003833
v 1.024270 -0.060905 0.179288
v 1.024260 -0.080784 -0.074657
v 1.024390 0.143196 0.016163
v 1.022620 -0.108915 0.049991
v 1.022580 -0.107663 0.036206
v 1.022650 -0.075152 0.169728
v 1.022840 -0.085995 -0.045806
v 1.023400 -0.096033 -0.015504
v 1.023700 0.112871 0.176925
v 1.022470 -0.090236 -0.036149
v 1.024200 -0.062022 -0.098695
v 1.022650 -0.001184 -0.127950
v 1.025830 -0.092462 -0.026298
v 1.029120 0.146190 0.121360
v 1.024160 -0.077494 0.162791
v 1.027190 -0.070319 -0.087736
v 1.025670 -0.047976 0.193786
v 1.025570 0.129183 0.160810
v 1.024170 -0.087603 0.115425
v 1.024870 -0.100520 0.093164
v 1.027620 -0.065755 0.180714
v 1.024320 -0.027690 0.208053
v 1.029130 0.063999 -0.119929
v 1.024500 -0.077955 0.137373
v 1.026780 0.007300 0.212282
v 1.025100 -0.084618 -0.057664
v 1.031240 0.125345 -0.071547
v 1.025600 -0.105572 0.075338
v 1.025700 -0.093557 0.104297
v 1.027830 -0.071616 0.157267
v 1.026590 -0.036564 0.203016
v 1.026180 -0.107460 0.024374
v 1.027650 -0.103290 0.002941
v 1.026080 -0.107976 0.061724
v 1.026650 -0.074798 0.145564
v 1.026790 -0.081014 -0.066782
v 1.028650 -0.001309 -0.126585
v 1.027670 -0.022995 -0.123029
v 1.033360 -0.081584 -0.060285
v 1.027510 0.141140 -0.005700
v 1.028780 0.019894 0.210772
v 1.028160 0.144344 0.061025
v 1.029330 -0.065533 0.179297
v 1.028240 -0.054983 0.186912
v 1.031370 0.060811 0.202636
v 1.028410 -0.099788 -0.008286
v 1.028500 0.091584 -0.107050
v 1.030330 -0.080984 0.128435
v 1.028090 -0.103220 0.086863
v 1.032010 0.093859 0.187582
v 1.028930 -0.086882 0.116260
v 1.028890 0.139869 -0.034810
v 1.030660 0.040223 0.208192
v 1.028250 0.136436 -0.051120
v 1.030830 -0.063484 -0.095004
v 1.031020 -0.052154 -0.105990
v 1.031440 -0.072630 -0.082866
v 1.029800 -0.003378 0.211849
v 1.029290 -0.108353 0.041229
v 1.029520 -0.033768 -0.118369
v 1.029940 -0.107991 0.068943
v 1.031360 0.023125 -0.127056
v 1.031050 -0.086617 -0.044299
v 1.031950 -0.057308 0.189121
v 1.030080 -0.037139 0.202663
v 1.033180 0.129859 -0.061406
v 1.031140 -0.106622 0.016583
v 1.031960 0.133283 0.151438
v 1.033280 -0.103904 0.004969
v 1.033150 -0.091204 0.109469
v 1.031300 0.117366 -0.083095
v 1.031670 -0.077154 0.137286
v 1.034050 0.036307 -0.125459
v 1.034040 -0.099689 0.090782
v 1.034250 -0.058224 0.178770
v 1.034760 0.136852 0.142212
v 1.032860 -0.037753 0.200770
v 1.036930 0.101437 -0.097373
v 1.032420 -0.051595 0.192275
v 1.033100 -0.020220 0.208212
v 1.032510 0.146521 0.110316
v 1.037100 -0.045626 -0.108524
v 1.033470 0.047405 -0.123920
v 1.033280 -0.064183 0.167666
v 1.037730 -0.072626 -0.076284
v 1.033520 0.141495 0.132379
v 1.034390 -0.086980 0.120784
v 1.034080 0.009060 0.212376
v 1.035320 -0.093563 0.107728
v 1.034000 -0.051134 0.194814
v 1.035970 -0.039748 0.202182
v 1.034870 0.113964 0.173223
v 1.034390 -0.105498 0.034940
v 1.044790 0.072919 0.196427
v 1.034300 -0.101863 -0.004046
v 1.034680 -0.104871 0.056514
v 1.040960 0.135669 0.048426
v 1.035360 0.143987 0.086372
v 1.034930 -0.010594 -0.122751
v 1.037500 0.010467 -0.125382
v 1.035240 -0.103595 0.067892
v 1.035620 -0.027043 -0.118007
v 1.037310 -0.012770 0.209865
v 1.042470 0.054044 0.203658
v 1.035710 -0.058673 -0.099023
v 1.038480 -0.053677 -0.100251
v 1.036670 -0.100277 0.081508
v 1.037040 0.144464 0.101180
v 1.036710 0.135427 -0.011615
v 1.038380 0.120075 0.165556
v 1.036710 0.077375 -0.113053
v 1.036990 -0.050310 0.187883
v 1.037290 0.135442 0.014059
v 1.037540 0.028664 0.209041
v 1.038230 -0.095198 -0.020643
v 1.037830 0.102121 0.181378
v 1.038040 -0.103460 0.011879
v 1.038010 -0.032439 0.205139
v 1.038020 -0.040959 0.199013
v 1.038940 0.090357 -0.104764
v 1.038620 -0.038251 -0.111480
v 1.038410 -0.094020 0.105933
v 1.038870 0.000152 0.210720
v 1.038980 0.109025 -0.088868
v 1.044450 0.139219 0.116766
v 1.040630 0.132295 -0.036248
v 1.042300 0.127586 -0.053666
v 1.041350 -0.094218 0.098654
v 1.041670 -0.055887 0.177872
v 1.039950 -0.099717 -0.003657
v 1.040400 -0.078985 -0.062714
v 1.040090 -0.034016 0.200927
v 1.041200 -0.081175 0.131324
v 1.040570 -0.061356 -0.090738
v 1.043550 -0.086183 -0.042471
v 1.041680 -0.002330 -0.123235
v 1.042720 -0.061660 0.165339
v 1.043360 -0.047132 0.188376
v 1.041550 -0.022028 0.205524
v 1.041920 0.063888 -0.116998
v 1.041680 -0.088808 0.116365
v 1.041790 -0.084342 0.122915
v 1.048890 -0.079072 -0.059384
v 1.041980 0.117035 -0.076232
v 1.042240 -0.074837 0.141363
v 1.042080 0.023598 -0.124605
v 1.042380 -0.020579 -0.116550
v 1.042820 -0.095521 -0.015735
v 1.047570 -0.102178 0.079061
v 1.048440 0.044586 0.204939
v 1.042650 0.018584 0.208088
v 1.043270 -0.046897 -0.102829
v 1.046090 -0.090402 0.106672
v 1.044110 0.007658 0.208951
v 1.043100 -0.032529 0.200167
v 1.043560 -0.012585 0.208195
v 1.044450 -0.037546 -0.108360
v 1.043570 0.137184 0.129591
v 1.051560 0.126014 0.024397
v 1.044050 -0.001112 0.207556
v 1.044150 0.050217 -0.120092
v 1.044600 -0.096954 0.093600
v 1.046690 -0.086246 -0.036675
v 1.047490 -0.105736 0.057790
v 1.045040 0.139267 0.096383
v 1.049390 0.002420 -0.119718
v 1.047560 -0.026813 0.203070
v 1.047190 -0.083906 0.117366
v 1.046520 -0.067706 0.154534
v 1.046800 0.040301 -0.121208
v 1.053890 0.127900 0.061189
v 1.046560 -0.106832 0.039074
v 1.050140 -0.035938 0.197093
v 1.047710 0.076494 -0.109007
v 1.050080 -0.077985 0.134956
v 1.047750 -0.056364 0.172303
v 1.047640 0.127662 -0.024119
v 1.049530 -0.050456 0.180473
v 1.050810 -0.060184 -0.088020
v 1.047930 -0.072573 0.147649
v 1.050840 0.014339 -0.119893
v 1.050970 0.000293 0.205903
v 1.048290 0.119638 0.160616
v 1.048320 0.098049 -0.093877
v 1.051410 0.122327 -0.048838
v 1.053300 -0.022857 -0.111363
v 1.051810 -0.014154 0.202647
v 1.049130 -0.056411 -0.092939
v 1.051290 0.056833 -0.114772
v 1.049270 0.087229 0.188088
v 1.053210 -0.076470 0.127364
v 1.057720 0.029523 0.203748
v 1.049580 0.125912 -0.005174
v 1.054670 0.030057 -0.117882
v 1.052490 0.106465 0.172538
v 1.050010 -0.041144 0.192649
v 1.051490 0.106497 -0.081857
v 1.052790 0.087339 -0.099498
v 1.050170 0.124690 0.151269
v 1.051110 0.061984 0.199644
v 1.051750 0.014521 0.205288
v 1.051540 0.115393 -0.067974
v 1.051650 0.098213 0.179853
v 1.054380 -0.026872 0.196633
v 1.056040 0.131843 0.108668
v 1.054600 0.075468 0.192725
v 1.052320 0.123355 -0.037236
v 1.052830 0.134059 0.098762
v 1.052870 0.132393 0.126058
v 1.052890 0.128198 0.140353
v 1.053040 -0.069877 0.148205
v 1.053940 -0.066714 0.157126
v 1.057720 0.042320 0.202710
v 1.054340 -0.003339 -0.117246
v 1.056390 -0.049396 0.179475
v 1.055440 -0.058689 0.166146
v 1.054250 0.051568 0.202092
v 1.060210 0.109617 0.163523
v 1.057440 0.114701 -0.057171
v 1.057860 0.093595 -0.089974
v 1.055430 0.080577 -0.102060
v 1.055860 -0.039387 0.187832
v 1.055970 0.065489 -0.108936
v 1.057480 0.045696 -0.113812
v 1.058200 0.085115 0.186152
v 1.060000 0.100452 -0.079614
v 1.059390 0.119951 0.025562
v 1.059700 0.117872 -0.008820
v 1.059830 0.106894 -0.070466
v 1.059850 -0.005657 0.199576
v 1.061260 0.025447 0.201560
v 1.061310 0.114685 -0.040976
v 1.062790 0.119030 0.145314
v 1.063380 0.122571 0.134186
v 1.064160 0.116990 0.031091
v 1.064390 0.079946 0.186775
v 1.064540 0.124146 0.121437
v 1.065490 0.124040 0.105790
v 1.065880 0.112466 0.153529
v 0.838382 -0.016129 0.045736
v 0.835701 -0.013156 0.038418
v 0.817010 0.017091 0.054240
v 0.829242 0.029812 0.040849
v 0.833174 -0.010119 0.048556
v 0.824307 -0.006914 0.046745
v 0.829242 0.030851 0.052997
v 0.824052 0.020845 0.049162
v 0.816589 0.011168 0.047442