4849 1
4852 1
4853 1
4854 1
4861 1
4867 1
4868 1
4870 1
4879 1
4884 1
4875 1
4886 1
4871 1
4888 1
4893 1
4881 1
4890 1
4902 1
4906 1
4891 1
4908 1
4909 1
4917 1
4918 1
4916 1
4925 1
4926 1
4899 1
4928 1
4932 1
4929 1
4907 1
4940 1
4945 1
4946 1
4951 1
4955 1
4959 1
4956 1
4965 1
4969 1
4962 1
4950 1
4979 1
4967 1
4985 1
4973 1
4996 1
4992 1
4998 1
5005 1
5010 1
4982 1
5008 1
4987 1
5025 1
4983 1
4975 1
5027 1
5032 1
5037 1
5038 1
5028 1
5030 1
5031 1
5011 1
5023 1
5003 1
5049 1
5058 1
5056 1
5052 1
5072 1
5068 1
4971 1
5066 1
5077 1
5084 1
5090 1
5051 1
5096 1
5100 1
5086 1
5083 1
5047 1
5101 1
5104 1
5093 1
5069 1
5098 1
5102 1
5105 1
5117 1
5118 1
5036 1
5112 1
5133 1
5111 1
5063 1
5124 1
5085 1
5109 1
5065 1
5120 1
5144 1
5139 1
5138 1
5146 1
5121 1
5150 1
5140 1
5154 1
5143 1
5156 1
5132 1
5169 1
5130 1
5171 1
5173 1
5129 1
5152 1
5163 1
5176 1
5175 1
5179 1
5134 1
5153 1
5185 1
5186 1
5192 1
5166 1
5187 1
5181 1
5197 1
5200 1
5201 1
5180 1
5210 1
5195 1
5218 1
5222 1
5232 1
5233 1
5236 1
5241 1
5239 1
5215 1
5223 1
5242 1
5247 1
5251 1
5260 1
5246 1
5269 1
5261 1
5273 1
5263 1
5243 1
5225 1
5281 1
5288 1
5289 1
5267 1
5277 1
5285 1
5271 1
5255 1
5268 1
5302 1
5231 1
5309 1
5312 1
5297 1
5316 1
5318 1
5295 1
5278 1
5328 1
5238 1
5296 1
5315 1
5322 1
5306 1
5340 1
5319 1
5341 1
5350 1
5345 1
5329 1
5323 1
5343 1
5370 1
5333 1
5367 1
5369 1
5378 1
5348 1
5380 1
5299 1
5374 1
5394 1
5365 1
5364 1
5376 1
5396 1
5409 1
5351 1
5422 1
5423 1
5400 1
5426 1
5421 1
5431 1
5420 1
5447 1
5446 1
5456 1
5457 1
5438 1
5435 1
5463 1
5410 1
5471 1
5442 1
5443 1
5475 1
5480 1
5465 1
5484 1
5389 1
5433 1
5497 1
5474 1
5510 1
5507 1
5450 1
5508 1
5521 1
5514 1
5518 1
5505 1
5453 1
5534 1
5486 1
5540 1
5517 1
5551 1
5554 1
5499 1
5547 1
5563 1
5572 1
5578 1
5580 1
5544 1
5550 1
5583 1
5600 1
5575 1
5607 1
5610 1
5608 1
5604 1
5641 1
5639 1
5614 1
5656 1
5562 1
5619 1
5660 1
5684 1
5679 1
5658 1
5692 1
5591 1
5570 1
5686 1
5707 1
5708 1
5647 1
5638 1
5713 1
5716 1
5640 1
5699 1
5648 1
5720 1
5712 1
5571 1
5653 1
5759 1
5745 1
5574 1
5782 1
5751 1
5626 1
5761 1
5812 1
5772 1
5767 1
5786 1
5821 1
5822 1
5690 1
5733 1
5796 1
5814 1
5857 1
5859 1
5860 1
5834 1
5850 1
5808 1
5886 1
5878 1
5900 1
5788 1
5898 1
5805 1
5823 1
5849 1
5915 1
5919 1
5877 1
5691 1
5913 1
5959 1
5904 1
5837 1
5924 1
5927 1
5957 1
5983 1
5902 1
5984 1
5937 1
6007 1
6010 1
5934 1
6036 1
6040 1
6046 1
6043 1
6055 1
6035 1
6050 1
6060 1
6083 1
6087 1
6012 1
6100 1
6114 1
6045 1
6123 1
6130 1
6128 1
6137 1
6129 1
6098 1
6151 1
6155 1
6156 1
6159 1
6108 1
6172 1
6184 1
6214 1
6078 1
6216 1
6213 1
6166 1
6231 1
6237 1
6252 1
6221 1
6244 1
6239 1
6124 1
6269 1
6253 1
6290 1
6294 1
6298 1
6259 1
6277 1
6308 1
6303 1
6312 1
6301 1
6307 1
6328 1
6326 1
6353 1
6288 1
6365 1
6395 1
6323 1
6325 1
6445 1
6454 1
6451 1
6327 1
6398 2
6423 2
6426 2
6424 2
6414 2
6402 2
6441 2
6429 2
6384 2
6470 2
6410 2
6466 2
6513 2
6473 2
6476 2
6520 2
6512 2
6411 2
6523 2
6548 2
6552 2
6568 2
6561 2
6546 2
6608 2
6600 2
6610 2
6589 2
6629 2
6562 2
6623 2
6550 2
6586 2
6645 2
6661 2
6663 2
6679 2
6671 2
6638 2
6690 2
6647 2
6703 2
6711 2
6722 2
6717 2
6731 2
6724 2
6744 2
6719 2
6759 2
6706 2
6776 2
6796 2
6802 2
6772 2
6810 2
6797 2
6827 2
6732 2
6800 2
6842 2
6838 2
6824 2
6806 2
6875 2
6892 2
6853 2
6906 2
6882 2
6901 2
6893 2
6869 2
6822 2
6825 2
6937 2
6939 2
6921 2
6942 2
6944 2
6913 2
6940 2
6929 2
6988 2
6989 2
6998 2
6993 2
6973 2
7013 2
7019 2
6994 2
6922 2
6957 2
7003 2
7021 2
7032 2
6995 2
7045 2
7056 2
7015 2
7057 2
7069 2
7067 2
7065 2
7078 2
7108 2
7116 2
7085 2
7096 2
7118 2
7088 2
7142 2
7072 2
7146 2
7149 2
7153 2
7124 2
7107 2
7128 2
7123 2
7168 2
7144 2
7174 2
7170 2
7158 2
7210 2
7223 2
7182 2
7241 2
7185 2
7240 2
7247 2
7233 2
7235 2
7259 2
7228 2
7200 2
7198 2
7201 2
7285 2
7214 2
7300 2
7293 2
7263 2
7276 2
7203 2
7264 2
7260 2
7311 2
7344 2
7339 2
7329 2
7327 2
7366 2
7348 2
7337 2
7318 2
7323 2
7282 2
7310 2
7373 2
7349 2
7360 2
7389 2
7393 2
7399 2
7355 2
7376 2
7322 2
7407 2
7372 2
7433 2
7380 2
7432 2
7405 2
7446 2
7440 2
7429 2
7436 2
7426 2
7447 2
7479 2
7464 2
7494 2
7495 2
7514 2
7471 2
7477 2
7531 2
7475 2
7472 2
7528 2
7496 2
7485 2
7537 2
7520 2
7545 2
7547 2
7557 2
7546 2
7506 2
7498 2
7570 2
7578 2
7575 2
7556 2
7564 2
7554 2
7548 2
7555 2
7500 2
7566 2
7591 2
7601 2
7586 2
7606 2
7594 2
7605 2
7616 2
7618 2
7628 2
7634 2
7604 2
7597 2
7638 2
7621 2
7598 2
7651 2
7664 2
7632 2
7671 2
7648 2
7692 2
7676 2
7682 2
7677 2
7673 2
7716 2
7700 2
7643 2
7724 2
7707 2
7701 2
7686 2
7698 2
7699 2
7720 2
7689 2
7609 2
7710 2
7756 2
7670 2
7764 2
7769 2
7759 2
7758 2
7715 2
7760 2
7780 2
7785 2
7691 2
7803 2
7816 2
7818 2
7752 2
7771 2
7788 2
7807 2
7831 2
7828 2
7810 2
7814 2
7804 2
7834 2
7840 2
7854 2
7865 2
7802 2
7841 2
7832 2
7857 2
7812 2
7867 2
7877 2
7847 2
7869 2
7882 2
7889 2
7866 2
7891 2
7895 2
7881 2
7899 2
7896 2
7924 2
7860 2
7833 2
7906 2
7893 2
7835 2
7938 2
7890 2
7926 2
7957 2
7861 2
7945 2
7946 2
7968 2
7939 2
7969 2
7864 2
7953 2
7982 2
7956 2
7961 2
7870 2
7990 2
8011 2
7962 2
7959 2
7999 2
7976 2
8020 2
8035 2
8026 2
8041 2
7993 2
8038 2
8018 2
8058 2
8047 2
8040 2
8070 2
8031 2
8080 2
8081 2
8016 2
8091 2
8036 2
8055 2
8101 2
8094 2
8116 2
8119 2
8104 2
8099 2
8129 2
8134 2
8092 2
8107 2
8090 2
8127 2
8111 2
8042 2
8056 2
8149 2
8143 2
8146 2
8169 2
8136 2
8147 2
8162 2
8180 2
8182 2
8138 2
8158 2
8118 2
8170 2
8219 2
8195 2
8220 2
8151 2
8213 2
8242 2
8173 2
8244 2
8223 2
8258 2
8231 2
8208 2
8276 2
8263 2
8240 2
8273 2
8275 2
8315 2
8307 2
8343 2
8350 2
8288 2
8361 2
8375 2
8324 2
8363 2
8404 2
8371 2
8418 2
8449 2
8450 2
8153 3
8165 3
8184 3
8193 3
8202 3
8212 3
8191 3
8224 3
8230 3
8241 3
8228 3
8215 3
8249 3
8252 3
8245 3
8266 3
8278 3
8291 3
8281 3
8270 3
8318 3
8325 3
8302 3
8337 3
8340 3
8309 3
8336 3
8346 3
8335 3
8320 3
8321 3
8372 3
8376 3
8377 3
8356 3
8374 3
8368 3
8362 3
8345 3
8392 3
8370 3
8382 3
8401 3
8408 3
8400 3
8384 3
8414 3
8421 3
8445 3
8432 3
8412 3
8436 3
8439 3
8456 3
8426 3
8452 3
8468 3
8470 3
8472 3
8434 3
8479 3
8476 3
8464 3
8451 3
8438 3
8498 3
8500 3
8469 3
8504 3
8467 3
8494 3
8521 3
8497 3
8507 3
8510 3
8512 3
8454 3
8515 3
8527 3
8522 3
8547 3
8548 3
8533 3
8530 3
8549 3
8563 3
8566 3
8545 3
8546 3
8541 3
8580 3
8555 3
8583 3
8524 3
8589 3
8575 3
8562 3
8601 3
8571 3
8542 3
8603 3
8606 3
8584 3
8607 3
8587 3
8611 3
8556 3
8598 3
8615 3
8618 3
8628 3
8617 3
8585 3
8554 3
8596 3
8646 3
8649 3
8624 3
8652 3
8614 3
8659 3
8660 3
8627 3
8665 3
8647 3
8685 3
8653 3
8680 3
8691 3
8701 3
8690 3
8707 3
8709 3
8676 3
8678 3
8728 3
8703 3
8732 3
8712 3
8718 3
8731 3
8724 3
8739 3
8741 3
8765 3
8767 3
8740 3
8698 3
8744 3
8778 3
8777 3
8725 3
8763 3
8788 3
8787 3
8736 3
8782 3
8785 3
8784 3
8749 3
8774 3
8829 3
8835 3
8840 3
8798 3
8830 3
8851 3
8853 3
8845 3
8836 3
8843 3
8864 3
8839 3
8846 3
8862 3
8870 3
8857 3
8858 3
8826 3
8897 3
8906 3
8903 3
8916 3
8886 3
8832 3
8919 3
8915 3
8925 3
8930 3
8934 3
8953 3
8962 3
8958 3
8871 3
8975 3
8981 3
8989 3
8935 3
9002 3
8927 3
8937 3
8992 3
9006 3
8955 3
9017 3
8961 3
9019 3
9018 3
9024 3
8985 3
9000 3
9025 3
9039 3
9040 3
9054 3
9049 3
9062 3
9037 3
9016 3
9068 3
9036 3
9072 3
9080 3
8950 3
9035 3
9110 3
9069 3
9091 3
9124 3
9130 3
9064 3
9031 3
9145 3
9058 3
9113 3
9171 3
9164 3
9151 3
9161 3
9129 3
9134 3
9176 3
9190 3
9196 3
9146 3
9198 3
9195 3
9218 3
9160 3
9225 3
9226 3
9228 3
9166 3
9205 3
9200 3
9239 3
9201 3
9243 3
9259 3
9263 3
9289 3
9278 3
9174 3
9244 3
9303 3
9257 3
9285 3
9248 3
9328 3
9256 3
9255 3
9202 3
9309 3
9337 3
9268 3
9355 3
9354 3
9270 3
9330 3
9338 3
9329 3
9380 3
9385 3
9374 3
9366 3
9382 3
9335 3
9400 3
9282 3
9378 3
9429 3
9381 3
9421 3
9410 3
9438 3
9420 3
9437 3
9431 3
9461 3
9440 3
9473 3
9460 3
9482 3
9483 3
9470 3
9487 3
9490 3
9491 3
9417 3
9415 3
9500 3
9451 3
9486 3
9424 3
9459 3
9506 3
9518 3
9539 3
9496 3
9464 3
9562 3
9558 3
9569 3
9525 3
9572 3
9523 3
9531 3
9535 3
9494 3
9542 3
9606 3
9598 3
9554 3
9607 3
9571 3
9580 3
9630 3
9626 3
9656 3
9660 3
9653 3
9613 3
9686 3
9658 3
9699 3
9657 3
9659 3
9667 3
9719 3
9679 3
9673 3
9723 3
9688 3
9697 3
9749 3
9732 3
9764 3
9777 3
9671 3
9750 3
9775 3
9768 3
9802 3
9754 3
9810 3
9787 3
9811 3
9745 3
9826 3
9806 3
9781 3
9761 3
9841 3
9809 3
9868 3
9871 3
9873 3
9865 3
9879 3
9870 3
9902 3
9872 3
9905 3
9860 3
9862 3
9918 3
9923 3
9875 3
9922 3
9949 3
9954 3
9929 3
9972 3
9909 3
9974 3
9965 3
9988 3
9971 3
9966 3
9950 3
9983 3
9883 3
10006 3
10012 3
10016 3
10026 3
10028 3
10004 3
10032 3
10027 3
10056 3
10058 3
10047 3
10050 3
10038 3
10066 3
10091 3
10055 3
10088 3
10021 3
10106 3
10111 3
10080 3
10113 3
10116 3
10119 3
10138 3
10130 3
10137 3
10120 3
10154 3
10104 3
10152 3
10157 3
10171 3
10184 3
10174 3
10182 3
10163 3
10158 3
10207 3
10208 3
10223 3
10219 3
10243 3
10217 3
10229 3
10247 3
10249 3
10250 3
10266 3
10248 3
10261 3
10284 3
10283 3
10308 3
10269 3
10277 3
10297 3
10286 3
10298 3
10328 3
10318 3
10339 3
10351 3
10368 3
10372 3
10366 3
10353 3
10360 3
10374 3
10388 3
10404 3
10415 3
10420 3
10419 3
10468 3
10430 3
5191 4
5194 4
5196 4
5206 4
5216 4
5217 4
5226 4
5221 4
5234 4
5214 4
5229 4
5244 4
5220 4
5257 4
5248 4
5258 4
5259 4
5274 4
5270 4
5284 4
5301 4
5266 4
5292 4
5308 4
5307 4
5321 4
5337 4
5311 4
5342 4
5303 4
5346 4
5327 4
5356 4
5363 4
5357 4
5373 4
5362 4
5361 4
5360 4
5388 4
5395 4
5398 4
5386 4
5391 4
5383 4
5414 4
5425 4
5427 4
5411 4
5432 4
5437 4
5429 4
5401 4
5408 4
5404 4
5385 4
5455 4
5441 4
5460 4
5445 4
5458 4
5467 4
5402 4
5368 4
5479 4
5397 4
5476 4
5452 4
5493 4
5487 4
5496 4
5501 4
5494 4
5511 4
5469 4
5503 4
5502 4
5495 4
5519 4
5440 4
5520 4
5524 4
5525 4
5528 4
5535 4
5490 4
5513 4
5533 4
5536 4
5543 4
5542 4
5555 4
5545 4
5556 4
5489 4
5498 4
5546 4
5549 4
5560 4
5537 4
5552 4
5584 4
5530 4
5573 4
5590 4
5595 4
5561 4
5568 4
5565 4
5599 4
5553 4
5577 4
5606 4
5612 4
5589 4
5615 4
5618 4
5481 4
5624 4
5613 4
5632 4
5633 4
5622 4
5629 4
5588 4
5644 4
5643 4
5631 4
5657 4
5674 4
5675 4
5671 4
5628 4
5694 4
5676 4
5673 4
5698 4
5637 4
5651 4
5627 4
5682 4
5611 4
5703 4
5723 4
5677 4
5725 4
5687 4
5688 4
5701 4
5730 4
5706 4
5711 4
5732 4
5681 4
5727 4
5735 4
5666 4
5663 4
5737 4
5739 4
5752 4
5757 4
5760 4
5714 4
5764 4
5722 4
5768 4
5776 4
5765 4
5770 4
5780 4
5771 4
5781 4
5790 4
5734 4
5795 4
5744 4
5762 4
5801 4
5718 4
5793 4
5807 4
5803 4
5816 4
5820 4
5789 4
5763 4
5825 4
5798 4
5813 4
5742 4
5809 4
5830 4
5831 4
5833 4
5715 4
5841 4
5826 4
5791 4
5829 4
5824 4
5800 4
5794 4
5828 4
5811 4
5848 4
5852 4
5851 4
5844 4
5835 4
5856 4
5855 4
5861 4
5854 4
5868 4
5863 4
5838 4
5872 4
5881 4
5879 4
5840 4
5893 4
5885 4
5897 4
5873 4
5888 4
5889 4
5880 4
5907 4
5910 4
5906 4
5911 4
5899 4
5862 4
5916 4
5917 4
5925 4
5931 4
5892 4
5939 4
5932 4
5940 4
5920 4
5943 4
5936 4
5938 4
5942 4
5971 4
5946 4
5944 4
5988 4
5970 4
5991 4
5987 4
5995 4
5964 4
5982 4
6000 4
5990 4
5977 4
5958 4
6017 4
6021 4
6028 4
6027 4
6042 4
6041 4
5993 4
6056 4
6014 4
6058 4
6062 4
6048 4
6068 4
6054 4
6008 4
6079 4
6030 4
6022 4
6065 4
6003 4
6093 4
6063 4
6089 4
6069 4
6104 4
6057 4
6102 4
6106 4
6016 4
6099 4
6117 4
6112 4
6134 4
6139 4
6138 4
6136 4
6149 4
6088 4
6146 4
6169 4
6170 4
6185 4
6165 4
6180 4
6178 4
6199 4
6200 4
6171 4
6206 4
6195 4
6217 4
6219 4
6202 4
6144 4
6157 4
6209 4
6229 4
6193 4
6205 4
6245 4
6250 4
6258 4
6248 4
6260 4
6266 4
6268 4
6262 4
6285 4
6210 4
6279 4
6299 4
6281 4
6304 4
6291 4
6201 4
6295 4
6293 4
6319 4
6324 4
6278 4
6331 4
6342 4
6350 4
6271 4
6346 4
6356 4
6357 4
6364 4
6369 4
6377 4
6387 4
6388 4
6379 4
6374 4
6404 4
6334 4
6418 4
6428 4
6407 4
6415 4
6367 4
6439 4
6421 4
6453 4
6449 4
6448 4
6462 4
6389 4
6434 4
6474 4
6484 4
6489 4
6432 4
6497 4
6486 4
6505 4
6499 4
6519 4
6524 4
6525 4
6464 4
6507 4
6538 4
6541 4
6535 4
6549 4
6529 4
6556 4
6518 4
6565 4
6571 4
6560 4
6583 4
6585 4
6591 4
6575 4
6559 4
6611 4
6612 4
6592 4
6620 4
6601 4
6625 4
6630 4
6503 4
6602 4
6641 4
6648 4
6622 4
6654 4
6656 4
6651 4
6686 4
6692 4
6650 4
6698 4
6702 4
6694 4
6712 4
6733 4
6749 4
6669 5
6685 5
6751 5
6760 5
6775 5
6682 5
6746 5
6739 5
6780 5
6742 5
6804 5
6820 5
6757 5
6839 5
6844 5
6845 5
6848 5
6850 5
6866 5
6835 5
6860 5
6876 5
6814 5
6884 5
6871 5
6877 5
6899 5
6912 5
6902 5
6917 5
6935 5
6969 5
6951 5
6967 5
6964 5
6981 5
6990 5
6900 5
6934 5
7010 5
6960 5
7017 5
7011 5
7026 5
7030 5
7005 5
7016 5
7024 5
7062 5
7053 5
7055 5
7050 5
7071 5
7037 5
7073 5
7081 5
7043 5
7114 5
7101 5
7132 5
7136 5
7127 5
7098 5
7171 5
7172 5
7122 5
7169 5
7157 5
7180 5
7102 5
7141 5
7134 5
7224 5
7207 5
7206 5
7253 5
7186 5
7150 5
7179 5
7273 5
7176 5
7261 5
7265 5
7289 5
7294 5
7287 5
7244 5
7292 5
7188 5
7277 5
7341 5
7272 5
7364 5
7365 5
7304 5
7362 5
7313 5
7314 5
7290 5
7361 5
7346 5
7324 5
7386 5
7398 5
7392 5
7401 5
7406 5
7374 5
7414 5
7404 5
7427 5
7437 5
7466 5
7415 5
7456 5
7488 5
7484 5
7413 5
7490 5
7493 5
7452 5
7453 5
7519 5
7515 5
7527 5
7444 5
7476 5
7542 5
7457 5
7569 5
7571 5
7573 5
7526 5
7532 5
7469 5
7465 5
7541 5
7549 5
7518 5
7593 5
7544 5
7610 5
7577 5
7561 5
7623 5
7551 5
7584 5
7588 5
7644 5
7646 5
7652 5
7667 5
7619 5
7656 5
7631 5
7693 5
7706 5
7685 5
7702 5
7714 5
7697 5
7642 5
7739 5
7635 5
7778 5
7748 5
7719 5
7659 5
7731 5
7729 5
7776 5
7736 5
7704 5
7772 5
7751 5
7678 5
7746 5
7779 5
7713 5
7799 5
7705 5
7790 5
7786 5
7808 5
7789 5
7819 5
7830 5
7845 5
7846 5
7849 5
7872 5
7873 5
7886 5
7852 5
7885 5
7875 5
7905 5
7887 5
7837 5
7859 5
7862 5
7855 5
7879 5
7930 5
7898 5
7923 5
7856 5
7944 5
7933 5
7918 5
7940 5
7947 5
7958 5
7950 5
7955 5
7964 5
7927 5
7936 5
7986 5
7981 5
7973 5
7996 5
7998 5
7965 5
7977 5
7971 5
8010 5
8030 5
7992 5
8045 5
8017 5
8054 5
8046 5
8039 5
7997 5
7988 5
8015 5
8006 5
8066 5
8079 5
8043 5
8060 5
8065 5
8088 5
8048 5
8027 5
8082 5
8142 5
8093 5
8124 5
8154 5
8117 5
8163 5
8140 5
8128 5
8089 5
8135 5
8122 5
8114 5
8188 5
8171 5
8137 5
8177 5
8209 5
8150 5
8034 5
8235 5
8096 5
8211 5
8232 5
8254 5
8159 5
8204 5
8260 5
8237 5
8253 5
8262 5
8205 5
8269 5
8261 5
8247 5
8283 5
8189 5
8292 5
8330 5
8227 5
8233 5
8310 5
8243 5
8203 5
8305 5
8339 5
8352 5
8347 5
8348 5
8303 5
8290 5
8333 5
8349 5
8251 5
8360 5
8341 5
8380 5
8338 5
8358 5
8402 5
8298 5
8429 5
8394 5
8355 5
8444 5
8390 5
8441 5
8351 5
8410 5
8419 5
8455 5
8342 5
8485 5
8481 5
8461 5
8496 5
8480 5
8486 5
8465 5
8539 5
8543 5
8531 5
8560 5
8534 5
8623 5
8630 5
8581 5
8650 5
8592 5
8656 5
8561 5
8632 5
8405 6
8415 6
8430 6
8435 6
8459 6
8453 6
8403 6
8501 6
8509 6
8511 6
8518 6
8447 6
8491 6
8526 6
8499 6
8538 6
8520 6
8553 6
8550 6
8517 6
8559 6
8578 6
8577 6
8568 6
8558 6
8599 6
8591 6
8621 6
8622 6
8593 6
8609 6
8636 6
8635 6
8633 6
8662 6
8664 6
8672 6
8674 6
8675 6
8682 6
8687 6
8657 6
8616 6
8697 6
8661 6
8713 6
8715 6
8673 6
8637 6
8669 6
8716 6
8730 6
8729 6
8720 6
8654 6
8748 6
8755 6
8699 6
8758 6
8693 6
8757 6
8761 6
8766 6
8742 6
8771 6
8756 6
8743 6
8768 6
8786 6
8791 6
8754 6
8794 6
8779 6
8776 6
8801 6
8797 6
8793 6
8824 6
8825 6
8769 6
8790 6
8770 6
8827 6
8760 6
8856 6
8876 6
8859 6
8847 6
8861 6
8854 6
8866 6
8895 6
8863 6
8902 6
8838 6
8898 6
8833 6
8909 6
8901 6
8893 6
8924 6
8823 6
8922 6
8917 6
8885 6
8932 6
8880 6
8943 6
8957 6
8944 6
8963 6
8945 6
8879 6
8867 6
8968 6
8911 6
8933 6
8970 6
8980 6
8984 6
8988 6
8994 6
9001 6
9004 6
9010 6
8931 6
9021 6
9027 6
9005 6
8939 6
9041 6
9048 6
9043 6
9051 6
9050 6
9057 6
9063 6
8996 6
9014 6
9071 6
9046 6
9081 6
9047 6
9087 6
9089 6
9056 6
9023 6
9076 6
9067 6
9101 6
9070 6
9116 6
9123 6
9109 6
9120 6
9088 6
9127 6
9137 6
9125 6
9139 6
9154 6
9119 6
9108 6
9141 6
9159 6
9148 6
9138 6
9185 6
9168 6
9193 6
9199 6
9181 6
9122 6
9167 6
9178 6
9211 6
9220 6
9206 6
9233 6
9208 6
9240 6
9183 6
9246 6
9251 6
9194 6
9267 6
9265 6
9276 6
9293 6
9294 6
9291 6
9191 6
9308 6
9144 6
9214 6
9288 6
9312 6
9331 6
9336 6
9339 6
9340 6
9307 6
9327 6
9352 6
9350 6
9356 6
9314 6
9345 6
9365 6
9342 6
9305 6
9367 6
9373 6
9375 6
9393 6
9346 6
9369 6
9396 6
9390 6
9412 6
9389 6
9452 6
9395 6
9445 6
9471 6
9404 6
9480 6
9475 6
9484 6
9462 6
9478 6
9379 6
9485 6
9477 6
9388 6
9488 6
9476 6
9511 6
9402 6
9502 6
9449 6
9489 6
9510 6
9514 6
9526 6
9479 6
9549 6
9534 6
9545 6
9546 6
9556 6
9602 6
9586 6
9623 6
9593 6
9629 6
9631 6
9641 6
9655 6
9590 6
9669 6
9649 6
9675 6
9676 6
9618 6
9644 6
9685 6
9600 6
9634 6
9588 6
9687 6
9696 6
9714 6
9663 6
9666 6
9729 6
9740 6
9610 6
9759 6
9765 6
9769 6
9748 6
9783 6
9800 6
9780 6
9813 6
9804 6
9836 6
9762 6
9847 6
9793 6
9854 6
9863 6
9823 6
9814 6
9861 6
9881 6
9812 6
9895 6
9889 6
9756 6
9912 6
9903 6
9843 6
9925 6
9937 6
9940 6
9943 6
9927 6
9956 6
9938 6
9948 6
9973 6
9962 6
9978 6
9944 6
9967 6
9980 6
9961 6
10001 6
10029 6
10040 6
9982 6
10017 6
10034 6
10051 6
10053 6
10044 6
9992 6
10009 6
10054 6
9968 6
10078 6
10073 6
10084 6
10094 6
10101 6
10105 6
10114 6
10133 6
10153 6
10122 6
10117 6
10160 6
10164 6
10156 6
10107 6
10165 6
10162 6
10172 6
10127 6
10210 6
10212 6
10198 6
10197 6
10222 6
10246 6
10233 6
10258 6
10254 6
10268 6
1 7
2 7
5 7
4 7
3 7
7 7
6 7
8 7
9 7
11 7
12 7
10 7
13 7
15 7
16 7
18 7
14 7
19 7
20 7
21 7
25 7
24 7
26 7
27 7
31 7
33 7
29 7
42 7
17 7
45 7
46 7
39 7
40 7
47 7
52 7
53 7
54 7
41 7
58 7
36 7
59 7
63 7
32 7
60 7
57 7
61 7
62 7
69 7
64 7
75 7
43 7
77 7
87 7
90 7
71 7
93 7
79 7
73 7
94 7
81 7
95 7
89 7
91 7
80 7
97 7
110 7
56 7
74 7
114 7
118 7
85 7
101 7
88 7
121 7
127 7
133 7
135 7
140 7
131 7
142 7
108 7
145 7
120 7
147 7
151 7
154 7
124 7
111 7
164 7
139 7
174 7
167 7
187 7
199 7
197 7
184 7
201 7
202 7
193 7
188 7
204 7
205 7
207 7
146 7
208 7
190 7
179 7
170 7
211 7
191 7
216 7
189 7
212 7
222 7
196 7
228 7
209 7
175 7
230 7
232 7
218 7
220 7
215 7
194 7
240 7
236 7
229 7
251 7
235 7
234 7
247 7
262 7
255 7
264 7
237 7
259 7
258 7
261 7
277 7
270 7
268 7
271 7
285 7
294 7
272 7
299 7
297 7
279 7
281 7
280 7
291 7
318 7
320 7
282 7
308 7
323 7
275 7
300 7
310 7
284 7
334 7
336 7
331 7
337 7
333 7
348 7
343 7
351 7
360 7
361 7
364 7
340 7
314 7
366 7
339 7
341 7
349 7
372 7
373 7
375 7
378 7
377 7
368 7
371 7
362 7
383 7
355 7
353 7
387 7
358 7
404 7
398 7
407 7
392 7
411 7
396 7
408 7
403 7
397 7
415 7
421 7
394 7
426 7
427 7
381 7
430 7
433 7
428 7
432 7
335 7
438 7
439 7
445 7
449 7
406 7
434 7
435 7
446 7
472 7
413 7
473 7
477 7
451 7
468 7
484 7
459 7
409 7
483 7
442 7
480 7
486 7
462 7
443 7
485 7
437 7
502 7
501 7
444 7
470 7
505 7
516 7
520 7
482 7
524 7
523 7
495 7
527 7
475 7
529 7
521 7
509 7
537 7
540 7
543 7
466 7
546 7
551 7
552 7
464 7
493 7
511 7
498 7
557 7
534 7
542 7
526 7
517 7
562 7
560 7
514 7
570 7
561 7
548 7
577 7
544 7
580 7
567 7
575 7
566 7
494 7
592 7
586 7
613 7
595 7
601 7
513 7
603 7
610 7
611 7
612 7
614 7
618 7
620 7
606 7
565 7
609 7
593 7
624 7
629 7
626 7
633 7
617 7
640 7
643 7
623 7
628 7
648 7
650 7
590 7
645 7
653 7
656 7
649 7
655 7
599 7
647 7
658 7
662 7
631 7
669 7
652 7
671 7
589 7
667 7
677 7
666 7
594 7
689 7
693 7
694 7
684 7
581 7
632 7
701 7
704 7
706 7
709 7
691 7
719 7
720 7
718 7
670 7
665 7
725 7
675 7
698 7
739 7
736 7
724 7
742 7
723 7
746 7
717 7
753 7
727 7
743 7
760 7
754 7
763 7
715 7
732 7
674 7
748 7
756 7
774 7
777 7
772 7
780 7
755 7
781 7
785 7
744 7
770 7
773 7
799 7
796 7
778 7
800 7
791 7
749 7
811 7
775 7
790 7
812 7
798 7
797 7
783 7
813 7
815 7
803 7
810 7
807 7
825 7
826 7
823 7
793 7
831 7
833 7
835 7
836 7
820 7
827 7
843 7
838 7
806 7
849 7
850 7
856 7
861 7
834 7
858 7
860 7
865 7
872 7
857 7
873 7
862 7
848 7
853 7
875 7
840 7
870 7
876 7
885 7
882 7
842 7
866 7
888 7
867 7
890 7
880 7
852 7
900 7
891 7
906 7
889 7
868 7
903 7
915 7
923 7
922 7
902 7
925 7
894 7
898 7
918 7
933 7
896 7
907 7
921 7
937 7
908 7
943 7
904 7
935 7
942 7
946 7
913 7
949 7
950 7
955 7
959 7
957 7
941 7
948 7
958 7
968 7
973 7
960 7
969 7
974 7
976 7
972 7
979 7
962 7
983 7
985 7
982 7
993 7
988 7
996 7
1000 7
1001 7
992 7
1004 7
984 7
1012 7
1010 7
1008 7
1015 7
1017 7
1016 7
978 7
987 7
1013 7
1022 7
1021 7
1019 7
1030 7
1031 7
1032 7
1034 7
1039 7
1025 7
1042 7
1020 7
1043 7
1005 7
1041 7
1049 7
1037 7
1051 7
1055 7
1057 7
1063 7
1066 7
1069 7
1064 7
1070 7
1074 7
1035 7
1085 7
1084 7
1071 7
1083 7
1050 7
1094 7
1095 7
1103 7
1105 7
1108 7
1107 7
1104 7
1113 7
1106 7
1093 7
1112 7
1110 7
1081 7
1121 7
1128 7
1118 7
1127 7
1144 7
1130 7
1141 7
1149 7
1150 7
1145 7
1163 7
1131 7
1165 7
1169 7
1142 7
1183 7
1190 7
1191 7
1188 7
1078 8
1090 8
1044 8
1054 8
1098 8
1126 8
1123 8
1096 8
1099 8
1136 8
1153 8
1157 8
1138 8
1155 8
1172 8
1151 8
1174 8
1175 8
1180 8
1168 8
1182 8
1156 8
1198 8
1201 8
1167 8
1197 8
1210 8
1196 8
1179 8
1213 8
1203 8
1200 8
1211 8
1217 8
1226 8
1199 8
1225 8
1233 8
1221 8
1232 8
1223 8
1227 8
1192 8
1239 8
1212 8
1241 8
1243 8
1252 8
1242 8
1253 8
1220 8
1256 8
1255 8
1260 8
1248 8
1257 8
1264 8
1266 8
1270 8
1278 8
1263 8
1282 8
1273 8
1287 8
1285 8
1271 8
1288 8
1279 8
1277 8
1281 8
1235 8
1274 8
1294 8
1286 8
1298 8
1300 8
1284 8
1311 8
1312 8
1296 8
1322 8
1319 8
1316 8
1302 8
1331 8
1333 8
1320 8
1327 8
1335 8
1336 8
1326 8
1317 8
1337 8
1344 8
1340 8
1324 8
1301 8
1328 8
1349 8
1338 8
1321 8
1361 8
1366 8
1355 8
1354 8
1363 8
1364 8
1372 8
1378 8
1371 8
1353 8
1379 8
1376 8
1375 8
1369 8
1383 8
1389 8
1370 8
1373 8
1374 8
1385 8
1380 8
1358 8
1397 8
1404 8
1394 8
1395 8
1403 8
1408 8
1405 8
1410 8
1414 8
1420 8
1387 8
1431 8
1412 8
1418 8
1416 8
1430 8
1424 8
1425 8
1440 8
1433 8
1452 8
1439 8
1445 8
1454 8
1465 8
1468 8
1442 8
1436 8
1458 8
1443 8
1477 8
1478 8
1466 8
1444 8
1475 8
1435 8
1479 8
1493 8
1469 8
1488 8
1476 8
1483 8
1480 8
1492 8
1496 8
1487 8
1505 8
1497 8
1510 8
1501 8
1448 8
1482 8
1495 8
1502 8
1494 8
1513 8
1525 8
1523 8
1519 8
1517 8
1526 8
1529 8
1490 8
1532 8
1514 8
1508 8
1538 8
1554 8
1551 8
1545 8
1542 8
1546 8
1557 8
1537 8
1559 8
1562 8
1556 8
1558 8
1552 8
1574 8
1571 8
1543 8
1570 8
1544 8
1572 8
1590 8
1561 8
1569 8
1577 8
1580 8
1604 8
1609 8
1587 8
1582 8
1610 8
1596 8
1578 8
1585 8
1584 8
1607 8
1615 8
1616 8
1611 8
1573 8
1629 8
1591 8
1622 8
1627 8
1617 8
1625 8
1624 8
1638 8
1588 8
1632 8
1642 8
1599 8
1603 8
1649 8
1641 8
1657 8
1658 8
1646 8
1663 8
1667 8
1670 8
1676 8
1682 8
1651 8
1645 8
1672 8
1683 8
1674 8
1678 8
1666 8
1654 8
1677 8
1665 8
1661 8
1686 8
1697 8
1656 8
1700 8
1687 8
1692 8
1679 8
1702 8
1714 8
1710 8
1699 8
1701 8
1712 8
1713 8
1711 8
1671 8
1695 8
1720 8
1706 8
1735 8
1733 8
1727 8
1722 8
1731 8
1730 8
1726 8
1738 8
1724 8
1736 8
1743 8
1739 8
1749 8
1761 8
1752 8
1746 8
1754 8
1751 8
1704 8
1755 8
1763 8
1776 8
1771 8
1756 8
1772 8
1741 8
1767 8
1779 8
1774 8
1740 8
1758 8
1783 8
1787 8
1773 8
1766 8
1791 8
1808 8
1806 8
1769 8
1807 8
1801 8
1802 8
1815 8
1790 8
1799 8
1793 8
1803 8
1819 8
1818 8
1830 8
1836 8
1812 8
1834 8
1817 8
1821 8
1832 8
1840 8
1849 8
1823 8
1828 8
1824 8
1810 8
1831 8
1843 8
1825 8
1827 8
1844 8
1868 8
1842 8
1875 8
1877 8
1848 8
1862 8
1829 8
1880 8
1853 8
1859 8
1864 8
1888 8
1869 8
1893 8
1882 8
1902 8
1860 8
1889 8
1900 8
1891 8
1898 8
1908 8
1914 8
1915 8
1917 8
1886 8
1912 8
1928 8
1899 8
1916 8
1913 8
1918 8
1921 8
1930 8
1924 8
1867 8
1904 8
1927 8
1939 8
1923 8
1933 8
1906 8
1949 8
1929 8
1919 8
1942 8
1910 8
1957 8
1931 8
1950 8
1968 8
1964 8
1967 8
1948 8
1965 8
1982 8
1983 8
1990 8
1976 8
1981 8
1979 8
1977 8
1969 8
1996 8
1962 8
1984 8
1980 8
1974 8
2004 8
1963 8
2006 8
2008 8
1970 8
2003 8
2021 8
2018 8
2013 8
2017 8
1975 8
2024 8
2009 8
1978 8
1999 8
2012 8
2023 8
2027 8
2032 8
2034 8
2029 8
2001 8
2035 8
2000 8
2030 8
2047 8
2025 8
2046 8
2005 8
2039 8
2037 8
2055 8
2057 8
2048 8
2069 8
2070 8
2061 8
2058 8
2076 8
2072 8
2062 8
2073 8
2059 8
2050 8
2026 8
2038 8
2071 8
2083 8
2086 8
2079 8
2093 8
2066 8
2068 8
2091 8
2089 8
2100 8
2085 8
2065 8
2106 8
2094 8
2082 8
2097 8
2121 8
2123 8
2116 8
2103 8
2114 8
2131 8
2126 8
2135 8
2111 8
2140 8
2132 8
2109 8
2133 8
2130 8
2141 8
2115 8
2148 8
2128 8
2102 8
2145 8
2159 8
2161 8
2144 8
2165 8
2162 8
2142 8
2146 8
2166 8
2176 8
2160 8
2177 8
2156 8
2152 8
2178 8
2155 8
2181 8
2182 8
2179 8
2172 8
2197 8
2180 8
2184 8
2171 8
2187 8
2196 8
2157 8
2209 8
2210 8
2200 8
2203 8
2154 8
2189 8
2191 8
2199 8
2186 8
2224 8
2214 8
2218 8
2227 8
2228 8
2229 8
2219 8
2233 8
2194 8
2222 8
2245 8
2192 8
2246 8
2207 8
2225 8
2223 8
2239 8
2226 8
2251 8
2256 8
2243 8
2240 8
2258 8
2234 8
2255 8
2264 8
2266 8
2259 8
2269 8
2273 8
2252 8
2271 8
2268 8
2281 8
2290 8
2276 8
2262 8
2277 8
2283 8
2280 8
2292 8
2291 8
2295 8
2304 8
2287 8
2286 8
2306 8
2299 8
2307 8
2308 8
2317 8
2270 8
2316 8
2328 8
2326 8
2324 8
2309 8
2318 8
2319 8
2325 8
2337 8
2338 8
2339 8
2314 8
2296 8
2322 8
2342 8
2302 8
2350 8
2348 8
2347 8
2351 8
2329 8
2315 8
2360 8
2353 8
2365 8
2371 8
2344 8
2367 8
2366 8
2372 8
2376 8
2363 8
2341 8
2375 8
2384 8
2357 8
2379 8
2393 8
2387 8
2377 8
2401 8
2321 8
2383 8
2398 8
2373 8
2410 8
2394 8
2407 8
2414 8
2388 8
2406 8
2409 8
2391 8
2419 8
2422 8
2421 8
2381 8
2423 8
2362 8
2429 8
2426 8
2412 8
2435 8
2431 8
2442 8
2425 8
2390 8
2411 8
2452 8
2440 8
2446 8
2445 8
2433 8
2453 8
2450 8
2461 8
2454 8
2449 8
2451 8
2444 8
2457 8
2463 8
2474 8
2476 8
2478 8
2462 8
2436 8
2465 8
2475 8
2483 8
2484 8
2488 8
2459 8
2480 8
2497 8
2499 8
2472 8
2492 8
2469 8
2477 8
2494 8
2500 8
2502 8
2512 8
2517 8
2501 8
2490 8
2519 8
2496 8
2523 8
2524 8
2511 8
2486 8
2526 8
2485 8
2510 8
2493 8
2513 8
2532 8
2516 8
2547 8
2548 8
2542 8
2543 8
2544 8
2545 8
2556 8
2552 8
2558 8
2522 8
2540 8
2553 8
2528 8
2559 8
2560 8
2561 8
2569 8
2566 8
2550 8
2562 8
2567 8
2581 8
2555 8
2579 8
2580 8
2588 8
2584 8
2591 8
2585 8
2576 8
2577 8
2583 8
2604 8
2582 8
2609 8
2571 8
2590 8
2596 8
2617 8
2603 8
2600 8
2621 8
2613 8
2622 8
2630 8
2631 8
2627 8
2632 8
2623 8
2607 8
2641 8
2642 8
2634 8
2635 8
2644 8
2614 8
2637 8
2639 8
2649 8
2611 8
2624 8
2638 8
2651 8
2647 8
2599 8
2662 8
2653 8
2648 8
2646 8
2672 8
2673 8
2669 8
2671 8
2678 8
2670 8
2690 8
2694 8
2682 8
2680 8
2674 8
2692 8
2687 8
2699 8
2701 8
2702 8
2706 8
2713 8
2715 8
2708 8
2722 8
2714 8
2740 8
2736 8
2725 8
2733 8
2685 8
2743 8
2746 8
2742 8
2757 8
2748 8
2744 8
2762 8
2741 8
2751 8
2764 8
2767 8
2775 8
2786 8
2789 8
2783 8
2800 8
2831 8
2837 8
2675 9
2691 9
2703 9
2704 9
2710 9
2711 9
2683 9
2723 9
2745 9
2731 9
2752 9
2724 9
2735 9
2753 9
2726 9
2773 9
2780 9
2763 9
2737 9
2776 9
2785 9
2781 9
2774 9
2791 9
2797 9
2794 9
2799 9
2809 9
2769 9
2807 9
2760 9
2829 9
2777 9
2768 9
2792 9
2810 9
2830 9
2821 9
2806 9
2826 9
2819 9
2844 9
2834 9
2838 9
2851 9
2803 9
2854 9
2862 9
2849 9
2863 9
2861 9
2868 9
2860 9
2877 9
2865 9
2840 9
2876 9
2871 9
2790 9
2828 9
2883 9
2867 9
2891 9
2866 9
2884 9
2847 9
2896 9
2899 9
2870 9
2908 9
2887 9
2873 9
2842 9
2900 9
2890 9
2893 9
2901 9
2902 9
2892 9
2886 9
2921 9
2917 9
2925 9
2880 9
2889 9
2928 9
2932 9
2922 9
2915 9
2931 9
2914 9
2940 9
2946 9
2927 9
2945 9
2937 9
2952 9
2954 9
2939 9
2944 9
2958 9
2947 9
2965 9
2895 9
2913 9
2963 9
2967 9
2974 9
2961 9
2973 9
2964 9
2983 9
2951 9
2933 9
2978 9
2960 9
2986 9
2991 9
2977 9
2968 9
2982 9
2976 9
2996 9
3002 9
2995 9
2979 9
2988 9
3013 9
3015 9
2999 9
3023 9
3016 9
3028 9
3039 9
3040 9
3041 9
3018 9
3043 9
3046 9
3005 9
3032 9
3035 9
3050 9
3037 9
3031 9
3008 9
3017 9
3061 9
3064 9
3033 9
3030 9
3059 9
3053 9
3063 9
3052 9
3068 9
3024 9
3026 9
3006 9
3084 9
3057 9
3070 9
3080 9
3075 9
3025 9
3055 9
3062 9
3066 9
3091 9
3077 9
3096 9
3099 9
3104 9
3094 9
3065 9
3095 9
3109 9
3116 9
3093 9
3101 9
3120 9
3105 9
3118 9
3081 9
3129 9
3114 9
3135 9
3108 9
3138 9
3115 9
3121 9
3144 9
3126 9
3128 9
3071 9
3141 9
3119 9
3124 9
3148 9
3145 9
3149 9
3155 9
3147 9
3166 9
3133 9
3169 9
3170 9
3142 9
3139 9
3152 9
3158 9
3150 9
3136 9
3171 9
3168 9
3185 9
3182 9
3154 9
3179 9
3178 9
3177 9
3151 9
3191 9
3181 9
3156 9
3176 9
3187 9
3210 9
3198 9
3203 9
3194 9
3200 9
3227 9
3204 9
3226 9
3228 9
3235 9
3193 9
3207 9
3217 9
3239 9
3231 9
3236 9
3234 9
3249 9
3209 9
3230 9
3240 9
3212 9
3233 9
3241 9
3201 9
3225 9
3257 9
3221 9
3251 9
3218 9
3266 9
3238 9
3220 9
3254 9
3268 9
3279 9
3260 9
3267 9
3283 9
3276 9
3288 9
3275 9
3273 9
3285 9
3272 9
3280 9
3271 9
3289 9
3302 9
3274 9
3326 9
3310 9
3303 9
3313 9
3327 9
3323 9
3333 9
3332 9
3334 9
3293 9
3329 9
3343 9
3331 9
3336 9
3309 9
3306 9
3317 9
3314 9
3297 9
3316 9
3350 9
3311 9
3342 9
3284 9
3346 9
3341 9
3360 9
3352 9
3347 9
3365 9
3354 9
3356 9
3338 9
3367 9
3376 9
3373 9
3372 9
3345 9
3371 9
3355 9
3381 9
3375 9
3380 9
3379 9
3250 9
3357 9
3392 9
3361 9
3378 9
3359 9
3405 9
3344 9
3398 9
3402 9
3396 9
3403 9
3389 9
3424 9
3433 9
3431 9
3401 9
3425 9
3416 9
3407 9
3411 9
3436 9
3426 9
3448 9
3447 9
3454 9
3427 9
3421 9
3408 9
3432 9
3450 9
3457 9
3442 9
3462 9
3410 9
3390 9
3460 9
3415 9
3451 9
3473 9
3478 9
3467 9
3441 9
3458 9
3439 9
3483 9
3472 9
3480 9
3479 9
3463 9
3495 9
3493 9
3497 9
3499 9
3489 9
3453 9
3507 9
3487 9
3482 9
3470 9
3477 9
3500 9
3509 9
3528 9
3505 9
3461 9
3491 9
3544 9
3548 9
3523 9
3517 9
3546 9
3536 9
3527 9
3521 9
3512 9
3545 9
3537 9
3534 9
3566 9
3551 9
3567 9
3540 9
3525 9
3569 9
3563 9
3555 9
3573 9
3520 9
3539 9
3510 9
3542 9
3568 9
3554 9
3531 9
3532 9
3575 9
3584 9
3529 9
3543 9
3582 9
3570 9
3596 9
3598 9
3594 9
3599 9
3603 9
3590 9
3607 9
3571 9
3615 9
3561 9
3616 9
3588 9
3583 9
3624 9
3622 9
3581 9
3627 9
3617 9
3606 9
3605 9
3637 9
3629 9
3625 9
3623 9
3635 9
3626 9
3642 9
3516 9
3609 9
3646 9
3610 9
3645 9
3640 9
3620 9
3653 9
3639 9
3597 9
3649 9
3641 9
3665 9
3661 9
3668 9
3673 9
3675 9
3677 9
3669 9
3651 9
3678 9
3633 9
3654 9
3685 9
3687 9
3660 9
3691 9
3670 9
3688 9
3700 9
3686 9
3694 9
3712 9
3693 9
3715 9
3703 9
3696 9
3697 9
3716 9
3728 9
3680 9
3714 9
3721 9
3729 9
3727 9
3732 9
3739 9
3709 9
3707 9
3710 9
3706 9
3698 9
3723 9
3742 9
3701 9
3747 9
3725 9
3717 9
3734 9
3741 9
3724 9
3753 9
3769 9
3768 9
3764 9
3767 9
3781 9
3777 9
3779 9
3785 9
3750 9
3765 9
3760 9
3763 9
3758 9
3778 9
3793 9
3792 9
3787 9
3762 9
3791 9
3799 9
3783 9
3743 9
3744 9
3759 9
3807 9
3803 9
3802 9
3801 9
3811 9
3815 9
3804 9
3756 9
3786 9
3817 9
3823 9
3771 9
3818 9
3766 9
3822 9
3835 9
3814 9
3831 9
3826 9
3788 9
3820 9
3770 9
3839 9
3834 9
3832 9
3851 9
3846 9
3854 9
3825 9
3857 9
3827 9
3852 9
3873 9
3829 9
3843 9
3879 9
3864 9
3888 9
3863 9
3865 9
3893 9
3862 9
3897 9
3837 9
3849 9
3858 9
3890 9
3899 9
3880 9
3903 9
3889 9
3900 9
3877 9
3914 9
3887 9
3921 9
3925 9
3909 9
3895 9
3922 9
3934 9
3918 9
3938 9
3939 9
3908 9
3929 9
3942 9
3917 9
3937 9
3870 9
3936 9
3944 9
3904 9
3913 9
3946 9
3950 9
3911 9
3891 9
3954 9
3959 9
3966 9
3927 9
3957 9
3973 9
3949 9
3976 9
3924 9
3984 9
3980 9
3987 9
3958 9
3969 9
3965 9
3993 9
3974 9
3931 9
3997 9
3994 9
3970 9
3932 9
4002 9
3983 9
4014 9
4009 9
3996 9
3989 9
3998 9
4024 9
3977 9
3979 9
4005 9
4008 9
4023 9
4031 9
4017 9
4030 9
4039 9
4000 9
4042 9
4001 9
4027 9
4034 9
3943 9
4010 9
4015 9
4035 9
4051 9
4054 9
4040 9
4038 9
4011 9
4063 9
4066 9
4046 9
4029 9
3960 9
4037 9
4041 9
4055 9
4073 9
4058 9
4080 9
4053 9
4004 9
4082 9
4084 9
4068 9
4075 9
4078 9
4094 9
4064 9
4098 9
4045 9
4093 9
4049 9
4081 9
4112 9
4107 9
4108 9
4101 9
4122 9
4052 9
4124 9
4127 9
4135 9
4133 9
4121 9
4111 9
4141 9
4092 9
4144 9
4138 9
4155 9
4158 9
4162 9
4152 9
4160 9
4097 9
4166 9
4139 9
4159 9
4137 9
4179 9
4106 9
4148 9
4129 9
4143 9
4172 9
4156 9
4183 9
4181 9
4195 9
4198 9
4175 9
4178 9
4204 9
4140 9
4136 9
4221 9
4184 9
4222 9
4211 9
4215 9
4193 9
4231 9
4244 9
4208 9
4252 9
4257 9
4237 9
4251 9
4191 9
4192 9
4263 9
4261 9
4209 9
4249 9
4153 9
4274 9
4232 9
4275 9
4206 9
4234 9
4182 9
4253 9
4297 9
4288 9
4300 9
4289 9
4243 9
4317 9
4281 9
4316 9
4262 9
4331 9
4286 9
4323 9
4303 9
4329 9
4327 9
4271 9
4346 9
4345 9
4318 9
4352 9
4293 9
4309 9
4344 9
4335 9
4366 9
4367 9
4311 9
4319 9
4362 9
4383 9
4372 9
4384 9
4386 9
4382 9
4376 9
4400 9
4356 9
4375 9
4369 9
4405 9
4351 9
4409 9
4393 9
4413 9
4392 9
4416 9
4424 9
4431 9
4404 9
4378 9
4422 9
4441 9
4423 9
4446 9
4449 9
4444 9
4443 9
4457 9
4461 9
4445 9
4425 9
4473 9
4442 9
4464 9
4458 9
4470 9
4450 9
4465 9
4494 9
4489 9
4342 9
4495 9
4417 9
4467 9
4497 9
4519 9
4523 9
4466 9
4506 9
4524 9
4434 9
4535 9
4517 9
4516 9
4507 9
4515 9
4521 9
4544 9
4518 9
4509 9
4550 9
4526 9
4525 9
4483 9
4542 9
4534 9
4559 9
4569 9
4560 9
4583 9
4585 9
4572 9
4586 9
4549 9
4607 9
4551 9
4606 9
4611 9
4592 9
4614 9
4605 9
4598 9
4615 9
4589 9
4460 9
4595 9
4609 9
4618 9
4608 9
4628 9
4599 9
4638 9
4661 9
4617 9
4630 9
4650 9
4675 9
4679 9
4647 9
4626 9
4690 9
4681 9
4693 9
4673 9
4709 9
4703 9
4718 9
4694 9
4665 9
4687 9
4639 9
4708 9
4716 9
4657 9
4666 9
4732 9
4735 9
4736 9
4737 9
4740 9
4667 9
4701 9
4730 9
4710 9
4660 9
4753 9
4756 9
4755 9
4767 9
4724 9
4680 9
4774 9
4741 9
4742 9
4778 9
4744 9
4779 9
4787 9
4805 9
4807 9
4780 9
4775 9
4819 9
4793 9
4791 9
4833 9
4831 9
4834 9
4839 9
4812 9
4827 9
4826 9
4828 9
4809 9
4821 9
4842 9
4820 9
4798 9
4843 9
4836 9
4845 9
4865 9
4880 9
4895 9
4835 9
4889 9
4898 9
4912 9
4915 9
4923 9
4900 9
4935 9
4968 9
4958 9
4966 9
4919 9
4948 9
4991 9
4911 9
5002 9
5007 9
5034 9
4974 9
5014 9
5044 9
5048 9
5006 9
5016 9
4994 9
4997 9
5064 9
4964 9
5012 9
5075 9
5054 9
5092 9
5094 9
5045 9
4989 9
5106 9
5033 9
5046 9
5149 9
5158 9
5136 9
5184 9
5190 9
5157 9
5119 9
5164 9
5230 9
5160 9
5204 9
5272 9
5235 9
5199 9
5264 9
5265 9
5290 9
5280 9
5338 9
5377 9
5330 9
5375 9
5384 9
5228 9
5287 9
5468 9
5417 9
5418 9
5472 9
5336 9
5485 9
5529 9
5428 9
5478 9
5466 9
5430 9
5576 9
5527 9
5541 9
5587 9
5645 9
5630 9
5670 9
5749 9
5636 9
5775 9
5598 9
5621 9
5779 9
5747 9
5774 9
5642 9
5758 9
5806 9
5845 9
5923 9
5929 9
5965 9
5962 9
6024 9
6023 9
6026 9
23 10
22 10
30 10
35 10
38 10
28 10
37 10
34 10
51 10
50 10
48 10
44 10
55 10
49 10
65 10
66 10
72 10
76 10
78 10
67 10
84 10
82 10
92 10
70 10
68 10
86 10
98 10
99 10
100 10
103 10
102 10
106 10
107 10
109 10
112 10
113 10
116 10
119 10
104 10
123 10
125 10
126 10
128 10
132 10
122 10
136 10
134 10
138 10
129 10
143 10
117 10
83 10
148 10
149 10
105 10
144 10
96 10
152 10
137 10
115 10
156 10
150 10
157 10
130 10
160 10
165 10
159 10
163 10
141 10
166 10
155 10
169 10
173 10
177 10
172 10
178 10
182 10
183 10
186 10
171 10
158 10
180 10
161 10
185 10
168 10
198 10
200 10
203 10
195 10
192 10
176 10
162 10
217 10
153 10
224 10
225 10
223 10
219 10
227 10
231 10
206 10
226 10
233 10
238 10
239 10
181 10
221 10
245 10
246 10
241 10
210 10
244 10
248 10
242 10
243 10
249 10
252 10
253 10
12484 10
260 10
263 10
257 10
254 10
267 10
213 10
269 10
250 10
273 10
283 10
256 10
288 10
265 10
290 10
293 10
296 10
276 10
292 10
278 10
301 10
286 10
304 10
306 10
307 10
289 10
274 10
214 10
266 10
311 10
298 10
313 10
317 10
322 10
325 10
326 10
309 10
302 10
321 10
329 10
328 10
287 10
330 10
316 10
332 10
319 10
315 10
324 10
338 10
312 10
303 10
347 10
352 10
357 10
327 10
342 10
356 10
365 10
305 10
354 10
295 10
369 10
12485 10
370 10
345 10
374 10
344 10
380 10
376 10
363 10
350 10
379 10
346 10
389 10
391 10
393 10
384 10
382 10
395 10
385 10
399 10
402 10
367 10
414 10
400 10
417 10
418 10
410 10
390 10
420 10
405 10
12486 10
425 10
429 10
388 10
431 10
412 10
359 10
424 10
448 10
450 10
452 10
401 10
447 10
454 10
456 10
422 10
457 10
436 10
416 10
423 10
465 10
458 10
469 10
471 10
463 10
453 10
467 10
478 10
479 10
522 10
474 10
488 10
476 10
461 10
491 10
489 10
492 10
441 10
455 10
419 10
481 10
496 10
504 10
386 10
506 10
508 10
515 10
519 10
510 10
460 10
490 10
512 10
525 10
507 10
530 10
499 10
532 10
503 10
533 10
538 10
518 10
535 10
497 10
536 10
549 10
550 10
553 10
559 10
531 10
547 10
528 10
541 10
487 10
440 10
500 10
563 10
571 10
568 10
573 10
564 10
576 10
539 10
558 10
583 10
574 10
585 10
579 10
582 10
569 10
555 10
588 10
556 10
591 10
597 10
587 10
572 10
602 10
578 10
600 10
608 10
605 10
619 10
554 10
621 10
622 10
598 10
625 10
596 10
545 10
627 10
616 10
636 10
637 10
641 10
584 10
642 10
607 10
635 10
630 10
651 10
654 10
657 10
644 10
646 10
615 10
639 10
659 10
660 10
663 10
664 10
604 10
672 10
638 10
634 10
673 10
678 10
679 10
681 10
682 10
688 10
676 10
690 10
685 10
680 10
692 10
695 10
687 10
696 10
699 10
697 10
668 10
700 10
702 10
703 10
707 10
708 10
683 10
686 10
713 10
714 10
726 10
661 10
711 10
712 10
721 10
716 10
710 10
733 10
735 10
737 10
734 10
729 10
740 10
738 10
722 10
731 10
741 10
750 10
751 10
728 10
705 10
758 10
757 10
765 10
752 10
730 10
768 10
764 10
769 10
771 10
761 10
776 10
762 10
745 10
767 10
782 10
759 10
747 10
784 10
787 10
766 10
779 10
792 10
795 10
802 10
794 10
805 10
808 10
786 10
801 10
788 10
789 10
809 10
814 10
816 10
819 10
822 10
804 10
828 10
830 10
824 10
839 10
817 10
832 10
847 10
846 10
821 10
841 10
854 10
855 10
859 10
845 10
863 10
864 10
869 10
818 10
871 10
837 10
874 10
851 10
877 10
879 10
881 10
844 10
884 10
886 10
829 10
893 10
883 10
892 10
901 10
897 10
899 10
887 10
911 10
910 10
909 10
878 10
920 10
919 10
926 10
928 10
929 10
927 10
895 10
934 10
930 10
936 10
917 10
924 10
938 10
931 10
905 10
914 10
940 10
944 10
916 10
952 10
932 10
954 10
912 10
945 10
963 10
964 10
965 10
947 10
951 10
971 10
967 10
975 10
939 10
953 10
956 10
977 10
980 10
981 10
966 10
989 10
961 10
990 10
986 10
995 10
970 10
1002 10
999 10
1007 10
1003 10
1009 10
1014 10
997 10
991 10
1024 10
994 10
998 10
1027 10
1028 10
1029 10
1036 10
1040 10
1038 10
1018 10
1023 10
1045 10
1046 10
1047 10
1048 10
1026 10
1011 10
1058 10
1061 10
1056 10
1062 10
1068 10
1060 10
1052 10
1073 10
1082 10
1075 10
1080 10
1087 10
1097 10
1100 10
1089 10
1109 10
1111 10
1088 10
1116 10
1059 10
1115 10
1114 10
1120 10
1124 10
1135 10
1147 10
1033 11
1006 11
1076 11
1053 11
1079 11
1077 11
1072 11
1091 11
1065 11
1102 11
1086 11
1092 11
1101 11
1117 11
1119 11
1067 11
1122 11
1125 11
1132 11
1133 11
1129 11
1143 11
1134 11
1148 11
1146 11
1158 11
1161 11
1139 11
1154 11
1160 11
1166 11
1171 11
1173 11
1162 11
1177 11
1178 11
1164 11
1152 11
1170 11
1159 11
1185 11
1140 11
1181 11
1187 11
1184 11
1137 11
1186 11
1189 11
1195 11
1193 11
1194 11
1204 11
1205 11
1207 11
1208 11
1202 11
1176 11
1209 11
1219 11
1218 11
1216 11
1214 11
1222 11
1224 11
1228 11
1206 11
1234 11
1215 11
1230 11
1236 11
1231 11
1240 11
1244 11
1249 11
1238 11
1245 11
1237 11
1250 11
1251 11
1229 11
1259 11
1262 11
1267 11
1254 11
1268 11
1269 11
1261 11
1265 11
1275 11
1247 11
1276 11
1258 11
1272 11
1280 11
1283 11
1289 11
1246 11
1290 11
1291 11
1297 11
1295 11
1292 11
1303 11
1310 11
1304 11
1293 11
1308 11
1305 11
1313 11
1306 11
1299 11
1314 11
1315 11
1325 11
1329 11
1307 11
1309 11
1323 11
1330 11
1334 11
1339 11
1342 11
1346 11
1343 11
1348 11
1356 11
1341 11
1357 11
1345 11
1347 11
1365 11
1351 11
1350 11
1359 11
1360 11
1367 11
1352 11
1332 11
1362 11
1368 11
1318 11
1381 11
1377 11
1393 11
1392 11
1386 11
1391 11
1390 11
1398 11
1399 11
1382 11
1388 11
1400 11
1406 11
1407 11
1396 11
1413 11
1415 11
1401 11
1411 11
1384 11
1409 11
1402 11
1419 11
1422 11
1426 11
1432 11
1417 11
1423 11
1438 11
1446 11
1449 11
1429 11
1427 11
1450 11
1456 11
1441 11
1437 11
1455 11
1463 11
1459 11
1428 11
1464 11
1460 11
1447 11
1421 11
1473 11
1453 11
1457 11
1472 11
1474 11
1434 11
1471 11
1462 11
1486 11
1451 11
1491 11
1470 11
1461 11
1481 11
1467 11
1485 11
1489 11
1498 11
1507 11
1504 11
1515 11
1516 11
1520 11
1506 11
1484 11
1499 11
1511 11
1518 11
1500 11
1530 11
1527 11
1503 11
1534 11
1512 11
1536 11
1541 11
1540 11
1521 11
1535 11
1522 11
1509 11
1553 11
1539 11
1528 11
1533 11
1547 11
1560 11
1531 11
1563 11
1565 11
1549 11
1568 11
1564 11
1524 11
1550 11
1555 11
1548 11
1566 11
1575 11
1583 11
1567 11
1586 11
1597 11
1595 11
1606 11
1601 11
1581 11
1605 11
1579 11
1613 11
1594 11
1612 11
1589 11
1600 11
1592 11
1620 11
1614 11
1602 11
1593 11
1619 11
1608 11
1623 11
1626 11
1631 11
1618 11
1630 11
1633 11
1621 11
1576 11
1634 11
1598 11
1628 11
1644 11
1635 11
1648 11
1637 11
1650 11
1636 11
1653 11
1652 11
1660 11
1669 11
1668 11
1639 11
1659 11
1643 11
1673 11
1675 11
1647 11
1664 11
1688 11
1662 11
1685 11
1684 11
1705 11
1640 11
1703 11
1698 11
1694 11
1715 11
1690 11
1680 11
1718 11
1725 11
1691 11
1689 11
1696 11
1723 11
1728 11
1655 11
1709 11
1708 11
1716 11
1707 11
1693 11
1681 11
1745 11
1747 11
1750 11
1717 11
1721 11
1748 11
1759 11
1737 11
1744 11
1765 11
1764 11
1732 11
1757 11
1734 11
1777 11
1729 11
1760 11
1770 11
1768 11
1719 11
1753 11
1785 11
1778 11
1786 11
1742 11
1782 11
1789 11
1792 11
1784 11
1800 11
1762 11
1795 11
1805 11
1788 11
1780 11
1797 11
1794 11
1775 11
1816 11
1809 11
1804 11
1814 11
1781 11
1811 11
1822 11
1796 11
1798 11
1813 11
1826 11
1839 11
1850 11
1845 11
1841 11
1851 11
1837 11
1838 11
1833 11
1847 11
1835 11
1852 11
1846 11
1861 11
1820 11
1854 11
1857 11
1858 11
1870 11
1873 11
1874 11
1879 11
1878 11
1887 11
1881 11
1863 11
1865 11
1890 11
1883 11
1884 11
1856 11
1855 11
1866 11
1876 11
1895 11
1892 11
1894 11
1903 11
1901 11
1872 11
1897 11
1885 11
1926 11
1922 11
1905 11
1907 11
1871 11
1932 11
1911 11
1935 11
1938 11
1896 11
1940 11
1937 11
1936 11
1943 11
1920 11
1951 11
1945 11
1952 11
1946 11
1941 11
1909 11
1959 11
1953 11
1954 11
1925 11
1956 11
1934 11
1947 11
1961 11
1960 11
1972 11
1958 11
1966 11
1987 11
1971 11
1994 11
1995 11
1955 11
1993 11
1944 11
1998 11
1991 11
1988 11
2016 11
2007 11
2002 11
2011 11
2022 11
2019 11
1992 11
2020 11
2010 11
2014 11
1973 11
2036 11
2031 11
2028 11
2040 11
2015 11
2043 11
2044 11
2033 11
2041 11
1986 11
1985 11
2045 11
1997 11
2053 11
2056 11
1989 11
2042 11
2049 11
2063 11
2052 11
2074 11
2060 11
2077 11
2081 11
2075 11
2087 11
2088 11
2080 11
2090 11
2092 11
2054 11
2051 11
2067 11
2064 11
2105 11
2104 11
2084 11
2098 11
2110 11
2113 11
2112 11
2108 11
2124 11
2095 11
2117 11
2127 11
2101 11
2136 11
2137 11
2119 11
2096 11
2118 11
2134 11
2099 11
2147 11
2078 11
2138 11
2120 11
2107 11
2153 11
2129 11
2151 11
2143 11
2150 11
2163 11
2139 11
2125 11
2167 11
2170 11
2173 11
2174 11
2158 11
2169 11
2149 11
2183 11
2188 11
2122 11
2190 11
2198 11
2201 11
2164 11
2204 11
2193 11
2206 11
2168 11
2185 11
2211 11
2175 11
2205 11
2202 11
2212 11
2216 11
2220 11
2195 11
2213 11
2221 11
2208 11
2215 11
2232 11
2241 11
2236 11
2230 11
2231 11
2248 11
2242 11
2217 11
2253 11
2238 11
2244 11
2247 11
2254 11
2237 11
2249 11
2267 11
2265 11
2235 11
2263 11
2261 11
2257 11
2260 11
2272 11
2288 11
2285 11
2278 11
2274 11
2275 11
2293 11
2250 11
2289 11
2301 11
2297 11
2303 11
2282 11
2300 11
2305 11
2320 11
2298 11
2284 11
2279 11
2332 11
2323 11
2335 11
2334 11
2333 11
2313 11
2310 11
2311 11
2312 11
2345 11
2340 11
2330 11
2354 11
2346 11
2359 11
2352 11
2343 11
2327 11
2355 11
2336 11
2358 11
2361 11
2374 11
2294 11
2349 11
2369 11
2370 11
2382 11
2364 11
2389 11
2386 11
2396 11
2397 11
2378 11
2380 11
2331 11
2368 11
2395 11
2404 11
2356 11
2392 11
2416 11
2399 11
2405 11
2403 11
2413 11
2417 11
2402 11
2400 11
2415 11
2424 11
2437 11
2441 11
2432 11
2427 11
2385 11
2434 11
2408 11
2430 11
2438 11
2428 11
2443 11
2418 11
2447 11
2455 11
2439 11
2464 11
2458 11
2470 11
2420 11
2456 11
2473 11
2448 11
2482 11
2467 11
2468 11
2466 11
2491 11
2479 11
2481 11
2495 11
2503 11
2506 11
2509 11
2507 11
2514 11
2471 11
2515 11
2521 11
2518 11
2460 11
2520 11
2525 11
2505 11
2534 11
2508 11
2536 11
2537 11
2504 11
2541 11
2535 11
2527 11
2489 11
2533 11
2498 11
2551 11
2529 11
2539 11
2487 11
2530 11
2546 11
2531 11
2554 11
2568 11
2557 11
2574 11
2538 11
2578 11
2564 11
2575 11
2549 11
2570 11
2572 11
2586 11
2598 11
2592 11
2594 11
2601 11
2587 11
2565 11
2620 11
2593 11
2606 11
2615 11
2618 11
2640 11
2629 11
2654 11
2657 11
2625 11
2628 11
2652 11
2660 11
2676 11
2666 11
2688 11
2589 12
2573 12
2563 12
2608 12
2610 12
2612 12
2605 12
2616 12
2597 12
2626 12
2602 12
2643 12
2595 12
2645 12
2658 12
2656 12
2661 12
2633 12
2659 12
2663 12
2619 12
2650 12
2668 12
2655 12
2636 12
2665 12
2684 12
2667 12
2693 12
2664 12
2697 12
2679 12
2689 12
2707 12
2696 12
2695 12
2681 12
2720 12
2686 12
2698 12
2717 12
2712 12
2729 12
2677 12
2738 12
2700 12
2718 12
2716 12
2728 12
2734 12
2721 12
2747 12
2754 12
2755 12
2756 12
2732 12
2749 12
2705 12
2750 12
2761 12
2727 12
2765 12
2739 12
2772 12
2771 12
2719 12
2778 12
2730 12
2784 12
2758 12
2788 12
2709 12
2782 12
2770 12
2779 12
2766 12
2787 12
2795 12
2759 12
2798 12
2796 12
2805 12
2811 12
2812 12
2804 12
2814 12
2815 12
2816 12
2793 12
2824 12
2818 12
2835 12
2808 12
2832 12
2841 12
2825 12
2843 12
2827 12
2848 12
2850 12
2846 12
2852 12
2855 12
2802 12
2857 12
2836 12
2859 12
2853 12
2833 12
2864 12
2801 12
2817 12
2813 12
2869 12
2822 12
2878 12
2839 12
2820 12
2872 12
2888 12
2879 12
2881 12
2823 12
2858 12
2894 12
2898 12
2845 12
2875 12
2903 12
2905 12
2906 12
2874 12
2882 12
2912 12
2904 12
2885 12
2918 12
2897 12
2919 12
2916 12
2909 12
2910 12
2924 12
2856 12
2911 12
2907 12
2930 12
2929 12
2934 12
2936 12
2942 12
2926 12
2923 12
2953 12
2950 12
2943 12
2935 12
2955 12
2920 12
2956 12
2957 12
2966 12
2962 12
2970 12
2972 12
2941 12
2975 12
2969 12
2980 12
2981 12
2984 12
2987 12
2989 12
2938 12
2990 12
2959 12
2985 12
2993 12
2948 12
2998 12
2949 12
2992 12
3009 12
3010 12
3014 12
3012 12
3000 12
3019 12
2971 12
3001 12
3004 12
3007 12
3022 12
2994 12
3003 12
2997 12
3034 12
3011 12
3036 12
3047 12
3020 12
3045 12
3021 12
3054 12
3029 12
3038 12
3051 12
3056 12
3044 12
3027 12
3048 12
3067 12
3058 12
3072 12
3083 12
3078 12
3085 12
3074 12
3088 12
3049 12
3060 12
3076 12
3073 12
3092 12
3090 12
3079 12
3107 12
3086 12
3087 12
3042 12
3102 12
3097 12
3106 12
3110 12
3103 12
3082 12
3112 12
3098 12
3069 12
3113 12
3117 12
3089 12
3100 12
3122 12
3131 12
3134 12
3127 12
3130 12
3137 12
3125 12
3140 12
3132 12
3157 12
3123 12
3165 12
3146 12
3159 12
3172 12
3175 12
3164 12
3160 12
3111 12
3153 12
3174 12
3143 12
3189 12
3186 12
3161 12
3196 12
3197 12
3192 12
3167 12
3188 12
3184 12
3173 12
3199 12
3206 12
3163 12
3213 12
3190 12
3215 12
3180 12
3183 12
3205 12
3162 12
3208 12
3222 12
3214 12
3211 12
3229 12
3195 12
3219 12
3244 12
3232 12
3242 12
3247 12
3248 12
3237 12
3202 12
3253 12
3216 12
3243 12
3223 12
3245 12
3224 12
3256 12
3264 12
3252 12
3269 12
3262 12
3255 12
3261 12
3277 12
3290 12
3292 12
3263 12
3259 12
3265 12
3258 12
3304 12
3270 12
3301 12
3278 12
3282 12
3305 12
3287 12
3291 12
3281 12
3307 12
3300 12
3322 12
3246 12
3324 12
3308 12
3315 12
3299 12
3298 12
3318 12
3321 12
3286 12
3296 12
3312 12
3320 12
3339 12
3337 12
3335 12
3330 12
3325 12
3294 12
3328 12
3358 12
3319 12
3351 12
3369 12
3340 12
3348 12
3349 12
3370 12
3295 12
3383 12
3384 12
3353 12
3387 12
3391 12
3364 12
3368 12
3362 12
3393 12
3394 12
3377 12
3363 12
3386 12
3374 12
3385 12
3388 12
3414 12
3417 12
3413 12
3382 12
3400 12
3395 12
3366 12
3412 12
3419 12
3406 12
3437 12
3423 12
3445 12
3446 12
3422 12
3430 12
3429 12
3434 12
3420 12
3440 12
3404 12
3418 12
3397 12
3449 12
3455 12
3466 12
3399 12
3444 12
3452 12
3456 12
3435 12
3428 12
3464 12
3409 12
3443 12
3475 12
3469 12
3471 12
3481 12
3459 12
3485 12
3474 12
3484 12
3496 12
3476 12
3438 12
3492 12
3503 12
3508 12
3465 12
3513 12
3468 12
3506 12
3494 12
3518 12
3498 12
3502 12
3515 12
3522 12
3488 12
3530 12
3514 12
3541 12
3490 12
3526 12
3557 12
3556 12
3553 12
3511 12
3562 12
3558 12
3524 12
3550 12
3486 12
3560 12
3559 12
3538 12
3565 12
3564 12
3549 12
3504 12
3576 12
3577 12
3578 12
3533 12
3574 12
3547 12
3572 12
3519 12
3591 12
3552 12
3535 12
3604 12
3593 12
3587 12
3592 12
3585 12
3501 12
3611 12
3595 12
3619 12
3613 12
3589 12
3612 12
3586 12
3601 12
3602 12
3600 12
3631 12
3580 12
3632 12
3579 12
3621 12
3648 12
3652 12
3608 12
3643 12
3636 12
3634 12
3657 12
3614 12
3664 12
3628 12
3667 12
3658 12
3656 12
3647 12
3638 12
3659 12
3671 12
3650 12
3666 12
3672 12
3674 12
3630 12
3618 12
3655 12
3692 12
3695 12
3684 12
3689 12
3662 12
3644 12
3663 12
3726 12
3676 12
3702 12
3679 12
3681 12
3682 12
3735 12
3718 12
3704 12
3733 12
3737 12
3720 12
3690 12
3719 12
3731 12
3722 12
3711 12
3730 12
3736 12
3683 12
3746 12
3738 12
3773 12
3755 12
3775 12
3761 12
3699 12
3748 12
3754 12
3752 12
3713 12
3790 12
3708 12
3751 12
3784 12
3774 12
3757 12
3740 12
3749 12
3797 12
3782 12
3789 12
3796 12
3776 12
3780 12
3705 12
3745 12
3795 12
3806 12
3816 12
3772 12
3821 12
3824 12
3812 12
3805 12
3798 12
3828 12
3833 12
3830 12
3840 12
3800 12
3836 12
3810 12
3847 12
3794 12
3848 12
3808 12
3860 12
3855 12
3868 12
3876 12
3809 12
3813 12
3881 12
3841 12
3859 12
3842 12
3869 12
3856 12
3874 12
3850 12
3875 12
3845 12
3884 12
3892 12
3838 12
3894 12
3871 12
3866 12
3898 12
3861 12
3844 12
3896 12
3901 12
3853 12
3885 12
3886 12
3872 12
3906 12
3907 12
3882 12
3910 12
3819 12
3883 12
3915 12
3905 12
3902 12
3920 12
3912 12
3867 12
3916 12
3947 12
3878 12
3919 12
3923 12
3941 12
3940 12
3926 12
3945 12
3930 12
3952 12
3948 12
3964 12
3963 12
3962 12
3955 12
3981 12
3928 12
3935 12
3956 12
3951 12
3933 12
3995 12
3972 12
3953 12
3968 12
3982 12
3961 12
3990 12
3971 12
3988 12
3992 12
3967 12
4006 12
3986 12
4026 12
4003 12
4007 12
4019 12
3978 12
3991 12
4032 12
3985 12
4013 12
4025 12
4036 12
4020 12
4012 12
4018 12
3999 12
4016 12
3975 12
4028 12
4033 12
4021 12
4059 12
4062 12
4061 12
4050 12
4056 12
4069 12
4076 12
12498 12
4079 12
4048 12
4022 12
4086 12
4087 12
4077 12
4060 12
4090 12
4123 12
4065 12
4105 12
4085 12
4096 12
4071 12
12499 12
4089 12
4104 12
4088 12
4116 12
4091 12
4113 12
4074 12
4110 12
4109 12
4044 12
4057 12
4102 12
4072 12
4115 12
12494 12
4126 12
4100 12
4118 12
4142 12
12500 12
4103 12
4149 12
4120 12
4157 12
4128 12
4130 12
4114 12
4131 12
4125 12
4165 12
4146 12
4170 12
4047 12
4161 12
4169 12
4180 12
4145 12
4043 12
4154 12
4173 12
12492 12
4187 12
4189 12
4147 12
4176 12
4196 12
4151 12
4197 12
4199 12
4190 12
4168 12
4205 12
4171 12
4164 12
4213 12
4177 12
4201 12
4224 12
4227 12
4220 12
4226 12
4216 12
4188 12
4230 12
4214 12
4167 12
4240 12
4236 12
4219 12
4185 12
4233 12
4245 12
4247 12
4217 12
4248 12
4256 12
4242 12
4264 12
4268 12
4269 12
4255 12
4272 12
4273 12
4270 12
4228 12
4250 12
4277 12
4229 12
4280 12
4239 12
4283 12
4287 12
4276 12
4306 12
4308 12
4307 12
4299 12
4291 12
4312 12
4284 12
4302 12
4313 12
4265 12
4267 12
4260 12
4315 12
4294 12
4296 12
4254 12
4304 12
4333 12
4278 12
4336 12
4326 12
4341 12
4347 12
4310 12
4320 12
4368 12
4330 12
4371 12
4349 12
4314 12
4305 12
4377 12
4380 12
4285 12
4381 12
4350 12
4388 12
4370 12
4387 12
4357 12
4401 12
4389 12
4374 12
4363 12
4339 12
4410 12
4340 12
4407 12
4364 12
4396 12
4358 12
4348 12
4397 12
4415 12
4433 12
4435 12
4436 12
4406 12
4390 12
4448 12
4432 12
4421 12
4402 12
4472 12
4478 12
4485 12
4481 12
4479 12
4480 12
4447 12
4463 12
4498 12
4501 12
4438 12
4502 12
4504 12
4437 12
4486 12
4496 12
4462 12
4455 12
4531 12
4522 12
4514 12
4500 12
4543 12
4469 12
4539 12
4475 12
4532 12
4545 12
4552 12
4520 12
4564 12
4566 12
4527 12
4529 12
4546 12
4571 12
4577 12
4579 12
4578 12
4581 12
4513 12
4553 12
4492 12
4580 12
4587 12
4600 12
4547 12
4573 12
4603 12
4610 12
4602 12
4612 12
4619 12
4604 12
4632 12
4631 12
4634 12
4556 12
4591 12
4652 12
4640 12
4668 12
4676 12
4644 12
4684 12
4685 12
4656 12
4653 12
4648 12
4654 12
4706 12
4692 12
4672 12
4688 12
4711 12
4678 12
4669 12
4704 12
4659 12
4696 12
4683 12
4664 12
4686 12
4677 12
4714 12
4746 12
4749 12
4662 12
4758 12
4760 12
4717 12
4743 12
4754 12
4772 12
4764 12
4782 12
4725 12
4777 12
4757 12
4765 12
4762 12
4795 12
4797 12
4813 12
4806 12
4799 12
4825 12
4817 12
4801 12
4785 12
4786 12
4832 12
4847 12
4850 12
4822 12
4859 12
4860 12
4816 12
4848 12
4840 12
4869 12
4857 12
4846 12
4901 12
4904 12
4922 12
4930 12
4863 12
4937 12
4914 12
4903 12
4897 12
4921 12
4941 12
4938 12
4882 12
4993 12
4844 12
4963 12
5000 12
5017 12
4981 12
5035 12
4892 12
4910 12
4977 12
5057 12
5062 12
5067 12
5050 12
5009 12
5071 12
5080 12
5076 12
5074 12
5125 12
5137 12
5141 12
5116 12
5170 12
5123 12
5135 12
5142 12
5114 12
5209 12
5172 12
5189 12
5212 12
5253 12
5313 12
5305 12
5254 12
5252 12
5300 12
5339 12
5335 12
5325 12
5347 12
5412 12
5406 12
5392 12
5298 12
5405 12
5227 12
5454 12
5464 12
5462 12
5371 12
5522 12
5448 12
5461 12
5526 12
5564 12
5516 12
5603 12
5538 12
5582 12
5593 12
5680 12
5672 12
5709 12
5649 12
5667 12
5740 12
5620 12
5719 12
5597 12
5661 12
5753 12
5784 12
5819 12
5799 12
5847 12
5846 12
5601 12
5869 12
5930 12
5950 12
5935 12
5966 12
5974 12
5975 12
5979 12
5955 12
5948 12
5997 12
6025 12
6004 12
6075 12
6018 12
6092 12
6051 12
6074 12
6109 12
6119 12
6037 12
6163 12
6132 12
6189 12
6198 12
10869 13
10873 13
10909 13
10911 13
10908 13
10888 13
10900 13
10954 13
10934 13
10964 13
10944 13
10965 13
10969 13
10971 13
10975 13
10962 13
10942 13
10981 13
10966 13
10977 13
10950 13
10984 13
10988 13
10991 13
10997 13
10996 13
11003 13
10995 13
10958 13
11009 13
11004 13
11007 13
10983 13
10992 13
10989 13
11012 13
10999 13
11015 13
11014 13
10978 13
11020 13
11022 13
11019 13
11005 13
11010 13
11011 13
11024 13
10985 13
11000 13
11029 13
11006 13
11026 13
11028 13
11030 13
11032 13
11034 13
11025 13
11037 13
11027 13
11035 13
11033 13
11018 13
11041 13
11036 13
11043 13
11031 13
11021 13
11046 13
11047 13
11044 13
11023 13
11048 13
11051 13
11040 13
11042 13
11052 13
11049 13
11054 13
11055 13
11056 13
11057 13
11039 13
11045 13
11038 13
11058 13
11050 13
11053 13
11062 13
11066 13
11059 13
11060 13
11068 13
11067 13
11069 13
11075 13
11076 13
11064 13
11061 13
11079 13
11072 13
11071 13
11082 13
11073 13
11065 13
11070 13
11083 13
11063 13
11086 13
11087 13
11088 13
11089 13
11078 13
11084 13
11080 13
11094 13
11092 13
11095 13
11090 13
11074 13
11099 13
11085 13
11100 13
11101 13
11098 13
11093 13
11102 13
11097 13
11077 13
11103 13
11104 13
11105 13
11106 13
11081 13
11096 13
11110 13
11108 13
11111 13
11112 13
11113 13
11091 13
11114 13
11115 13
11116 13
11119 13
11121 13
11123 13
11118 13
11125 13
11107 13
11109 13
11127 13
11129 13
11117 13
11130 13
11131 13
11126 13
11128 13
11134 13
11133 13
11120 13
11135 13
11136 13
11124 13
11137 13
11140 13
11141 13
11132 13
11138 13
11143 13
11139 13
11145 13
11146 13
11142 13
11148 13
11149 13
11144 13
11154 13
11150 13
11155 13
11157 13
11158 13
11153 13
11152 13
11147 13
11168 13
11159 13
11165 13
11160 13
11161 13
11170 13
11166 13
11171 13
11164 13
11173 13
11175 13
11122 13
11151 13
11167 13
11176 13
11178 13
11162 13
11177 13
11179 13
11174 13
11180 13
11181 13
11172 13
11156 13
11183 13
11184 13
11182 13
11185 13
11186 13
11189 13
11190 13
11191 13
11196 13
11188 13
11197 13
11192 13
11198 13
11199 13
11200 13
11201 13
11163 13
11169 13
11204 13
11205 13
11202 13
11195 13
11209 13
11210 13
11193 13
11207 13
11203 13
11212 13
11214 13
11217 13
11213 13
11208 13
11219 13
11211 13
11220 13
11221 13
11187 13
11226 13
11227 13
11229 13
11206 13
11231 13
11228 13
11215 13
11222 13
11233 13
11218 13
11230 13
11224 13
11225 13
11234 13
11238 13
11239 13
11194 13
11241 13
11235 13
11242 13
11237 13
11245 13
11236 13
11244 13
11232 13
11247 13
11223 13
11216 13
11240 13
11246 13
11248 13
11250 13
11243 13
11254 13
11249 13
11256 13
11251 13
11259 13
11260 13
11257 13
11262 13
11261 13
11269 13
11263 13
11266 13
11253 13
11271 13
11272 13
11258 13
11275 13
11264 13
11276 13
11270 13
11277 13
11279 13
11280 13
11283 13
11281 13
11282 13
11255 13
11265 13
11278 13
11274 13
11285 13
11291 13
11267 13
11273 13
11284 13
11268 13
11286 13
11252 13
11299 13
11292 13
11301 13
11289 13
11295 13
11290 13
11296 13
11303 13
11304 13
11294 13
11305 13
11308 13
11309 13
11297 13
11311 13
11302 13
11314 13
11315 13
11300 13
11310 13
11287 13
11298 13
11317 13
11319 13
11318 13
11312 13
11313 13
11323 13
11293 13
11321 13
11325 13
11316 13
11288 13
11320 13
11332 13
11329 13
11333 13
11324 13
11334 13
11326 13
11335 13
11331 13
11307 13
11336 13
11322 13
11337 13
11328 13
11330 13
11339 13
11338 13
11306 13
11341 13
11343 13
11344 13
11346 13
11349 13
11342 13
11345 13
11352 13
11353 13
11348 13
11350 13
11357 13
11351 13
11327 13
11361 13
11360 13
11355 13
11364 13
11365 13
11354 13
11347 13
11359 13
11340 13
11370 13
11358 13
11362 13
11371 13
11363 13
11369 13
11374 13
11376 13
11378 13
11367 13
11366 13
11356 13
11381 13
11380 13
11373 13
11385 13
11387 13
11383 13
11388 13
11389 13
11390 13
11372 13
11375 13
11377 13
11392 13
11393 13
11379 13
11396 13
11394 13
11391 13
11386 13
11405 13
11403 13
11395 13
11406 13
11368 13
11384 13
11411 13
11397 13
11404 13
11415 13
11398 13
11409 13
11401 13
11414 13
11399 13
11416 13
11410 13
11407 13
11417 13
11413 13
11402 13
11412 13
11425 13
11426 13
11400 13
11418 13
11427 13
11419 13
11430 13
11421 13
11408 13
11429 13
11422 13
11431 13
11423 13
11382 13
11433 13
11437 13
11440 13
11435 13
11432 13
11436 13
11438 13
11428 13
11434 13
11442 13
11424 13
11441 13
11420 13
11452 13
11451 13
11453 13
11444 13
11450 13
11446 13
11439 13
11456 13
11461 13
11455 13
11462 13
11448 13
11460 13
11467 13
11443 13
11458 13
11447 13
11459 13
11445 13
11465 13
11469 13
11472 13
11474 13
11464 13
11449 13
11479 13
11457 13
11471 13
11463 13
11470 13
11476 13
11480 13
11481 13
11473 13
11483 13
11466 13
11487 13
11489 13
11492 13
11486 13
11494 13
11484 13
11496 13
11495 13
11490 13
11477 13
11500 13
11499 13
11498 13
11502 13
11478 13
11475 13
11488 13
11501 13
11509 13
11497 13
11491 13
11506 13
11510 13
11518 13
11485 13
11512 13
11519 13
11503 13
11504 13
11514 13
11522 13
11507 13
11527 13
11528 13
11530 13
11516 13
11515 13
11532 13
11535 13
11536 13
11526 13
11508 13
11454 13
11533 13
11513 13
11534 13
11540 13
11539 13
11541 13
11525 13
11545 13
11511 13
11537 13
11547 13
11549 13
11468 13
11524 13
11493 13
11552 13
11551 13
11544 13
11538 13
11531 13
11555 13
11557 13
11482 13
11553 13
11550 13
11559 13
11520 13
11542 13
11560 13
11517 13
11546 13
11521 13
11566 13
11567 13
11568 13
11569 13
11573 13
11575 13
11571 13
11548 13
11543 13
11558 13
11576 13
11523 13
11554 13
11564 13
11561 13
11565 13
11580 13
11570 13
11583 13
11587 13
11588 13
11582 13
11578 13
11574 13
11572 13
11586 13
11581 13
11590 13
11529 13
11592 13
11585 13
11505 13
11594 13
11579 13
11556 13
11599 13
11589 13
11606 13
11598 13
11597 13
11605 13
11607 13
11608 13
11600 13
11602 13
11601 13
11584 13
11616 13
11617 13
11615 13
11610 13
11619 13
11620 13
11621 13
11622 13
11623 13
11625 13
11562 13
11626 13
11577 13
11595 13
11618 13
11628 13
11609 13
11596 13
11614 13
11630 13
11632 13
11627 13
11634 13
11629 13
11593 13
11591 13
11563 13
11631 13
11639 13
11640 13
11633 13
11624 13
11635 13
11611 13
11642 13
11613 13
11638 13
11604 13
11612 13
11643 13
11645 13
11647 13
11603 13
11641 13
11648 13
11649 13
11646 13
11644 13
11653 13
11656 13
11657 13
11662 13
11660 13
11655 13
11659 13
11667 13
11669 13
11665 13
11650 13
11651 13
11661 13
11658 13
11668 13
11654 13
11663 13
11679 13
11680 13
11684 13
11685 13
11637 13
11670 13
11687 13
11689 13
11671 13
11692 13
11681 13
11694 13
11672 13
11688 13
11693 13
11652 13
11683 13
11674 13
11701 13
11675 13
11703 13
11678 13
11676 13
11696 13
11695 13
11682 13
11673 13
11636 13
11699 13
11664 13
11698 13
11707 13
11677 13
11690 13
11711 13
11691 13
11710 13
11713 13
11715 13
11716 13
11700 13
11717 13
11709 13
11702 13
11697 13
11714 13
11718 13
11724 13
11705 13
11725 13
11727 13
11721 13
11726 13
11708 13
11735 13
11732 13
11734 13
11737 13
11723 13
11733 13
11686 13
11730 13
11722 13
11712 13
11739 13
11728 13
11719 13
11720 13
11741 13
11731 13
11729 13
11666 13
11738 13
11736 13
11747 13
11749 13
11706 13
11755 13
11756 13
11753 13
11750 13
11759 13
11757 13
11761 13
11748 13
11751 13
11746 13
11743 13
11754 13
11758 13
11776 13
11777 13
11766 13
11768 13
11771 13
11740 13
11745 13
11775 13
11752 13
11704 13
11780 13
11744 13
11773 13
11781 13
11742 13
11765 13
11785 13
11786 13
11790 13
11788 13
11772 13
11793 13
11769 13
11792 13
11795 13
11778 13
11763 13
11770 13
11774 13
11779 13
11789 13
11791 13
11799 13
11801 13
11797 13
11760 13
11794 13
11782 13
11804 13
11807 13
11796 13
11764 13
11809 13
11811 13
11813 13
11767 13
11814 13
11762 13
11815 13
11806 13
11816 13
11810 13
11818 13
11824 13
11812 13
11802 13
11831 13
11821 13
11832 13
11805 13
11833 13
11835 13
11830 13
11800 13
11828 13
11837 13
11838 13
11834 13
11803 13
11820 13
11827 13
11840 13
11841 13
11829 13
11798 13
11808 13
11817 13
11825 13
11845 13
11842 13
11819 13
11848 13
11849 13
11853 13
11851 13
11783 13
11826 13
11850 13
11855 13
11856 13
11857 13
11854 13
11839 13
11787 13
11844 13
11858 13
11836 13
11846 13
11823 13
11862 13
11865 13
11822 13
11859 13
11864 13
11843 13
11852 13
11869 13
11870 13
11871 13
11873 13
11872 13
11860 13
11874 13
11877 13
11868 13
11861 13
11867 13
11881 13
11882 13
11884 13
11784 13
11885 13
11863 13
11887 13
11883 13
11890 13
11892 13
11893 13
11894 13
11847 13
11889 13
11896 13
11888 13
11899 13
11866 13
11900 13
11897 13
11878 13
11875 13
11901 13
11902 13
11905 13
11907 13
11908 13
11909 13
11912 13
11915 13
11914 13
11918 13
11911 13
11916 13
11879 13
11919 13
11876 13
11922 13
11920 13
11923 13
11924 13
11903 13
11913 13
11926 13
11921 13
11880 13
11927 13
11895 13
11886 13
11930 13
11906 13
11929 13
11910 13
11928 13
11917 13
11939 13
11941 13
11931 13
11935 13
11942 13
11940 13
11933 13
11937 13
11904 13
11936 13
11932 13
11934 13
11925 13
11952 13
11953 13
11954 13
11957 13
11946 13
11944 13
11945 13
11962 13
11943 13
11955 13
11964 13
11956 13
11965 13
11951 13
11949 13
11959 13
11948 13
11950 13
11961 13
11970 13
11971 13
11972 13
11973 13
11977 13
11976 13
11978 13
11981 13
11980 13
11968 13
11983 13
11963 13
11958 13
11975 13
11938 13
11985 13
11987 13
11966 13
11974 13
11979 13
11991 13
11995 13
11992 13
11996 13
11969 13
11982 13
11988 13
11891 13
11984 13
11989 13
11998 13
11999 13
12000 13
12005 13
11993 13
12006 13
11997 13
12003 13
12004 13
12007 13
12008 13
11898 13
12010 13
11960 13
12001 13
11994 13
12014 13
12011 13
12015 13
12016 13
12017 13
11986 13
12012 13
12018 13
12019 13
12002 13
12021 13
12009 13
11947 13
12022 13
12013 13
12024 13
12027 13
12028 13
12029 13
11967 13
12020 13
12031 13
12025 13
12026 13
12038 13
12039 13
12040 13
12042 13
12043 13
12036 13
12023 13
12046 13
12047 13
12041 13
12048 13
12049 13
12044 13
12032 13
12050 13
12054 13
12055 13
12035 13
12056 13
12057 13
12045 13
12059 13
12061 13
12062 13
12030 13
11990 13
12034 13
12033 13
12052 13
12064 13
12060 13
12051 13
12071 13
12066 13
12053 13
12065 13
12068 13
12070 13
12074 13
12072 13
12073 13
12078 13
12079 13
12077 13
12037 13
12082 13
12067 13
12084 13
12083 13
12058 13
12069 13
12075 13
12086 13
12087 13
12081 13
12080 13
12085 13
12093 13
12094 13
12097 13
12098 13
12095 13
12063 13
12096 13
12099 13
12088 13
12091 13
12104 13
12092 13
12101 13
12105 13
12110 13
12111 13
12109 13
12112 13
12113 13
12106 13
12116 13
12090 13
12118 13
12103 13
12076 13
12089 13
12115 13
12100 13
12102 13
12122 13
12107 13
12114 13
12123 13
12121 13
12125 13
12117 13
12126 13
12124 13
12108 13
12129 13
12134 13
12135 13
12120 13
12128 13
12138 13
12132 13
12131 13
12142 13
12146 13
12145 13
12150 13
12136 13
12127 13
12148 13
12144 13
12155 13
12141 13
12119 13
12156 13
12133 13
12152 13
12157 13
12158 13
12153 13
12164 13
12149 13
12151 13
12162 13
12143 13
12166 13
12147 13
12130 13
12161 13
12140 13
12154 13
12165 13
12160 13
12171 13
12167 13
12137 13
12174 13
12177 13
12175 13
12179 13
12172 13
12168 13
12139 13
12169 13
12163 13
12173 13
12178 13
12159 13
12176 13
12183 13
12184 13
12189 13
12180 13
12191 13
12187 13
12181 13
12193 13
12197 13
12195 13
12196 13
12198 13
12194 13
12192 13
12182 13
12200 13
12186 13
12188 13
12202 13
12203 13
12190 13
12208 13
12199 13
12207 13
12210 13
12170 13
12209 13
12217 13
12218 13
12205 13
12201 13
12204 13
12225 13
12219 13
12215 13
12227 13
12222 13
12213 13
12221 13
12231 13
12230 13
12185 13
12228 13
12216 13
12211 13
12229 13
12226 13
12235 13
12220 13
12214 13
12239 13
12234 13
12243 13
12240 13
12238 13
12212 13
12206 13
12242 13
12223 13
12245 13
12244 13
12232 13
12236 13
12224 13
12248 13
12237 13
12241 13
12250 13
12233 13
12253 13
12255 13
12256 13
12249 13
12254 13
12246 13
12247 13
12251 13
12265 13
12261 13
12258 13
12267 13
12264 13
12257 13
12269 13
12252 13
12262 13
12275 13
12270 13
12266 13
12278 13
12276 13
12271 13
12283 13
12259 13
12284 13
12285 13
12273 13
12287 13
12268 13
12279 13
12288 13
12272 13
12282 13
12290 13
12291 13
12260 13
12286 13
12293 13
12281 13
12294 13
12296 13
12295 13
12298 13
12289 13
12277 13
12292 13
12274 13
12263 13
12301 13
12302 13
12304 13
12299 13
12280 13
12307 13
12305 13
12306 13
12311 13
12309 13
12313 13
12300 13
12303 13
12316 13
12308 13
12314 13
12297 13
12315 13
12321 13
12317 13
12312 13
12323 13
12320 13
12318 13
12324 13
12327 13
12319 13
12310 13
12330 13
12332 13
12322 13
12326 13
12334 13
12335 13
12325 13
12338 13
12340 13
12333 13
12341 13
12344 13
12345 13
12329 13
12331 13
12346 13
12337 13
12342 13
12336 13
12343 13
12339 13
12348 13
12328 13
12350 13
12349 13
12347 13
12352 13
12353 13
12355 13
12356 13
12357 13
12351 13
12359 13
12362 13
12360 13
12364 13
12365 13
12363 13
12358 13
12366 13
12368 13
12369 13
12361 13
12372 13
12373 13
12371 13
12354 13
12370 13
12376 13
12374 13
12367 13
12377 13
12379 13
12381 13
12383 13
12380 13
12375 13
12382 13
12385 13
12378 13
12388 13
12390 13
12387 13
12389 13
12394 13
12391 13
12395 13
12396 13
12384 13
12393 13
12397 13
12400 13
12401 13
12402 13
12403 13
12392 13
12398 13
12399 13
12405 13
12406 13
12408 13
12412 13
12386 13
12413 13
12416 13
12414 13
12415 13
12410 13
12411 13
12404 13
12420 13
12419 13
12418 13
12422 13
12409 13
12407 13
12423 13
12424 13
12426 13
12421 13
12425 13
12427 13
12428 13
12430 13
12429 13
12431 13
12435 13
12434 13
12417 13
12438 13
12440 13
12441 13
12437 13
12442 13
12443 13
12433 13
12432 13
12445 13
12446 13
12439 13
12448 13
12449 13
12450 13
12436 13
12453 13
12447 13
12455 13
12444 13
12457 13
12451 13
12456 13
12460 13
12459 13
12452 13
12462 13
12461 13
12458 13
12463 13
12465 13
12464 13
12466 13
12468 13
12467 13
12471 13
12454 13
12470 13
12472 13
12474 13
12475 13
12476 13
12477 13
12478 13
12473 13
12469 13
12480 13
12481 13
12479 13
12482 13
12483 13
8645 14
8668 14
8671 14
8686 14
8658 14
8704 14
8708 14
8631 14
8711 14
8695 14
8655 14
8726 14
8700 14
8738 14
8722 14
8762 14
8746 14
8733 14
8772 14
8735 14
8780 14
8775 14
8734 14
8792 14
8773 14
8805 14
8807 14
8795 14
8804 14
8799 14
8820 14
8800 14
8841 14
8810 14
8849 14
8850 14
8815 14
8812 14
8831 14
8869 14
8874 14
8868 14
8882 14
8848 14
8809 14
8887 14
8888 14
8878 14
8819 14
8872 14
8855 14
8844 14
8920 14
8907 14
8923 14
8891 14
8921 14
8926 14
8889 14
8896 14
8908 14
8899 14
8905 14
8947 14
8949 14
8929 14
8936 14
8928 14
8959 14
8938 14
8946 14
8960 14
8966 14
8892 14
8881 14
8884 14
8973 14
8940 14
8904 14
8967 14
8974 14
8948 14
8972 14
8997 14
8894 14
8982 14
9009 14
8991 14
8965 14
9012 14
9007 14
8941 14
9008 14
9028 14
8977 14
8914 14
8978 14
9015 14
9030 14
9034 14
9022 14
8979 14
9038 14
9029 14
9020 14
8976 14
8993 14
9042 14
9060 14
9065 14
8956 14
8999 14
9044 14
9077 14
9082 14
9084 14
9045 14
9032 14
9085 14
9052 14
9055 14
9013 14
9059 14
9074 14
8971 14
9086 14
9098 14
9100 14
9102 14
9103 14
9079 14
9105 14
9061 14
9073 14
9090 14
9075 14
9095 14
9026 14
9096 14
9083 14
8998 14
9112 14
9093 14
9066 14
9118 14
9104 14
9135 14
9097 14
9092 14
9133 14
9111 14
9149 14
9033 14
9158 14
9078 14
9107 14
9163 14
9165 14
9147 14
9157 14
9140 14
9162 14
9150 14
9099 14
9121 14
9114 14
9126 14
9142 14
9115 14
9117 14
9173 14
9128 14
9179 14
9106 14
9152 14
9094 14
9182 14
9156 14
9143 14
9136 14
9053 14
9155 14
9187 14
9172 14
9170 14
9177 14
9153 14
9169 14
9180 14
9132 14
9204 14
9188 14
9184 14
9203 14
9197 14
9192 14
9215 14
9219 14
9213 14
9216 14
9222 14
9221 14
9236 14
9207 14
9131 14
9234 14
9232 14
9223 14
9212 14
9241 14
9247 14
9229 14
9189 14
9186 14
9245 14
9224 14
9175 14
9235 14
9231 14
9227 14
9249 14
9273 14
9238 14
9217 14
9279 14
9280 14
9260 14
9254 14
9210 14
9261 14
9209 14
9275 14
9287 14
9277 14
9264 14
9230 14
9292 14
9269 14
9274 14
9281 14
9266 14
9298 14
9301 14
9252 14
9253 14
9299 14
9311 14
9295 14
9310 14
9306 14
9237 14
9258 14
9319 14
9271 14
9284 14
9262 14
9325 14
9317 14
9326 14
9242 14
9297 14
9304 14
9286 14
9323 14
9272 14
9296 14
9315 14
9341 14
9316 14
9320 14
9290 14
9348 14
9313 14
9344 14
9353 14
9302 14
9359 14
9332 14
9358 14
9347 14
9349 14
9300 14
9372 14
9321 14
9333 14
9376 14
9351 14
9343 14
9362 14
9370 14
9283 14
9324 14
9377 14
9250 14
9397 14
9360 14
9399 14
9405 14
9406 14
9334 14
9364 14
9416 14
9419 14
9361 14
9322 14
9422 14
9387 14
9394 14
9407 14
9409 14
9423 14
9383 14
9413 14
9439 14
9401 14
9398 14
9411 14
9363 14
9448 14
9426 14
9453 14
9433 14
9441 14
9403 14
9430 14
9384 14
9357 14
9436 14
9466 14
9467 14
9368 14
9428 14
9474 14
9392 14
9468 14
9450 14
9386 14
9458 14
9435 14
9434 14
9481 14
9318 14
9427 14
9425 14
9495 14
9501 14
9457 14
9432 14
9447 14
9454 14
9465 14
9508 14
9509 14
9446 14
9469 14
9455 14
9512 14
9513 14
9408 14
9442 14
9492 14
9519 14
9504 14
9520 14
9444 14
9503 14
9524 14
9497 14
9499 14
9515 14
9516 14
9527 14
9463 14
9530 14
9529 14
9456 14
9414 14
9505 14
9543 14
9532 14
9517 14
9371 14
9550 14
9551 14
9548 14
9540 14
9555 14
9553 14
9507 14
9591 14
9564 14
9498 14
9493 14
9570 14
9559 14
9536 14
9561 14
9575 14
9472 14
9578 14
9522 14
9568 14
9573 14
9418 14
9582 14
9391 14
9567 14
9583 14
9584 14
9589 14
9533 14
9597 14
9579 14
9538 14
9587 14
9566 14
9596 14
9563 14
9577 14
9595 14
9552 14
9521 14
9557 14
9594 14
9611 14
9576 14
9601 14
9443 14
9614 14
9541 14
9592 14
9544 14
9547 14
9599 14
9560 14
9603 14
9620 14
9621 14
9581 14
9565 14
9628 14
9625 14
9574 14
9617 14
9632 14
9616 14
9637 14
9642 14
9612 14
9608 14
9643 14
9635 14
9645 14
9640 14
9648 14
9652 14
9627 14
9638 14
9654 14
9633 14
9622 14
9528 14
9639 14
9661 14
9651 14
9647 14
9585 14
9668 14
9674 14
9677 14
9678 14
9605 14
9646 14
9537 14
9682 14
9684 14
9670 14
9609 14
9624 14
9691 14
9662 14
9694 14
9690 14
9695 14
9681 14
9615 14
9636 14
9701 14
9702 14
9703 14
9698 14
9706 14
9700 14
9619 14
9704 14
9604 14
9711 14
9705 14
9716 14
9715 14
9650 14
9709 14
9712 14
9693 14
9721 14
9672 14
9692 14
9713 14
9680 14
9725 14
9731 14
9733 14
9727 14
9734 14
9717 14
9720 14
9708 14
9739 14
9689 14
9741 14
9724 14
9738 14
9707 14
9730 14
9752 14
9755 14
9758 14
9760 14
9683 14
9726 14
9737 14
9665 14
9771 14
9747 14
9774 14
9710 14
9744 14
9728 14
9778 14
9718 14
9784 14
9785 14
9786 14
9766 14
9792 14
9742 14
9782 14
9788 14
9794 14
9757 14
9795 14
9797 14
9746 14
9796 14
9772 14
9808 14
9790 14
9753 14
9798 14
9805 14
9815 14
9819 14
9820 14
9817 14
9736 14
9722 14
9779 14
9803 14
9821 14
9828 14
9763 14
9825 14
9829 14
9824 14
9832 14
9822 14
9799 14
9791 14
9838 14
9839 14
9767 14
9807 14
9834 14
9801 14
9845 14
9816 14
9827 14
9735 14
9850 14
9773 14
9853 14
9837 14
9789 14
9751 14
9857 14
9867 14
9851 14
9878 14
9858 14
9869 14
9859 14
9833 14
9844 14
9874 14
9876 14
9842 14
9831 14
9852 14
9840 14
9885 14
9886 14
9887 14
9849 14
9877 14
9890 14
9776 14
9818 14
9891 14
9835 14
9848 14
9893 14
9894 14
9897 14
9898 14
9888 14
9899 14
9900 14
9743 14
9856 14
9880 14
9904 14
9907 14
9882 14
9908 14
9911 14
9884 14
9855 14
9914 14
9864 14
9916 14
9917 14
9846 14
9919 14
9915 14
9921 14
9906 14
9910 14
9920 14
9830 14
9896 14
9866 14
9924 14
9933 14
9935 14
9930 14
9939 14
9926 14
9942 14
9945 14
9892 14
9932 14
9951 14
9931 14
9947 14
9953 14
9955 14
9946 14
9664 14
9936 14
9901 14
9959 14
9913 14
9969 14
9970 14
9934 14
9963 14
9976 14
9770 14
9977 14
9958 14
9981 14
9928 14
9957 14
9952 14
9991 14
9975 14
9995 14
9986 14
9999 14
9960 14
9996 14
9990 14
10002 14
10005 14
10008 14
9993 14
10011 14
10014 14
10015 14
10018 14
10020 14
9994 14
10023 14
10024 14
9989 14
9998 14
10031 14
9979 14
10033 14
10010 14
10007 14
10025 14
10030 14
9941 14
10041 14
9964 14
10043 14
10045 14
10046 14
10039 14
10049 14
10003 14
10048 14
10019 14
9984 14
9985 14
10042 14
10037 14
10059 14
10060 14
10061 14
10052 14
10064 14
10065 14
9997 14
10013 14
10057 14
10062 14
10070 14
10000 14
10072 14
10074 14
10076 14
10077 14
10036 14
10035 14
10075 14
10022 14
10081 14
9987 14
10086 14
10087 14
10089 14
10069 14
10063 14
10096 14
10098 14
10085 14
10100 14
10079 14
10093 14
10103 14
10102 14
10108 14
10110 14
10118 14
10090 14
10082 14
10083 14
10092 14
10129 14
10134 14
10068 14
10132 14
10135 14
10095 14
10140 14
10071 14
10112 14
10121 14
10141 14
10123 14
10124 14
10125 14
10142 14
10143 14
10128 14
10148 14
10126 14
10099 14
10150 14
10097 14
10067 14
10151 14
10149 14
10109 14
10161 14
10139 14
10167 14
10168 14
10166 14
10155 14
10169 14
10177 14
10178 14
10146 14
10115 14
10144 14
10181 14
10190 14
10191 14
10159 14
10192 14
10188 14
10193 14
10136 14
10183 14
10194 14
10187 14
10175 14
10131 14
10196 14
10180 14
10185 14
10211 14
10145 14
10213 14
10200 14
10201 14
10170 14
10179 14
10173 14
10202 14
10216 14
10224 14
10225 14
10218 14
10147 14
10199 14
10228 14
10227 14
10230 14
10203 14
10205 14
10186 14
10235 14
10234 14
10206 14
10226 14
10232 14
10239 14
10238 14
10242 14
10195 14
10244 14
10214 14
10204 14
10221 14
10215 14
10237 14
10176 14
10245 14
10220 14
10257 14
10231 14
10209 14
10259 14
10236 14
10189 14
10270 14
10241 14
10240 14
10264 14
10271 14
10272 14
10251 14
10253 14
10260 14
10280 14
10281 14
10263 14
10252 14
10282 14
10265 14
10287 14
10274 14
10273 14
10276 14
10288 14
10262 14
10278 14
10296 14
10301 14
10304 14
10291 14
10275 14
10256 14
10306 14
10267 14
10312 14
10314 14
10295 14
10279 14
10315 14
10317 14
10320 14
10255 14
10290 14
10303 14
10299 14
10321 14
10307 14
10311 14
10294 14
10316 14
10325 14
10324 14
10302 14
10331 14
10292 14
10327 14
10330 14
10338 14
10323 14
10322 14
10341 14
10329 14
10309 14
10337 14
10346 14
10347 14
10326 14
10352 14
10293 14
10340 14
10289 14
10332 14
10358 14
10300 14
10359 14
10363 14
10343 14
10365 14
10310 14
10334 14
10350 14
10361 14
10336 14
10354 14
10349 14
10355 14
10364 14
10370 14
10356 14
10335 14
10362 14
10333 14
10344 14
10345 14
10377 14
10357 14
10383 14
10342 14
10348 14
10379 14
10305 14
10378 14
10385 14
10371 14
10390 14
10367 14
10285 14
10319 14
10391 14
10392 14
10384 14
10393 14
10376 14
10395 14
10313 14
10389 14
10381 14
10401 14
10375 14
10380 14
10409 14
10396 14
10382 14
10399 14
10413 14
10406 14
10411 14
10387 14
10398 14
10414 14
10394 14
10369 14
10410 14
10400 14
10422 14
10397 14
10408 14
10407 14
10429 14
10434 14
10373 14
10412 14
10418 14
10437 14
10424 14
10438 14
10403 14
10443 14
10421 14
10442 14
10386 14
10445 14
10446 14
10425 14
10402 14
10448 14
10435 14
10449 14
10450 14
10451 14
10452 14
10453 14
10447 14
10405 14
10432 14
10455 14
10457 14
10458 14
10456 14
10440 14
10460 14
10461 14
10433 14
10441 14
10462 14
10465 14
10454 14
10426 14
10466 14
10416 14
10470 14
10439 14
10444 14
10436 14
10471 14
10431 14
10473 14
10475 14
10478 14
10428 14
10483 14
10481 14
10427 14
10464 14
10467 14
10477 14
10417 14
10476 14
10484 14
10474 14
10490 14
10491 14
10469 14
10472 14
10489 14
10423 14
10459 14
10493 14
10529 14
10496 14
10497 14
10498 14
10503 14
10480 14
10485 14
10494 14
10463 14
10495 14
10507 14
10506 14
10510 14
10513 14
10516 14
10514 14
10518 14
10521 14
10487 14
10512 14
10505 14
10502 14
10508 14
10511 14
10522 14
10528 14
10530 14
10488 14
10531 14
10520 14
10509 14
10534 14
10479 14
10526 14
10535 14
10492 14
10536 14
10537 14
10527 14
10532 14
10540 14
10541 14
10533 14
10525 14
10544 14
10548 14
10500 14
10519 14
10499 14
10550 14
10482 14
10552 14
10554 14
10515 14
10538 14
10486 14
10504 14
10557 14
10501 14
10549 14
10545 14
10551 14
10562 14
10563 14
10564 14
10539 14
10547 14
10568 14
10546 14
10570 14
10561 14
10553 14
10555 14
10558 14
10571 14
10575 14
10543 14
10560 14
10578 14
10542 14
10517 14
10569 14
10580 14
10567 14
10583 14
10581 14
10584 14
10585 14
10576 14
10586 14
10566 14
10556 14
10573 14
10565 14
10587 14
10574 14
10589 14
10577 14
10593 14
10592 14
10590 14
10579 14
10572 14
10588 14
10602 14
10559 14
10523 14
10596 14
10582 14
10595 14
10607 14
10594 14
10608 14
10612 14
10615 14
10610 14
10618 14
10598 14
10623 14
10622 14
10600 14
10605 14
10591 14
10626 14
10604 14
10620 14
10619 14
10636 14
10613 14
10609 14
10625 14
10601 14
10638 14
10640 14
10599 14
10639 14
10606 14
10614 14
10645 14
10632 14
10635 14
10637 14
10603 14
10648 14
10651 14
10643 14
10650 14
10627 14
10653 14
10611 14
10631 14
10628 14
10658 14
10621 14
10659 14
10630 14
10656 14
10646 14
10655 14
10647 14
10641 14
10633 14
10597 14
10634 14
10665 14
10663 14
10624 14
10644 14
10668 14
10670 14
10654 14
10671 14
10672 14
10673 14
10674 14
10616 14
10649 14
10676 14
10669 14
10662 14
10678 14
10675 14
10664 14
10679 14
10629 14
10682 14
10642 14
10617 14
10685 14
10686 14
10683 14
10684 14
10667 14
10693 14
10660 14
10666 14
10681 14
10694 14
10695 14
10687 14
10696 14
10677 14
10698 14
10657 14
10692 14
10700 14
10701 14
10688 14
10704 14
10711 14
10708 14
10712 14
10709 14
10715 14
10716 14
10524 14
10703 14
10717 14
10680 14
10699 14
10719 14
10710 14
10707 14
10726 14
10727 14
10728 14
10723 14
10718 14
10729 14
10722 14
10732 14
10720 14
10713 14
10734 14
10652 14
10714 14
10735 14
10706 14
10721 14
10731 14
10691 14
10724 14
10697 14
10725 14
10739 14
10730 14
10702 14
10689 14
10743 14
10744 14
10690 14
10748 14
10750 14
10752 14
10737 14
10741 14
10733 14
10755 14
10738 14
10756 14
10757 14
10746 14
10758 14
10736 14
10759 14
10764 14
10765 14
10751 14
10705 14
10763 14
10767 14
10753 14
10742 14
10661 14
10749 14
10771 14
10768 14
10766 14
10773 14
10740 14
10747 14
10779 14
10780 14
10781 14
10770 14
10778 14
10783 14
10784 14
10761 14
10782 14
10745 14
10788 14
10790 14
10792 14
10760 14
10793 14
10769 14
10795 14
10797 14
10772 14
10762 14
10776 14
10804 14
10786 14
10801 14
10806 14
10805 14
10807 14
10777 14
10809 14
10810 14
10775 14
10754 14
10799 14
10813 14
10812 14
10796 14
10811 14
10819 14
10803 14
10802 14
10821 14
10818 14
10794 14
10800 14
10824 14
10798 14
10820 14
10827 14
10785 14
10822 14
10774 14
10826 14
10829 14
10808 14
10787 14
10830 14
10832 14
10833 14
10834 14
10823 14
10831 14
10817 14
10837 14
10838 14
10839 14
10840 14
10842 14
10791 14
10816 14
10836 14
10835 14
10789 14
10845 14
10851 14
10814 14
10853 14
10828 14
10825 14
10815 14
10857 14
10859 14
10852 14
10862 14
10855 14
10860 14
10864 14
10844 14
10854 14
10847 14
10846 14
10843 14
10866 14
10856 14
10858 14
10868 14
10861 14
10849 14
10841 14
10850 14
10870 14
10874 14
10871 14
10875 14
10863 14
10872 14
10876 14
10877 14
10880 14
10881 14
10882 14
10883 14
10884 14
10867 14
10879 14
10885 14
10886 14
10891 14
10848 14
10894 14
10897 14
10898 14
10892 14
10901 14
10893 14
10902 14
10903 14
10865 14
10906 14
10907 14
10895 14
10910 14
10890 14
10878 14
10904 14
10914 14
10918 14
10896 14
10889 14
10915 14
10887 14
10925 14
10919 14
10920 14
10924 14
10922 14
10923 14
10928 14
10926 14
10905 14
10933 14
10930 14
10912 14
10927 14
10913 14
10931 14
10937 14
10936 14
10940 14
10916 14
10939 14
10943 14
10941 14
10947 14
10932 14
10946 14
10945 14
10938 14
10952 14
10953 14
10929 14
10957 14
10899 14
10956 14
10959 14
10949 14
10948 14
10935 14
10917 14
10960 14
10961 14
10955 14
10951 14
10963 14
10972 14
10921 14
10973 14
10976 14
10970 14
10982 14
10967 14
10974 14
10968 14
10987 14
10990 14
10979 14
10986 14
10994 14
10993 14
11001 14
10998 14
11002 14
10980 14
11013 14
11016 14
11008 14
11017 14
6587 15
6534 15
6537 15
6526 15
6557 15
6605 15
6606 15
6569 15
6542 15
6609 15
6631 15
6637 15
6616 15
6642 15
6598 15
6643 15
6635 15
6644 15
6626 15
6640 15
6639 15
6646 15
6582 15
6659 15
6658 15
6667 15
6666 15
6655 15
6670 15
6676 15
6660 15
6681 15
6683 15
6672 15
6689 15
6687 15
6668 15
6677 15
6696 15
6624 15
6680 15
6653 15
6688 15
6708 15
6710 15
6693 15
6684 15
6714 15
6709 15
6715 15
6718 15
6721 15
6673 15
6716 15
6699 15
6727 15
6729 15
6730 15
6697 15
6713 15
6734 15
6736 15
6738 15
6723 15
6735 15
6726 15
6740 15
6741 15
6745 15
6747 15
6750 15
6754 15
6728 15
6743 15
6748 15
6756 15
6678 15
6758 15
6763 15
6700 15
6766 15
6764 15
6767 15
6771 15
6737 15
6773 15
6761 15
6779 15
6782 15
6705 15
6777 15
6755 15
6781 15
6785 15
6778 15
6752 15
6786 15
6770 15
6789 15
6787 15
6792 15
6769 15
6788 15
6753 15
6774 15
6783 15
6795 15
6762 15
6799 15
6794 15
6801 15
6790 15
6808 15
6768 15
6803 15
6793 15
6813 15
6815 15
6784 15
6809 15
6819 15
6798 15
6823 15
6811 15
6791 15
6826 15
6829 15
6828 15
6831 15
6812 15
6834 15
6836 15
6830 15
6840 15
6765 15
6841 15
6816 15
6843 15
6846 15
6847 15
6833 15
6849 15
6821 15
6832 15
6852 15
6805 15
6807 15
6817 15
6837 15
6854 15
6856 15
6858 15
6859 15
6862 15
6865 15
6863 15
6857 15
6867 15
6872 15
6878 15
6851 15
6880 15
6868 15
6861 15
6818 15
6887 15
6888 15
6891 15
6890 15
6895 15
6896 15
6897 15
6879 15
6881 15
6874 15
6898 15
6873 15
6894 15
6889 15
6905 15
6885 15
6910 15
6916 15
6870 15
6909 15
6907 15
6883 15
6919 15
6920 15
6924 15
6927 15
6904 15
6923 15
6918 15
6933 15
6911 15
6931 15
6915 15
6932 15
6855 15
6925 15
6914 15
6945 15
6930 15
6946 15
6908 15
6948 15
6941 15
6947 15
6936 15
6864 15
6886 15
6949 15
6943 15
6952 15
6903 15
6950 15
6953 15
6956 15
6958 15
6963 15
6955 15
6962 15
6970 15
6965 15
6959 15
6974 15
6938 15
6954 15
6979 15
6980 15
6984 15
6987 15
6961 15
6976 15
6975 15
6968 15
6982 15
6991 15
6996 15
6928 15
7000 15
7001 15
6997 15
6972 15
7002 15
6966 15
6999 15
7004 15
6985 15
6992 15
6978 15
6971 15
6977 15
7007 15
7009 15
7006 15
6983 15
6926 15
6986 15
7018 15
7031 15
7008 15
7040 15
7036 15
7022 15
7020 15
7012 15
7042 15
7034 15
7038 15
7046 15
7048 15
7029 15
7033 15
7044 15
7054 15
7049 15
7058 15
7025 15
7051 15
7039 15
7027 15
7052 15
7014 15
7063 15
7061 15
7070 15
7059 15
7035 15
7060 15
7028 15
7074 15
7075 15
7023 15
7041 15
7076 15
7080 15
7084 15
7066 15
7064 15
7091 15
7093 15
7094 15
7099 15
7077 15
7104 15
7087 15
7082 15
7110 15
7111 15
7068 15
7092 15
7115 15
7079 15
7086 15
7047 15
7095 15
7120 15
7103 15
7105 15
7112 15
7106 15
7117 15
7126 15
7130 15
7131 15
7097 15
7090 15
7133 15
7135 15
7100 15
7139 15
7089 15
7137 15
7145 15
7151 15
7140 15
7119 15
7109 15
7161 15
7160 15
7162 15
7156 15
7165 15
7125 15
7166 15
7143 15
7121 15
7129 15
7113 15
7167 15
7173 15
7163 15
7175 15
7177 15
7138 15
7083 15
7148 15
7178 15
7152 15
7155 15
7164 15
7147 15
7191 15
7192 15
7194 15
7199 15
7154 15
7196 15
7183 15
7205 15
7190 15
7197 15
7211 15
7212 15
7189 15
7202 15
7181 15
7208 15
7216 15
7218 15
7193 15
7215 15
7221 15
7217 15
7195 15
7159 15
7227 15
7213 15
7230 15
7209 15
7232 15
7229 15
7238 15
7187 15
7243 15
7231 15
7225 15
7236 15
7246 15
7249 15
7250 15
7252 15
7234 15
7219 15
7239 15
7256 15
7258 15
7251 15
7262 15
7254 15
7248 15
7242 15
7266 15
7237 15
7267 15
7222 15
7271 15
7257 15
7278 15
7280 15
7270 15
7283 15
7284 15
7245 15
7279 15
7288 15
7291 15
7184 15
7268 15
7296 15
7220 15
7226 15
7297 15
7295 15
7204 15
7269 15
7286 15
7302 15
7281 15
7255 15
7308 15
7306 15
7312 15
7274 15
7315 15
7303 15
7305 15
7316 15
7320 15
7326 15
7328 15
7332 15
7336 15
7321 15
7275 15
7330 15
7342 15
7335 15
7299 15
7331 15
7345 15
7301 15
7343 15
7298 15
7334 15
7319 15
7317 15
7352 15
7354 15
7333 15
7356 15
7359 15
7351 15
7340 15
7307 15
7353 15
7309 15
7370 15
7325 15
7357 15
7363 15
7371 15
7383 15
7377 15
7347 15
7388 15
7385 15
7382 15
7390 15
7369 15
7381 15
7338 15
7394 15
7396 15
7395 15
7367 15
7350 15
7387 15
7368 15
7410 15
7412 15
7418 15
7416 15
7400 15
7375 15
7422 15
7378 15
7424 15
7419 15
7402 15
7411 15
7358 15
7379 15
7434 15
7397 15
7435 15
7428 15
7439 15
7408 15
7438 15
7391 15
7421 15
7403 15
7445 15
7430 15
7425 15
7423 15
7443 15
7431 15
7451 15
7455 15
7441 15
7458 15
7384 15
7448 15
7417 15
7468 15
7459 15
7409 15
7470 15
7420 15
7450 15
7478 15
7487 15
7491 15
7454 15
7483 15
7442 15
7474 15
7462 15
7481 15
7486 15
7480 15
7504 15
7505 15
7467 15
7503 15
7482 15
7511 15
7502 15
7507 15
7489 15
7510 15
7461 15
7449 15
7508 15
7499 15
7524 15
7525 15
7473 15
7529 15
7501 15
7533 15
7534 15
7535 15
7536 15
7538 15
7460 15
7463 15
7516 15
7517 15
7553 15
7543 15
7567 15
7530 15
7565 15
7521 15
7560 15
7550 15
7522 15
7568 15
7574 15
7579 15
7558 15
7580 15
7552 15
7492 15
7539 15
7523 15
7513 15
7559 15
7563 15
7590 15
7587 15
7540 15
7596 15
7509 15
7512 15
7600 15
7572 15
7603 15
7576 15
7497 15
7607 15
7602 15
7595 15
7613 15
7583 15
7611 15
7615 15
7582 15
7622 15
7624 15
7625 15
7626 15
7630 15
7617 15
7608 15
7614 15
7636 15
7620 15
7581 15
7562 15
7585 15
7645 15
7633 15
7592 15
7654 15
7612 15
7655 15
7657 15
7639 15
7653 15
7662 15
7650 15
7663 15
7668 15
7669 15
7658 15
7637 15
7672 15
7647 15
7675 15
7660 15
7679 15
7680 15
7683 15
7687 15
7690 15
7694 15
7695 15
7674 15
7629 15
7661 15
7703 15
7641 15
7709 15
7708 15
7717 15
7684 15
7723 15
7627 15
7681 15
7727 15
7728 15
7640 15
7666 15
7665 15
7649 15
7721 15
7722 15
7730 15
7599 15
7738 15
7589 15
7732 15
7740 15
7688 15
7742 15
7743 15
7745 15
7741 15
7711 15
7733 15
7747 15
7712 15
7726 15
7754 15
7749 15
7755 15
7753 15
7737 15
7768 15
7744 15
7763 15
7750 15
7718 15
7762 15
7696 15
7766 15
7775 15
7773 15
7757 15
7781 15
7765 15
7761 15
7782 15
7783 15
7767 15
7735 15
7793 15
7734 15
7794 15
7796 15
7787 15
7797 15
7770 15
7777 15
7805 15
7801 15
7806 15
7809 15
7813 15
7784 15
7725 15
7824 15
7774 15
7811 15
7820 15
7827 15
7800 15
7791 15
7823 15
7815 15
7829 15
7825 15
7839 15
7792 15
7798 15
7822 15
7848 15
7795 15
7821 15
7871 15
7844 15
7838 15
7817 15
7888 15
7843 15
7878 15
7858 15
7892 15
7894 15
7842 15
7836 15
7868 15
7826 15
7902 15
7876 15
7904 15
7851 15
7907 15
7908 15
7874 15
7850 15
7853 15
7920 15
7921 15
7922 15
7883 15
7928 15
7884 15
7914 15
7931 15
7897 15
7900 15
7925 15
7901 15
7909 15
7932 15
7942 15
7935 15
7943 15
7863 15
7954 15
7911 15
7910 15
7903 15
7880 15
7919 15
7951 15
7941 15
7937 15
7934 15
7949 15
7912 15
7952 15
7960 15
7970 15
7913 15
7967 15
7915 15
7948 15
7972 15
7989 15
7979 15
7978 15
7980 15
7974 15
7917 15
7995 15
7975 15
8003 15
8005 15
8004 15
8012 15
7985 15
7916 15
8007 15
7963 15
8023 15
7966 15
7929 15
7984 15
8028 15
8025 15
8019 15
8014 15
8053 15
8024 15
8057 15
8059 15
8037 15
8061 15
8063 15
8013 15
8033 15
8022 15
8008 15
8051 15
8032 15
8001 15
7991 15
8052 15
8067 15
8064 15
8072 15
7987 15
8000 15
8075 15
8062 15
8083 15
8021 15
8074 15
8002 15
8044 15
8009 15
8077 15
8086 15
8085 15
8087 15
8095 15
8068 15
8102 15
8049 15
8100 15
8078 15
8076 15
8106 15
8113 15
8073 15
7983 15
8050 15
8110 15
8098 15
8069 15
8029 15
8109 15
8103 15
8071 15
7994 15
8105 15
8115 15
8145 15
8144 15
8097 15
8126 15
8139 15
8148 15
8131 15
8125 15
8120 15
8084 15
8133 15
8157 15
8132 15
8130 15
8141 15
8167 15
8166 15
8155 15
8123 15
8160 15
8112 15
8168 15
8183 15
8156 15
8121 15
8164 15
8200 15
8152 15
8199 15
8108 15
8172 15
8178 15
8210 15
8187 15
8218 15
8197 15
8216 15
8192 15
8226 15
8176 15
8225 15
8207 15
8198 15
8206 15
8194 15
8214 15
8217 15
8179 15
8175 15
8186 15
8196 15
8236 15
8248 15
8181 15
8234 15
8238 15
8201 15
8185 15
8161 15
8190 15
8221 15
8257 15
8264 15
8174 15
8272 15
8222 15
8259 15
8250 15
8229 15
8256 15
8287 15
8293 15
8279 15
8295 15
8246 15
8300 15
8289 15
8301 15
8274 15
8267 15
8286 15
8239 15
8294 15
8306 15
8297 15
8304 15
8282 15
8284 15
8316 15
8268 15
8296 15
8323 15
8277 15
8299 15
8312 15
8322 15
8265 15
8327 15
8271 15
8255 15
8331 15
8334 15
8319 15
8308 15
8344 15
8329 15
8326 15
8314 15
8311 15
8328 15
8383 15
8369 15
8354 15
8387 15
8381 15
8353 15
8391 15
8357 15
8396 15
8386 15
8406 15
8378 15
8317 15
8388 15
8367 15
8285 15
8397 15
8280 15
8332 15
8411 15
8420 15
8398 15
8313 15
8359 15
8416 15
8366 15
8364 15
8413 15
8440 15
8433 15
8428 15
8393 15
8389 15
8431 15
8385 15
8417 15
8448 15
8379 15
8443 15
8446 15
8399 15
8422 15
8425 15
8395 15
8407 15
8437 15
8365 15
8424 15
8458 15
8466 15
8490 15
8492 15
8409 15
8423 15
8482 15
8488 15
8442 15
8503 15
8478 15
8473 15
8477 15
8457 15
8373 15
8474 15
8513 15
8493 15
8506 15
8463 15
8483 15
8489 15
8484 15
8475 15
8505 15
8487 15
8460 15
8516 15
8536 15
8537 15
8519 15
8495 15
8502 15
8462 15
8427 15
8471 15
8551 15
8514 15
8567 15
8508 15
8529 15
8523 15
8572 15
8528 15
8557 15
8525 15
8544 15
8552 15
8590 15
8582 15
8569 15
8602 15
8595 15
8565 15
8608 15
8605 15
8579 15
8597 15
8570 15
8600 15
8588 15
8610 15
8586 15
8573 15
8532 15
8638 15
8576 15
8642 15
8540 15
8640 15
8648 15
8651 15
8613 15
8535 15
8564 15
8639 15
8604 15
8594 15
8670 15
8681 15
8679 15
8684 15
8619 15
8663 15
8625 15
8574 15
8626 15
8620 15
8692 15
8688 15
8612 15
8677 15
8667 15
8666 15
8641 15
8629 15
8694 15
8721 15
8689 15
8644 15
8717 15
8634 15
8683 15
8710 15
8719 15
8714 15
8696 15
8723 15
8643 15
8747 15
8706 15
8751 15
8752 15
8745 15
8764 15
8750 15
8759 15
8727 15
8783 15
8753 15
8789 15
8796 15
8816 15
8818 15
8702 15
8817 15
8821 15
8802 15
8814 15
8808 15
8834 15
8705 15
8837 15
8860 15
8828 15
8822 15
8806 15
8737 15
8842 15
8813 15
8865 15
8873 15
8781 15
8803 15
8852 15
8875 15
8883 15
8811 15
8877 15
8912 15
8913 15
8918 15
8890 15
8910 15
8952 15
8900 15
8951 15
8942 15
8995 15
8954 15
8990 15
8983 15
8987 15
8969 15
9003 15
9011 15
8986 15
8964 15
4067 16
4070 16
4083 16
4095 16
12497 16
12489 16
4119 16
4099 16
4117 16
4134 16
4132 16
12496 16
12493 16
4163 16
4174 16
12490 16
12495 16
4150 16
4194 16
4200 16
4207 16
4203 16
12491 16
4218 16
4212 16
4225 16
4223 16
4202 16
12488 16
4238 16
12487 16
4246 16
4186 16
4258 16
4259 16
4241 16
4235 16
4210 16
4290 16
4282 16
4279 16
4292 16
4298 16
4295 16
4301 16
4324 16
4322 16
4266 16
4337 16
4334 16
4338 16
4328 16
4343 16
4353 16
4355 16
4354 16
4359 16
4361 16
4332 16
4365 16
4321 16
4325 16
4360 16
4379 16
4373 16
4394 16
4391 16
4398 16
4399 16
4385 16
4403 16
4408 16
4411 16
4419 16
4420 16
4395 16
4418 16
4427 16
4412 16
4429 16
4439 16
4451 16
4453 16
4430 16
4440 16
4428 16
4414 16
4454 16
4426 16
4452 16
4456 16
4471 16
4474 16
4476 16
4468 16
4488 16
4459 16
4491 16
4493 16
4484 16
4477 16
4499 16
4490 16
4510 16
4482 16
4503 16
4487 16
4508 16
4505 16
4511 16
4528 16
4533 16
4512 16
4537 16
4548 16
4555 16
4538 16
4558 16
4562 16
4563 16
4554 16
4565 16
4540 16
4568 16
4541 16
4536 16
4567 16
4574 16
4575 16
4561 16
4557 16
4576 16
4593 16
4588 16
4594 16
4597 16
4584 16
4590 16
4582 16
4601 16
4530 16
4570 16
4625 16
4629 16
4622 16
4596 16
4633 16
4613 16
4627 16
4637 16
4636 16
4641 16
4635 16
4621 16
4646 16
4649 16
4651 16
4643 16
4623 16
4620 16
4624 16
4655 16
4663 16
4616 16
4642 16
4670 16
4671 16
4658 16
4695 16
4698 16
4700 16
4705 16
4689 16
4712 16
4645 16
4707 16
4699 16
4715 16
4713 16
4674 16
4721 16
4691 16
4697 16
4727 16
4728 16
4723 16
4702 16
4720 16
4731 16
4719 16
4738 16
4726 16
4739 16
4722 16
4729 16
4748 16
4750 16
4752 16
4682 16
4747 16
4745 16
4766 16
4768 16
4770 16
4751 16
4773 16
4769 16
4761 16
4776 16
4734 16
4781 16
4783 16
4771 16
4784 16
4763 16
4790 16
4759 16
4796 16
4733 16
4792 16
4802 16
4803 16
4788 16
4808 16
4811 16
4800 16
4789 16
4804 16
4818 16
4814 16
4841 16
4810 16
4830 16
4815 16
4837 16
4851 16
4829 16
4794 16
4858 16
4855 16
4856 16
4874 16
4873 16
4824 16
4876 16
4883 16
4823 16
4877 16
4838 16
4896 16
4894 16
4872 16
4885 16
4862 16
4866 16
4913 16
4864 16
4905 16
4878 16
4924 16
4933 16
4934 16
4887 16
4936 16
4927 16
4920 16
4942 16
4943 16
4944 16
4931 16
4954 16
4952 16
4953 16
4939 16
4970 16
4972 16
4961 16
4949 16
4978 16
4980 16
4947 16
4957 16
4990 16
4999 16
4986 16
5004 16
4995 16
4960 16
4984 16
5019 16
5020 16
5024 16
5026 16
5001 16
5015 16
5013 16
5039 16
5042 16
4976 16
5041 16
5053 16
5022 16
5059 16
5061 16
5029 16
5021 16
5078 16
5043 16
5073 16
5081 16
5070 16
5060 16
5091 16
4988 16
5099 16
5040 16
5107 16
5097 16
5110 16
5018 16
5087 16
5088 16
5082 16
5113 16
5127 16
5115 16
5122 16
5055 16
5079 16
5128 16
5108 16
5131 16
5145 16
5147 16
5148 16
5155 16
5159 16
5126 16
5151 16
5162 16
5167 16
5165 16
5089 16
5161 16
5103 16
5178 16
5202 16
5203 16
5198 16
5208 16
5211 16
5207 16
5168 16
5177 16
5188 16
5182 16
5174 16
5095 16
5183 16
5193 16
5249 16
5256 16
5205 16
5224 16
5213 16
5279 16
5283 16
5240 16
5293 16
5286 16
5219 16
5245 16
5294 16
5237 16
5304 16
5282 16
5310 16
5276 16
5317 16
5314 16
5262 16
5344 16
5291 16
5250 16
5358 16
5324 16
5334 16
5275 16
5331 16
5387 16
5326 16
5332 16
5354 16
5381 16
5320 16
5393 16
5407 16
5413 16
5419 16
5352 16
5436 16
5416 16
5399 16
5382 16
5353 16
5366 16
5449 16
5349 16
5439 16
5355 16
5390 16
5379 16
5483 16
5403 16
5482 16
5434 16
5372 16
5500 16
5491 16
5470 16
5488 16
5459 16
5359 16
5512 16
5444 16
5415 16
5451 16
5506 16
5531 16
5515 16
5477 16
5539 16
5473 16
5504 16
5559 16
5558 16
5424 16
5532 16
5492 16
5579 16
5581 16
5509 16
5523 16
5592 16
5569 16
5602 16
5605 16
5566 16
5646 16
5623 16
5548 16
5634 16
5652 16
5617 16
5594 16
5567 16
5650 16
5586 16
5668 16
5678 16
5557 16
5689 16
5665 16
5655 16
5704 16
5705 16
5683 16
5625 16
5585 16
5695 16
5710 16
5659 16
5693 16
5635 16
5697 16
5669 16
5662 16
5616 16
5728 16
5729 16
5731 16
5702 16
5596 16
5743 16
5754 16
5717 16
5755 16
5738 16
5736 16
5741 16
5766 16
5700 16
5773 16
5777 16
5787 16
5792 16
5696 16
5756 16
5724 16
5750 16
5726 16
5802 16
5609 16
5778 16
5783 16
5785 16
5797 16
5654 16
5818 16
5746 16
5827 16
5836 16
5843 16
5817 16
5810 16
5748 16
5815 16
5804 16
5721 16
5870 16
5876 16
5884 16
5864 16
5871 16
5867 16
5887 16
5832 16
5874 16
5769 16
5903 16
5865 16
5853 16
5901 16
5905 16
5909 16
5842 16
5895 16
5890 16
5921 16
5928 16
5926 16
5875 16
5894 16
5933 16
5914 16
5922 16
5912 16
5947 16
5685 16
5883 16
5953 16
5866 16
5949 16
5941 16
5918 16
5891 16
5945 16
5951 16
5908 16
5956 16
5968 16
5858 16
5981 16
5973 16
5961 16
5839 16
5963 16
5992 16
5978 16
5996 16
5976 16
5960 16
6011 16
6013 16
5969 16
5882 16
6019 16
6002 16
6005 16
5986 16
6020 16
5985 16
6029 16
5664 16
5998 16
5999 16
6015 16
6033 16
6039 16
6009 16
5980 16
5952 16
5989 16
5896 16
6006 16
6053 16
6031 16
6001 16
6049 16
6052 16
6064 16
6066 16
6070 16
5994 16
6059 16
6034 16
6080 16
6082 16
6038 16
6084 16
5954 16
6072 16
6090 16
6085 16
5967 16
6044 16
6071 16
6101 16
6073 16
6105 16
6094 16
6086 16
6145 16
5972 16
6110 16
6095 16
6113 16
6047 16
6076 16
6091 16
6032 16
6122 16
6081 16
6127 16
6107 16
6111 16
6115 16
6125 16
6103 16
6126 16
6131 16
6143 16
6061 16
6141 16
6097 16
6142 16
6116 16
6118 16
6096 16
6154 16
6158 16
6152 16
6077 16
6168 16
6173 16
6174 16
6179 16
6121 16
6182 16
6176 16
6164 16
6186 16
6148 16
6147 16
6190 16
6175 16
6196 16
6187 16
6160 16
6133 16
6181 16
6203 16
6197 16
6204 16
6150 16
6162 16
6207 16
6140 16
6212 16
6161 16
6188 16
6218 16
6191 16
6194 16
6067 16
6135 16
6215 16
6192 16
6222 16
6120 16
6220 16
6228 16
6224 16
6230 16
6211 16
6177 16
6167 16
6235 16
6241 16
6238 16
6242 16
6208 16
6227 16
6240 16
6234 16
6246 16
6247 16
6249 16
6183 16
6251 16
6153 16
6226 16
6223 16
6256 16
6233 16
6243 16
6236 16
6274 16
6265 16
6264 16
6267 16
6276 16
6225 16
6270 16
6272 16
6273 16
6255 16
6232 16
6283 16
6289 16
6275 16
6261 16
6257 16
6297 16
6263 16
6302 16
6254 16
6292 16
6306 16
6287 16
6310 16
6286 16
6311 16
6280 16
6317 16
6315 16
6314 16
6318 16
6305 16
6320 16
6284 16
6330 16
6296 16
6316 16
6322 16
6313 16
6341 16
6333 16
6336 16
6348 16
6338 16
6339 16
6321 16
6332 16
6345 16
6344 16
6282 16
6300 16
6355 16
6335 16
6358 16
6354 16
6359 16
6363 16
6340 16
6347 16
6349 16
6351 16
6361 16
6368 16
6309 16
6373 16
6360 16
6337 16
6352 16
6375 16
6362 16
6370 16
6343 16
6385 16
6390 16
6382 16
6386 16
6372 16
6366 16
6371 16
6393 16
6329 16
6392 16
6396 16
6401 16
6378 16
6376 16
6399 16
6380 16
6409 16
6406 16
6397 16
6412 16
6381 16
6405 16
6417 16
6420 16
6400 16
6416 16
6422 16
6430 16
6403 16
6433 16
6438 16
6436 16
6383 16
6440 16
6435 16
6391 16
6442 16
6425 16
6419 16
6443 16
6394 16
6446 16
6450 16
6452 16
6447 16
6444 16
6437 16
6457 16
6431 16
6456 16
6458 16
6455 16
6459 16
6468 16
6471 16
6469 16
6475 16
6461 16
6413 16
6472 16
6465 16
6481 16
6467 16
6483 16
6478 16
6485 16
6482 16
6488 16
6491 16
6490 16
6463 16
6492 16
6427 16
6496 16
6479 16
6493 16
6502 16
6498 16
6480 16
6477 16
6504 16
6508 16
6510 16
6501 16
6511 16
6506 16
6460 16
6514 16
6408 16
6517 16
6500 16
6528 16
6532 16
6515 16
6530 16
6527 16
6516 16
6522 16
6494 16
6543 16
6536 16
6540 16
6547 16
6554 16
6555 16
6495 16
6487 16
6566 16
6570 16
6521 16
6544 16
6574 16
6578 16
6539 16
6533 16
6581 16
6545 16
6551 16
6553 16
6584 16
6567 16
6558 16
6579 16
6590 16
6509 16
6593 16
6588 16
6564 16
6597 16
6577 16
6580 16
6599 16
6603 16
6604 16
6607 16
6572 16
6563 16
6531 16
6613 16
6619 16
6615 16
6594 16
6596 16
6576 16
6632 16
6618 16
6633 16
6634 16
6595 16
6617 16
6627 16
6636 16
6573 16
6614 16
6628 16
6649 16
6657 16
6662 16
6664 16
6665 16
6652 16
6621 16
6674 16
6675 16
6691 16
6695 16
6701 16
6704 16
6707 16
6720 16
6725 16
