8645 14
8668 14
8671 14
8686 14
8658 14
8704 14
8708 14
8631 14
8711 14
8695 14
8655 14
8726 14
8700 14
8738 14
8722 14
8762 14
8746 14
8733 14
8772 14
8735 14
8780 14
8775 14
8734 14
8792 14
8773 14
8805 14
8807 14
8795 14
8804 14
8799 14
8820 14
8800 14
8841 14
8810 14
8849 14
8850 14
8815 14
8812 14
8831 14
8869 14
8874 14
8868 14
8882 14
8848 14
8809 14
8887 14
8888 14
8878 14
8819 14
8872 14
8855 14
8844 14
8920 14
8907 14
8923 14
8891 14
8921 14
8926 14
8889 14
8896 14
8908 14
8899 14
8905 14
8947 14
8949 14
8929 14
8936 14
8928 14
8959 14
8938 14
8946 14
8960 14
8966 14
8892 14
8881 14
8884 14
8973 14
8940 14
8904 14
8967 14
8974 14
8948 14
8972 14
8997 14
8894 14
8982 14
9009 14
8991 14
8965 14
9012 14
9007 14
8941 14
9008 14
9028 14
8977 14
8914 14
8978 14
9015 14
9030 14
9034 14
9022 14
8979 14
9038 14
9029 14
9020 14
8976 14
8993 14
9042 14
9060 14
9065 14
8956 14
8999 14
9044 14
9077 14
9082 14
9084 14
9045 14
9032 14
9085 14
9052 14
9055 14
9013 14
9059 14
9074 14
8971 14
9086 14
9098 14
9100 14
9102 14
9103 14
9079 14
9105 14
9061 14
9073 14
9090 14
9075 14
9095 14
9026 14
9096 14
9083 14
8998 14
9112 14
9093 14
9066 14
9118 14
9104 14
9135 14
9097 14
9092 14
9133 14
9111 14
9149 14
9033 14
9158 14
9078 14
9107 14
9163 14
9165 14
9147 14
9157 14
9140 14
9162 14
9150 14
9099 14
9121 14
9114 14
9126 14
9142 14
9115 14
9117 14
9173 14
9128 14
9179 14
9106 14
9152 14
9094 14
9182 14
9156 14
9143 14
9136 14
9053 14
9155 14
9187 14
9172 14
9170 14
9177 14
9153 14
9169 14
9180 14
9132 14
9204 14
9188 14
9184 14
9203 14
9197 14
9192 14
9215 14
9219 14
9213 14
9216 14
9222 14
9221 14
9236 14
9207 14
9131 14
9234 14
9232 14
9223 14
9212 14
9241 14
9247 14
9229 14
9189 14
9186 14
9245 14
9224 14
9175 14
9235 14
9231 14
9227 14
9249 14
9273 14
9238 14
9217 14
9279 14
9280 14
9260 14
9254 14
9210 14
9261 14
9209 14
9275 14
9287 14
9277 14
9264 14
9230 14
9292 14
9269 14
9274 14
9281 14
9266 14
9298 14
9301 14
9252 14
9253 14
9299 14
9311 14
9295 14
9310 14
9306 14
9237 14
9258 14
9319 14
9271 14
9284 14
9262 14
9325 14
9317 14
9326 14
9242 14
9297 14
9304 14
9286 14
9323 14
9272 14
9296 14
9315 14
9341 14
9316 14
9320 14
9290 14
9348 14
9313 14
9344 14
9353 14
9302 14
9359 14
9332 14
9358 14
9347 14
9349 14
9300 14
9372 14
9321 14
9333 14
9376 14
9351 14
9343 14
9362 14
9370 14
9283 14
9324 14
9377 14
9250 14
9397 14
9360 14
9399 14
9405 14
9406 14
9334 14
9364 14
9416 14
9419 14
9361 14
9322 14
9422 14
9387 14
9394 14
9407 14
9409 14
9423 14
9383 14
9413 14
9439 14
9401 14
9398 14
9411 14
9363 14
9448 14
9426 14
9453 14
9433 14
9441 14
9403 14
9430 14
9384 14
9357 14
9436 14
9466 14
9467 14
9368 14
9428 14
9474 14
9392 14
9468 14
9450 14
9386 14
9458 14
9435 14
9434 14
9481 14
9318 14
9427 14
9425 14
9495 14
9501 14
9457 14
9432 14
9447 14
9454 14
9465 14
9508 14
9509 14
9446 14
9469 14
9455 14
9512 14
9513 14
9408 14
9442 14
9492 14
9519 14
9504 14
9520 14
9444 14
9503 14
9524 14
9497 14
9499 14
9515 14
9516 14
9527 14
9463 14
9530 14
9529 14
9456 14
9414 14
9505 14
9543 14
9532 14
9517 14
9371 14
9550 14
9551 14
9548 14
9540 14
9555 14
9553 14
9507 14
9591 14
9564 14
9498 14
9493 14
9570 14
9559 14
9536 14
9561 14
9575 14
9472 14
9578 14
9522 14
9568 14
9573 14
9418 14
9582 14
9391 14
9567 14
9583 14
9584 14
9589 14
9533 14
9597 14
9579 14
9538 14
9587 14
9566 14
9596 14
9563 14
9577 14
9595 14
9552 14
9521 14
9557 14
9594 14
9611 14
9576 14
9601 14
9443 14
9614 14
9541 14
9592 14
9544 14
9547 14
9599 14
9560 14
9603 14
9620 14
9621 14
9581 14
9565 14
9628 14
9625 14
9574 14
9617 14
9632 14
9616 14
9637 14
9642 14
9612 14
9608 14
9643 14
9635 14
9645 14
9640 14
9648 14
9652 14
9627 14
9638 14
9654 14
9633 14
9622 14
9528 14
9639 14
9661 14
9651 14
9647 14
9585 14
9668 14
9674 14
9677 14
9678 14
9605 14
9646 14
9537 14
9682 14
9684 14
9670 14
9609 14
9624 14
9691 14
9662 14
9694 14
9690 14
9695 14
9681 14
9615 14
9636 14
9701 14
9702 14
9703 14
9698 14
9706 14
9700 14
9619 14
9704 14
9604 14
9711 14
9705 14
9716 14
9715 14
9650 14
9709 14
9712 14
9693 14
9721 14
9672 14
9692 14
9713 14
9680 14
9725 14
9731 14
9733 14
9727 14
9734 14
9717 14
9720 14
9708 14
9739 14
9689 14
9741 14
9724 14
9738 14
9707 14
9730 14
9752 14
9755 14
9758 14
9760 14
9683 14
9726 14
9737 14
9665 14
9771 14
9747 14
9774 14
9710 14
9744 14
9728 14
9778 14
9718 14
9784 14
9785 14
9786 14
9766 14
9792 14
9742 14
9782 14
9788 14
9794 14
9757 14
9795 14
9797 14
9746 14
9796 14
9772 14
9808 14
9790 14
9753 14
9798 14
9805 14
9815 14
9819 14
9820 14
9817 14
9736 14
9722 14
9779 14
9803 14
9821 14
9828 14
9763 14
9825 14
9829 14
9824 14
9832 14
9822 14
9799 14
9791 14
9838 14
9839 14
9767 14
9807 14
9834 14
9801 14
9845 14
9816 14
9827 14
9735 14
9850 14
9773 14
9853 14
9837 14
9789 14
9751 14
9857 14
9867 14
9851 14
9878 14
9858 14
9869 14
9859 14
9833 14
9844 14
9874 14
9876 14
9842 14
9831 14
9852 14
9840 14
9885 14
9886 14
9887 14
9849 14
9877 14
9890 14
9776 14
9818 14
9891 14
9835 14
9848 14
9893 14
9894 14
9897 14
9898 14
9888 14
9899 14
9900 14
9743 14
9856 14
9880 14
9904 14
9907 14
9882 14
9908 14
9911 14
9884 14
9855 14
9914 14
9864 14
9916 14
9917 14
9846 14
9919 14
9915 14
9921 14
9906 14
9910 14
9920 14
9830 14
9896 14
9866 14
9924 14
9933 14
9935 14
9930 14
9939 14
9926 14
9942 14
9945 14
9892 14
9932 14
9951 14
9931 14
9947 14
9953 14
9955 14
9946 14
9664 14
9936 14
9901 14
9959 14
9913 14
9969 14
9970 14
9934 14
9963 14
9976 14
9770 14
9977 14
9958 14
9981 14
9928 14
9957 14
9952 14
9991 14
9975 14
9995 14
9986 14
9999 14
9960 14
9996 14
9990 14
10002 14
10005 14
10008 14
9993 14
10011 14
10014 14
10015 14
10018 14
10020 14
9994 14
10023 14
10024 14
9989 14
9998 14
10031 14
9979 14
10033 14
10010 14
10007 14
10025 14
10030 14
9941 14
10041 14
9964 14
10043 14
10045 14
10046 14
10039 14
10049 14
10003 14
10048 14
10019 14
9984 14
9985 14
10042 14
10037 14
10059 14
10060 14
10061 14
10052 14
10064 14
10065 14
9997 14
10013 14
10057 14
10062 14
10070 14
10000 14
10072 14
10074 14
10076 14
10077 14
10036 14
10035 14
10075 14
10022 14
10081 14
9987 14
10086 14
10087 14
10089 14
10069 14
10063 14
10096 14
10098 14
10085 14
10100 14
10079 14
10093 14
10103 14
10102 14
10108 14
10110 14
10118 14
10090 14
10082 14
10083 14
10092 14
10129 14
10134 14
10068 14
10132 14
10135 14
10095 14
10140 14
10071 14
10112 14
10121 14
10141 14
10123 14
10124 14
10125 14
10142 14
10143 14
10128 14
10148 14
10126 14
10099 14
10150 14
10097 14
10067 14
10151 14
10149 14
10109 14
10161 14
10139 14
10167 14
10168 14
10166 14
10155 14
10169 14
10177 14
10178 14
10146 14
10115 14
10144 14
10181 14
10190 14
10191 14
10159 14
10192 14
10188 14
10193 14
10136 14
10183 14
10194 14
10187 14
10175 14
10131 14
10196 14
10180 14
10185 14
10211 14
10145 14
10213 14
10200 14
10201 14
10170 14
10179 14
10173 14
10202 14
10216 14
10224 14
10225 14
10218 14
10147 14
10199 14
10228 14
10227 14
10230 14
10203 14
10205 14
10186 14
10235 14
10234 14
10206 14
10226 14
10232 14
10239 14
10238 14
10242 14
10195 14
10244 14
10214 14
10204 14
10221 14
10215 14
10237 14
10176 14
10245 14
10220 14
10257 14
10231 14
10209 14
10259 14
10236 14
10189 14
10270 14
10241 14
10240 14
10264 14
10271 14
10272 14
10251 14
10253 14
10260 14
10280 14
10281 14
10263 14
10252 14
10282 14
10265 14
10287 14
10274 14
10273 14
10276 14
10288 14
10262 14
10278 14
10296 14
10301 14
10304 14
10291 14
10275 14
10256 14
10306 14
10267 14
10312 14
10314 14
10295 14
10279 14
10315 14
10317 14
10320 14
10255 14
10290 14
10303 14
10299 14
10321 14
10307 14
10311 14
10294 14
10316 14
10325 14
10324 14
10302 14
10331 14
10292 14
10327 14
10330 14
10338 14
10323 14
10322 14
10341 14
10329 14
10309 14
10337 14
10346 14
10347 14
10326 14
10352 14
10293 14
10340 14
10289 14
10332 14
10358 14
10300 14
10359 14
10363 14
10343 14
10365 14
10310 14
10334 14
10350 14
10361 14
10336 14
10354 14
10349 14
10355 14
10364 14
10370 14
10356 14
10335 14
10362 14
10333 14
10344 14
10345 14
10377 14
10357 14
10383 14
10342 14
10348 14
10379 14
10305 14
10378 14
10385 14
10371 14
10390 14
10367 14
10285 14
10319 14
10391 14
10392 14
10384 14
10393 14
10376 14
10395 14
10313 14
10389 14
10381 14
10401 14
10375 14
10380 14
10409 14
10396 14
10382 14
10399 14
10413 14
10406 14
10411 14
10387 14
10398 14
10414 14
10394 14
10369 14
10410 14
10400 14
10422 14
10397 14
10408 14
10407 14
10429 14
10434 14
10373 14
10412 14
10418 14
10437 14
10424 14
10438 14
10403 14
10443 14
10421 14
10442 14
10386 14
10445 14
10446 14
10425 14
10402 14
10448 14
10435 14
10449 14
10450 14
10451 14
10452 14
10453 14
10447 14
10405 14
10432 14
10455 14
10457 14
10458 14
10456 14
10440 14
10460 14
10461 14
10433 14
10441 14
10462 14
10465 14
10454 14
10426 14
10466 14
10416 14
10470 14
10439 14
10444 14
10436 14
10471 14
10431 14
10473 14
10475 14
10478 14
10428 14
10483 14
10481 14
10427 14
10464 14
10467 14
10477 14
10417 14
10476 14
10484 14
10474 14
10490 14
10491 14
10469 14
10472 14
10489 14
10423 14
10459 14
10493 14
10529 14
10496 14
10497 14
10498 14
10503 14
10480 14
10485 14
10494 14
10463 14
10495 14
10507 14
10506 14
10510 14
10513 14
10516 14
10514 14
10518 14
10521 14
10487 14
10512 14
10505 14
10502 14
10508 14
10511 14
10522 14
10528 14
10530 14
10488 14
10531 14
10520 14
10509 14
10534 14
10479 14
10526 14
10535 14
10492 14
10536 14
10537 14
10527 14
10532 14
10540 14
10541 14
10533 14
10525 14
10544 14
10548 14
10500 14
10519 14
10499 14
10550 14
10482 14
10552 14
10554 14
10515 14
10538 14
10486 14
10504 14
10557 14
10501 14
10549 14
10545 14
10551 14
10562 14
10563 14
10564 14
10539 14
10547 14
10568 14
10546 14
10570 14
10561 14
10553 14
10555 14
10558 14
10571 14
10575 14
10543 14
10560 14
10578 14
10542 14
10517 14
10569 14
10580 14
10567 14
10583 14
10581 14
10584 14
10585 14
10576 14
10586 14
10566 14
10556 14
10573 14
10565 14
10587 14
10574 14
10589 14
10577 14
10593 14
10592 14
10590 14
10579 14
10572 14
10588 14
10602 14
10559 14
10523 14
10596 14
10582 14
10595 14
10607 14
10594 14
10608 14
10612 14
10615 14
10610 14
10618 14
10598 14
10623 14
10622 14
10600 14
10605 14
10591 14
10626 14
10604 14
10620 14
10619 14
10636 14
10613 14
10609 14
10625 14
10601 14
10638 14
10640 14
10599 14
10639 14
10606 14
10614 14
10645 14
10632 14
10635 14
10637 14
10603 14
10648 14
10651 14
10643 14
10650 14
10627 14
10653 14
10611 14
10631 14
10628 14
10658 14
10621 14
10659 14
10630 14
10656 14
10646 14
10655 14
10647 14
10641 14
10633 14
10597 14
10634 14
10665 14
10663 14
10624 14
10644 14
10668 14
10670 14
10654 14
10671 14
10672 14
10673 14
10674 14
10616 14
10649 14
10676 14
10669 14
10662 14
10678 14
10675 14
10664 14
10679 14
10629 14
10682 14
10642 14
10617 14
10685 14
10686 14
10683 14
10684 14
10667 14
10693 14
10660 14
10666 14
10681 14
10694 14
10695 14
10687 14
10696 14
10677 14
10698 14
10657 14
10692 14
10700 14
10701 14
10688 14
10704 14
10711 14
10708 14
10712 14
10709 14
10715 14
10716 14
10524 14
10703 14
10717 14
10680 14
10699 14
10719 14
10710 14
10707 14
10726 14
10727 14
10728 14
10723 14
10718 14
10729 14
10722 14
10732 14
10720 14
10713 14
10734 14
10652 14
10714 14
10735 14
10706 14
10721 14
10731 14
10691 14
10724 14
10697 14
10725 14
10739 14
10730 14
10702 14
10689 14
10743 14
10744 14
10690 14
10748 14
10750 14
10752 14
10737 14
10741 14
10733 14
10755 14
10738 14
10756 14
10757 14
10746 14
10758 14
10736 14
10759 14
10764 14
10765 14
10751 14
10705 14
10763 14
10767 14
10753 14
10742 14
10661 14
10749 14
10771 14
10768 14
10766 14
10773 14
10740 14
10747 14
10779 14
10780 14
10781 14
10770 14
10778 14
10783 14
10784 14
10761 14
10782 14
10745 14
10788 14
10790 14
10792 14
10760 14
10793 14
10769 14
10795 14
10797 14
10772 14
10762 14
10776 14
10804 14
10786 14
10801 14
10806 14
10805 14
10807 14
10777 14
10809 14
10810 14
10775 14
10754 14
10799 14
10813 14
10812 14
10796 14
10811 14
10819 14
10803 14
10802 14
10821 14
10818 14
10794 14
10800 14
10824 14
10798 14
10820 14
10827 14
10785 14
10822 14
10774 14
10826 14
10829 14
10808 14
10787 14
10830 14
10832 14
10833 14
10834 14
10823 14
10831 14
10817 14
10837 14
10838 14
10839 14
10840 14
10842 14
10791 14
10816 14
10836 14
10835 14
10789 14
10845 14
10851 14
10814 14
10853 14
10828 14
10825 14
10815 14
10857 14
10859 14
10852 14
10862 14
10855 14
10860 14
10864 14
10844 14
10854 14
10847 14
10846 14
10843 14
10866 14
10856 14
10858 14
10868 14
10861 14
10849 14
10841 14
10850 14
10870 14
10874 14
10871 14
10875 14
10863 14
10872 14
10876 14
10877 14
10880 14
10881 14
10882 14
10883 14
10884 14
10867 14
10879 14
10885 14
10886 14
10891 14
10848 14
10894 14
10897 14
10898 14
10892 14
10901 14
10893 14
10902 14
10903 14
10865 14
10906 14
10907 14
10895 14
10910 14
10890 14
10878 14
10904 14
10914 14
10918 14
10896 14
10889 14
10915 14
10887 14
10925 14
10919 14
10920 14
10924 14
10922 14
10923 14
10928 14
10926 14
10905 14
10933 14
10930 14
10912 14
10927 14
10913 14
10931 14
10937 14
10936 14
10940 14
10916 14
10939 14
10943 14
10941 14
10947 14
10932 14
10946 14
10945 14
10938 14
10952 14
10953 14
10929 14
10957 14
10899 14
10956 14
10959 14
10949 14
10948 14
10935 14
10917 14
10960 14
10961 14
10955 14
10951 14
10963 14
10972 14
10921 14
10973 14
10976 14
10970 14
10982 14
10967 14
10974 14
10968 14
10987 14
10990 14
10979 14
10986 14
10994 14
10993 14
11001 14
10998 14
11002 14
10980 14
11013 14
11016 14
11008 14
11017 14
