2 4
2 3081
3 4
3 483
3 529
4 361
5 6
5 529
5 530
6 7
6 498
7 8
7 581
8 9
8 605
9 183
9 518
10 135
10 518
10 607
11 254
11 609
11 815
12 13
12 592
12 610
13 14
13 1076
14 1079
14 1169
15 1081
15 1170
15 1171
16 17
16 1170
16 1308
17 18
17 1430
18 1212
18 1374
19 1213
19 1616
19 1631
20 1213
20 1624
20 1633
21 1206
21 1624
21 1633
22 23
22 1206
22 1725
23 1311
23 1571
24 25
24 1726
24 1767
25 26
25 1848
26 1610
26 1890
27 28
27 1281
27 2024
28 29
28 31
29 2135
29 2157
30 31
30 1894
30 2024
31 2345
32 33
32 2298
33 34
33 2377
34 2500
35 36
35 1267
35 2500
36 37
36 2501
37 38
37 2171
38 1268
39 41
39 2566
40 42
40 2360
41 42
41 2697
42 2640
43 44
43 2571
43 2572
44 1270
44 2583
45 46
45 2477
45 2584
46 48
46 2586
47 48
47 2476
47 2479
48 49
49 50
49 2520
50 2521
50 2588
51 52
51 2521
51 2590
52 53
52 2446
53 54
53 2850
54 55
54 2878
55 56
55 2690
56 2656
56 2883
57 59
57 2656
57 2884
58 59
58 2431
58 2636
59 2698
60 2849
60 2855
60 2973
61 2854
61 2855
61 2980
62 63
62 2725
62 2827
63 64
63 3007
64 2825
64 2931
65 2660
65 2841
65 2931
66 67
66 69
66 2211
67 2824
67 2841
68 69
68 70
68 1608
69 2733
70 71
70 2177
71 72
71 2733
72 73
72 2304
73 74
73 2823
74 76
74 2379
75 76
75 77
75 2381
76 2830
77 78
77 2383
78 79
78 2965
79 80
79 3042
80 81
80 2313
81 2314
81 3015
82 2732
82 2838
82 3015
83 84
83 3017
83 3070
84 2838
84 3061
85 2969
85 3061
87 232
88 173
88 257
89 173
89 234
89 236
90 91
90 198
90 499
91 92
91 3098
92 93
92 3097
93 95
93 3094
94 95
94 96
94 176
95 3088
96 97
96 3090
97 98
97 99
98 790
98 3087
99 579
99 653
100 101
100 634
100 653
101 102
101 577
102 103
102 635
103 104
103 575
104 366
104 623
105 106
105 367
105 641
106 107
106 532
107 750
107 779
108 109
108 782
108 921
109 534
109 1070
110 111
110 720
111 112
111 784
112 1175
112 1290
113 115
113 1230
113 1290
114 116
114 539
114 1423
115 116
115 1176
116 1369
117 1294
117 1370
117 1467
118 119
118 120
118 1467
119 1371
119 1617
120 121
120 1468
121 122
121 1617
122 543
122 1183
123 124
123 545
123 1183
124 125
124 1753
125 126
125 1657
126 127
126 1656
127 128
127 1754
128 1819
128 1821
129 130
130 244
130 368
131 132
131 133
131 369
132 136
132 368
133 137
133 172
134 135
134 171
134 172
135 139
136 450
136 451
137 138
137 370
138 139
138 371
139 140
140 141
140 372
141 142
141 608
142 808
142 815
143 199
144 145
144 147
144 258
145 199
145 348
146 147
146 164
146 166
147 407
148 149
148 375
148 456
149 150
149 516
150 376
150 377
151 152
151 380
151 463
152 480
152 902
153 154
153 430
153 510
154 479
154 513
155 156
155 509
155 513
156 157
156 467
157 158
157 448
158 447
158 466
159 160
159 446
159 447
160 464
160 472
161 162
161 315
161 464
162 163
162 453
163 164
163 180
164 474
165 456
165 475
165 476
166 408
166 456
167 168
167 169
167 478
169 170
169 183
170 171
170 478
171 518
172 451
173 231
174 175
175 176
175 3097
176 573
177 178
177 179
177 243
179 200
179 345
180 181
180 258
181 314
181 315
182 184
182 483
183 184
184 498
185 473
185 485
185 492
186 187
186 262
186 525
187 188
187 493
188 189
188 3080
189 190
189 494
190 191
190 3079
191 192
191 3093
192 836
192 3084
193 194
193 195
193 3096
194 834
194 836
195 196
195 834
196 830
196 931
197 837
197 933
197 963
199 200
200 258
202 203
202 243
203 204
203 235
204 205
204 329
205 206
205 321
206 207
206 317
207 208
207 323
208 209
208 330
209 325
209 432
210 211
210 332
210 333
211 212
211 327
212 213
212 334
213 214
213 411
214 215
214 502
215 216
215 503
216 217
216 412
217 218
217 566
218 219
218 567
219 220
219 413
220 221
220 342
221 222
221 291
222 223
222 491
223 413
223 565
224 225
224 470
224 487
225 311
225 468
226 227
226 351
226 468
227 228
227 259
228 229
228 309
229 259
229 307
230 262
230 485
231 233
233 234
234 235
235 260
236 256
236 260
237 238
237 256
237 308
238 239
238 322
239 310
239 406
240 241
240 406
240 409
241 312
241 410
242 410
242 481
242 565
243 313
244 245
245 247
245 255
246 247
246 369
246 407
247 368
248 249
248 250
248 375
249 370
249 408
250 251
250 497
251 375
251 519
252 253
252 591
252 758
253 373
253 374
254 592
254 610
255 348
256 257
257 307
259 349
260 321
261 262
261 292
261 418
263 264
263 526
263 3080
264 265
264 3083
265 266
265 528
266 267
266 3099
267 268
267 524
268 269
268 831
269 270
269 922
270 271
270 872
271 873
271 925
272 860
272 889
272 892
273 274
273 1087
273 1120
274 275
274 1123
275 276
275 305
276 1412
276 1425
277 1413
277 1425
277 1471
278 279
278 1302
278 1471
279 280
279 1427
280 1344
280 1359
281 282
281 445
281 1342
282 283
282 824
283 284
283 1144
284 706
284 707
285 286
285 707
285 1143
286 287
286 1113
287 288
287 1145
288 289
288 712
289 290
289 852
290 291
290 491
291 344
292 416
293 415
293 418
293 525
294 353
294 415
294 520
295 296
295 353
295 621
296 521
296 816
297 298
297 523
297 816
298 299
298 854
299 300
299 819
300 301
300 856
301 302
301 1086
302 303
302 820
303 304
303 822
304 306
304 1086
305 306
305 1088
306 1312
307 308
308 309
309 310
310 311
311 312
312 481
313 329
313 345
314 345
314 346
315 472
316 317
316 329
316 346
317 320
318 319
318 446
318 472
319 320
319 330
320 346
321 322
322 323
323 324
324 325
324 406
325 326
326 332
326 409
327 328
327 409
328 410
328 411
330 431
331 332
331 421
331 432
333 334
333 433
334 501
335 336
335 422
335 501
336 424
336 504
337 338
337 424
337 506
338 339
338 900
339 436
339 968
340 341
340 899
340 943
341 342
341 567
342 343
343 344
343 946
344 1031
347 349
348 407
349 350
350 351
350 405
351 486
352 353
352 514
352 515
354 356
354 621
354 817
355 356
355 357
355 818
356 490
357 1113
357 1142
358 360
358 3085
359 360
359 362
359 3081
360 3077
361 362
361 363
362 364
363 365
363 529
364 574
364 3077
365 531
365 580
366 367
366 580
367 603
369 408
370 496
371 372
371 496
372 373
373 815
374 497
374 519
376 519
376 759
377 378
377 760
378 379
378 463
379 380
379 762
380 903
381 382
381 1041
381 1244
382 1063
382 1064
383 384
383 1242
383 1253
384 385
384 1163
385 1067
385 1243
386 387
386 1067
386 1165
387 911
387 1167
388 1330
389 390
389 1330
389 1556
390 391
390 1554
391 1328
391 1511
392 1511
392 1539
392 1552
393 394
393 1539
393 1543
394 395
394 1509
395 1537
395 3105
396 398
396 1538
396 1543
397 398
397 1518
397 1519
398 1545
399 1518
399 1618
399 1637
400 401
400 1619
400 1662
401 402
401 1638
402 403
402 1739
403 1589
403 1760
404 405
404 414
404 417
411 412
412 413
414 415
414 486
416 417
417 418
419 431
419 446
419 482
420 421
420 448
420 482
421 433
422 423
422 433
423 434
423 449
424 434
425 435
425 508
425 966
426 427
426 508
426 966
427 721
427 964
428 430
428 905
428 964
429 430
429 480
429 904
431 432
434 435
435 968
436 437
436 1033
437 1092
437 3100
438 439
438 1033
438 1042
439 440
439 945
440 441
440 1007
441 442
441 1089
442 952
442 1216
443 708
443 1221
443 1360
444 1342
444 1346
444 1347
445 706
445 1346
447 482
448 449
449 507
451 478
452 453
452 454
452 457
453 474
454 455
454 459
455 475
455 477
457 465
457 495
458 459
458 460
458 512
459 495
460 461
460 479
461 462
461 477
462 517
462 620
463 517
464 465
465 466
466 511
467 511
467 512
468 469
469 486
469 487
470 471
470 481
471 488
471 514
474 475
476 477
476 516
479 620
480 620
483 498
485 500
487 514
488 489
488 565
489 490
489 515
490 851
491 851
492 499
493 494
493 500
494 3098
495 511
496 497
499 500
501 502
502 503
503 504
504 505
505 506
505 566
506 899
507 509
507 622
508 622
509 510
510 721
512 513
515 621
516 517
520 521
520 527
521 522
522 523
522 528
523 524
524 853
525 526
526 527
527 528
530 531
530 581
531 603
532 533
532 604
533 750
533 756
534 535
534 783
535 786
535 1071
536 589
536 590
536 787
537 538
537 590
537 784
538 539
538 1290
539 973
540 541
540 1400
540 1423
541 1446
541 1469
542 1448
542 1468
542 1470
543 1468
543 1590
544 545
544 547
544 1681
545 1755
546 547
546 1592
546 1818
547 1756
548 1757
548 1818
548 1897
549 1877
549 1897
549 1994
550 551
550 1995
550 2200
551 2292
551 2329
552 553
552 2294
552 2329
553 554
553 2416
554 1781
554 2202
555 556
555 2004
555 2005
556 557
556 2331
557 2007
557 2699
558 2007
558 2666
558 2842
559 560
559 2700
559 2935
560 561
560 2702
561 562
561 2938
562 3031
562 3056
563 564
563 2612
563 3030
566 567
568 569
568 570
568 576
569 3077
569 3078
570 571
570 3091
571 572
571 3078
572 573
572 3086
573 3089
574 575
574 580
575 576
576 577
577 578
578 579
578 3091
579 3090
581 642
582 583
582 617
582 757
583 584
583 753
584 585
584 615
585 586
585 764
586 587
586 969
587 588
587 1282
588 589
588 755
589 1231
590 973
591 592
591 593
593 758
593 1076
594 1036
594 1076
594 1077
595 1036
595 1037
595 1077
596 1228
596 1303
596 1304
597 1156
597 1228
597 1305
598 599
598 1247
598 1305
599 600
599 1309
600 601
600 1227
601 602
601 1310
602 1570
602 1571
603 604
604 643
605 606
605 642
606 607
606 619
607 608
608 809
609 999
609 1000
610 1078
611 1000
611 1078
611 1187
612 613
612 1187
612 1283
613 969
613 971
614 615
614 969
614 1000
615 616
616 617
616 999
617 618
618 619
618 809
619 749
622 721
623 636
623 637
624 636
624 713
624 722
625 644
625 804
625 805
626 627
626 628
626 770
627 645
627 804
628 629
628 954
629 630
629 646
630 647
630 867
631 647
631 650
631 866
632 633
632 650
632 803
633 651
633 654
634 651
634 802
635 636
635 802
637 641
637 713
638 713
638 714
638 765
639 722
639 723
639 805
640 724
640 847
640 849
641 714
642 643
643 749
644 722
644 788
645 646
645 788
646 867
647 648
648 865
648 955
649 788
649 802
649 803
650 934
651 652
652 653
652 790
654 801
654 956
655 793
655 940
655 956
656 657
656 795
656 940
657 861
657 942
658 659
658 796
658 942
659 1060
659 1061
660 661
660 662
660 1072
661 799
661 927
662 663
662 1083
663 879
663 1084
664 665
664 1110
664 1133
665 1178
665 1234
666 1234
666 1235
666 1295
667 1180
667 1295
667 1340
668 1180
668 1285
668 1296
669 670
669 1285
670 671
671 1241
671 1341
672 673
672 1241
672 1433
673 674
673 1402
674 675
674 1240
675 1536
676 677
676 1239
676 1503
677 678
677 1432
678 679
678 1472
679 681
679 1337
680 681
680 682
680 1568
681 1389
682 683
682 1390
683 684
683 1642
684 685
684 1635
685 1643
685 1668
686 687
686 1658
686 1679
687 1576
687 1668
688 689
688 691
688 1658
689 1384
689 1575
690 691
690 1659
690 1674
691 1379
692 693
692 1132
692 1674
693 694
693 1463
694 695
694 1673
695 696
695 1464
696 697
696 1671
697 698
697 1639
698 699
698 1466
699 700
699 1429
700 701
700 1640
701 1549
701 1625
702 1435
702 1508
702 1548
703 1426
703 1434
703 1435
704 1345
704 1415
704 1434
705 1343
705 1347
705 1348
706 708
707 1146
708 709
709 1146
709 1172
710 711
710 1091
710 1145
711 949
711 1075
712 1031
712 1075
714 715
715 716
715 779
716 717
716 765
717 768
717 920
718 719
718 921
719 720
719 1035
720 1070
723 766
723 773
724 773
724 813
725 726
725 773
725 805
726 727
726 734
727 772
727 810
728 729
728 771
728 810
729 775
729 811
730 736
730 812
730 869
731 737
731 746
731 975
732 1098
732 1111
732 1147
733 1104
733 1109
734 847
735 736
735 812
736 737
738 739
738 807
738 975
739 740
739 961
740 741
740 1106
741 742
741 975
742 745
742 1108
743 744
743 747
743 1108
744 745
744 871
745 746
746 974
747 1073
747 1098
748 778
748 1072
748 1073
749 756
750 751
751 757
751 785
752 753
752 783
752 785
753 754
754 764
754 786
755 764
755 787
756 757
758 759
759 760
760 761
761 762
761 1036
762 763
763 1038
763 1039
765 766
766 767
767 768
767 813
768 806
769 806
770 771
770 775
771 772
772 804
774 775
774 868
774 954
776 777
776 863
776 868
777 870
777 938
778 871
778 938
779 780
780 781
780 785
781 782
781 920
782 783
784 1071
786 787
789 790
789 791
789 801
791 792
791 3087
792 793
792 801
793 794
794 795
794 932
795 963
796 797
796 845
797 838
797 953
798 800
798 844
798 845
799 800
799 1068
800 1001
803 867
808 809
808 999
810 901
811 812
811 846
813 814
816 817
817 818
818 819
819 820
820 821
821 822
821 1142
822 1003
823 824
823 1003
823 1144
824 1359
825 826
825 832
825 872
826 827
826 840
827 828
827 843
828 829
828 834
829 830
829 838
830 837
831 832
831 835
832 833
833 835
833 836
835 3084
837 862
838 862
839 840
839 841
839 843
840 887
841 842
841 926
842 844
842 1001
843 953
844 953
845 1069
846 901
846 957
847 848
848 849
849 850
851 852
852 1113
853 854
853 922
854 855
855 856
855 923
856 857
857 858
857 924
858 859
858 1085
859 860
859 925
860 1141
861 862
861 963
863 864
863 937
864 936
864 955
865 866
865 936
866 935
868 869
869 974
870 871
870 974
872 887
873 874
873 888
874 875
874 889
875 876
875 962
876 877
876 1082
877 878
877 890
878 927
878 1002
879 880
879 927
880 891
880 898
881 882
881 891
881 1124
882 1114
882 1126
883 884
883 1118
883 1127
884 895
884 1339
885 886
885 1122
885 1409
886 1410
886 1412
887 888
888 962
889 1082
890 891
890 896
892 893
892 1121
893 894
893 1116
894 1117
894 1119
895 1119
895 1122
896 897
896 1116
897 1114
897 1117
898 1084
898 1100
899 900
900 1032
902 903
902 918
903 1039
904 905
904 918
905 906
906 907
906 913
907 965
907 1150
908 1059
908 1151
908 1289
909 910
909 912
909 916
910 1066
910 1152
911 912
912 1067
913 914
913 915
914 919
914 1063
915 1065
915 1151
917 1152
917 1289
918 919
919 1041
920 921
922 923
923 924
924 925
926 962
926 1002
928 929
928 931
928 933
929 930
929 931
930 3092
930 3094
932 933
932 3092
934 935
934 956
935 939
936 1061
937 938
937 1060
939 940
939 941
941 942
941 1061
943 944
943 946
944 945
944 1032
945 1006
946 947
947 948
947 1006
948 949
948 1074
949 1090
950 951
950 1089
950 1090
951 952
951 1172
952 1288
954 955
958 959
959 960
960 961
960 1112
964 965
965 3101
966 967
967 968
967 1049
970 971
970 972
970 1299
971 1282
972 1400
972 1401
973 1231
976 1420
977 978
977 1863
978 979
978 1731
979 1863
979 1864
980 981
980 1529
980 1864
981 1845
981 1865
982 983
982 1839
982 1866
983 984
983 1970
984 1868
984 2099
985 986
985 2099
985 2100
986 2010
986 2011
987 988
987 2011
987 2101
988 989
988 2057
989 990
989 2102
990 991
990 2387
991 992
991 1956
992 2393
992 2533
993 994
993 2545
993 2613
994 995
994 2412
995 1986
995 2546
996 997
996 1986
996 2352
997 998
1001 1002
1003 1004
1004 1005
1004 1312
1005 1302
1005 1359
1006 1089
1007 1050
1007 1217
1008 1009
1008 1050
1008 1096
1009 1016
1009 1051
1010 1011
1010 1018
1010 1316
1011 1012
1011 1406
1012 1323
1012 1421
1013 1014
1013 1325
1013 3103
1014 1015
1014 1510
1015 3104
1015 3105
1016 1018
1016 1218
1017 1018
1017 1019
1017 1219
1019 1361
1019 1406
1020 1021
1020 1315
1020 1424
1021 1022
1021 1365
1022 1416
1022 1442
1023 1024
1023 1365
1023 1443
1024 1353
1024 1501
1025 1500
1025 1550
1025 1567
1026 1499
1026 1565
1026 1641
1027 1028
1027 1641
1027 1705
1028 1029
1028 1736
1029 1030
1029 1748
1030 1619
1030 1739
1031 1074
1032 1033
1037 1038
1037 1168
1038 1157
1039 1040
1040 1041
1040 1157
1042 1043
1042 1050
1043 1044
1043 1092
1044 1045
1044 1096
1045 1046
1045 1055
1046 1047
1046 1093
1047 1048
1047 1057
1048 1049
1048 3101
1049 3100
1051 1052
1051 1316
1052 1095
1052 1096
1053 1054
1053 1316
1053 1322
1054 1095
1054 1249
1055 1056
1055 1094
1056 1057
1056 1222
1057 1058
1058 1233
1058 3102
1059 1150
1059 1233
1060 1069
1063 1065
1064 1242
1064 1245
1065 1066
1066 1243
1068 1069
1068 1072
1070 1071
1073 1083
1074 1075
1077 1169
1078 1079
1079 1080
1080 1081
1080 1208
1081 1209
1082 1116
1083 1099
1084 1099
1085 1086
1085 1088
1087 1088
1087 1141
1090 1091
1091 1172
1092 1093
1093 3100
1094 1095
1094 1357
1097 1098
1097 1099
1097 1101
1100 1102
1100 1134
1101 1102
1101 1147
1102 1110
1103 1149
1103 1179
1103 1284
1104 1105
1105 1112
1105 1173
1106 1107
1106 1112
1107 1108
1107 1111
1109 1148
1109 1286
1110 1178
1111 1173
1114 1115
1115 1118
1115 1126
1117 1118
1119 1120
1120 1121
1121 1141
1122 1123
1123 1412
1124 1134
1124 1215
1125 1126
1125 1127
1125 1140
1127 1338
1128 1129
1128 1378
1128 1408
1129 1130
1129 1440
1130 1131
1130 1411
1131 1132
1131 1463
1132 1379
1133 1134
1133 1136
1135 1136
1135 1234
1135 1336
1136 1214
1137 1139
1137 1214
1137 1336
1138 1139
1138 1380
1138 1399
1139 1140
1140 1215
1142 1143
1143 1144
1145 1146
1147 1149
1148 1149
1148 1173
1150 3102
1151 1152
1153 1154
1153 1158
1153 1168
1154 1155
1154 1228
1155 1156
1155 1223
1156 1246
1157 1158
1158 1159
1159 1160
1159 1244
1160 1161
1160 1223
1161 1162
1161 1253
1162 1163
1162 1225
1163 1164
1164 1165
1164 1272
1165 1166
1166 1167
1166 1560
1168 1303
1169 1171
1170 1307
1171 1303
1175 1229
1176 1177
1177 1368
1178 1179
1179 1180
1181 1185
1182 1185
1182 1186
1182 1657
1183 1186
1184 1372
1185 1563
1186 1617
1187 1188
1188 1189
1188 1208
1189 1190
1189 1283
1190 1191
1190 1210
1191 1192
1191 1298
1192 1193
1192 1211
1193 1194
1193 1450
1194 1195
1194 1513
1195 1196
1195 1437
1196 1197
1196 1514
1197 1198
1197 1451
1198 1199
1198 1591
1199 1200
1199 1622
1200 1201
1200 1452
1201 1202
1201 1632
1202 1453
1202 1454
1203 1204
1203 1454
1203 1455
1204 1634
1204 1763
1205 1206
1205 1459
1205 1763
1207 1209
1207 1210
1207 1430
1208 1209
1210 1211
1211 1373
1212 1213
1212 1523
1214 1215
1216 1217
1216 1288
1217 1218
1218 1219
1219 1220
1220 1221
1220 1354
1221 1288
1222 1233
1222 1331
1223 1224
1224 1225
1224 1246
1225 1422
1226 1227
1226 1248
1226 1255
1227 1570
1229 1230
1231 1232
1232 1282
1232 1400
1235 1236
1235 1291
1236 1237
1236 1300
1237 1238
1237 1375
1238 1239
1238 1432
1239 1335
1240 1241
1240 1431
1242 1243
1244 1245
1245 1253
1246 1247
1247 1248
1248 1422
1249 1250
1249 1357
1250 1367
1251 1252
1251 1320
1251 1367
1252 1358
1254 1255
1254 1272
1254 1422
1255 1620
1256 1257
1256 1573
1256 1574
1257 1258
1257 1626
1258 1259
1258 1275
1259 1260
1259 1627
1260 1723
1260 1817
1261 1262
1261 1817
1262 1263
1262 1280
1263 1264
1263 1896
1264 1265
1265 2060
1266 2326
1267 2466
1268 2466
1269 1270
1269 2563
1269 2637
1270 2477
1271 1272
1271 1560
1271 1620
1273 1274
1273 1572
1273 1620
1274 1561
1274 1626
1275 1276
1275 1278
1276 1277
1276 1574
1277 1724
1277 1767
1278 1279
1278 1817
1279 1280
1279 1767
1280 1889
1281 1610
1281 2025
1283 1299
1284 1285
1284 1286
1286 1287
1289 1331
1291 1336
1291 1375
1292 1295
1292 1300
1292 1334
1293 1335
1293 1431
1293 1536
1294 1423
1294 1469
1296 1340
1296 1341
1297 1298
1297 1299
1297 1401
1298 1450
1300 1301
1301 1334
1301 1335
1302 1313
1304 1305
1304 1306
1306 1307
1306 1309
1307 1308
1308 1417
1309 1417
1310 1418
1310 1623
1311 1623
1311 1624
1312 1313
1313 1425
1314 1354
1314 1355
1314 1405
1315 1355
1315 1416
1317 1319
1317 1324
1317 1444
1318 1319
1318 1322
1318 1367
1319 1320
1320 1321
1321 1329
1321 1330
1322 1324
1323 1324
1323 1325
1325 1326
1326 1327
1326 1444
1327 1328
1327 1510
1328 1329
1329 1444
1331 1356
1332 1333
1332 1356
1334 1340
1337 1387
1337 1388
1338 1339
1338 1399
1339 1409
1341 1431
1342 1343
1343 1344
1344 1345
1345 1426
1346 1360
1347 1403
1348 1403
1348 1415
1349 1351
1349 1404
1349 1415
1350 1351
1350 1352
1350 1434
1351 1442
1352 1353
1352 1507
1353 1443
1354 1360
1355 1361
1356 1357
1361 1362
1362 1407
1362 1424
1363 1424
1363 1520
1363 3104
1364 1366
1364 1517
1364 1520
1365 1366
1366 1566
1368 1369
1369 1370
1370 1371
1371 1563
1372 1563
1373 1374
1373 1430
1374 1512
1375 1385
1376 1377
1376 1394
1376 1399
1377 1396
1377 1397
1378 1395
1378 1439
1379 1440
1380 1385
1380 1394
1381 1382
1381 1388
1381 1398
1382 1392
1382 1515
1383 1384
1383 1391
1383 1392
1384 1439
1385 1386
1386 1387
1386 1398
1387 1432
1388 1389
1389 1516
1390 1516
1390 1635
1391 1515
1391 1575
1392 1395
1393 1394
1393 1396
1393 1398
1395 1396
1397 1408
1397 1409
1401 1445
1403 1405
1404 1405
1404 1416
1406 1407
1407 1421
1408 1410
1410 1411
1411 1461
1413 1461
1413 1465
1414 1428
1414 1466
1414 1471
1417 1418
1418 1523
1419 1420
1419 1506
1419 1646
1420 1730
1421 3103
1426 1427
1427 1441
1428 1429
1428 1441
1429 1549
1435 1507
1436 1437
1436 1445
1436 1450
1437 1438
1438 1447
1438 1451
1439 1440
1441 1548
1442 1443
1445 1446
1446 1447
1447 1448
1448 1449
1449 1451
1449 1590
1452 1453
1452 1729
1453 1593
1454 1595
1455 1457
1455 1596
1456 1457
1456 1763
1456 1872
1457 1849
1458 1459
1458 1872
1458 2031
1459 1460
1460 1726
1460 1848
1461 1462
1462 1463
1462 1464
1464 1465
1465 1466
1467 1470
1469 1470
1472 1473
1472 1503
1473 1524
1473 1568
1474 1524
1474 1526
1474 1569
1475 1476
1475 1526
1475 1629
1476 1477
1476 1527
1477 1479
1477 1630
1478 1479
1478 1528
1478 1745
1479 1678
1480 1533
1480 1535
1480 1745
1481 1482
1481 1670
1481 1831
1482 1654
1482 1832
1483 1653
1483 1899
1483 1900
1484 1485
1484 1846
1484 1900
1485 1486
1485 2022
1486 1842
1486 2062
1487 1488
1487 1734
1487 2062
1488 2087
1488 2106
1489 1490
1489 1667
1489 2108
1490 2109
1490 2191
1491 1493
1491 2112
1491 2120
1492 1493
1492 1667
1492 2191
1493 2093
1494 1719
1494 1720
1494 2093
1495 1496
1495 1666
1495 1719
1496 1716
1496 1747
1497 1498
1497 1640
1497 1682
1498 1499
1498 1705
1499 1500
1500 1625
1501 1551
1501 1566
1502 1503
1502 1504
1502 1536
1504 1505
1504 1524
1505 1506
1506 1525
1507 1551
1508 1550
1508 1625
1509 1510
1509 1511
1512 1513
1512 1616
1513 1514
1514 1621
1515 1516
1517 1521
1517 1537
1518 1577
1519 1521
1519 1538
1520 3105
1521 1564
1522 1565
1522 1577
1522 1618
1523 1623
1525 1526
1525 1730
1527 1528
1527 1730
1528 1731
1529 1530
1529 1731
1530 1531
1530 1745
1531 1843
1531 1844
1532 1533
1532 1534
1532 1833
1533 1843
1534 1535
1534 1831
1535 1644
1537 1538
1539 1540
1540 1541
1540 1580
1541 1542
1541 1552
1542 1558
1542 1583
1543 1544
1544 1545
1544 1580
1545 1581
1546 1547
1546 1557
1547 1559
1548 1549
1550 1551
1552 1553
1553 1557
1553 1558
1554 1556
1554 1557
1555 1556
1558 1559
1560 1561
1561 1562
1562 1645
1564 1567
1564 1577
1565 1579
1566 1567
1568 1569
1569 1628
1570 1572
1571 1614
1572 1573
1573 1614
1574 1615
1575 1576
1576 1635
1578 1579
1578 1618
1578 1619
1579 1641
1580 1583
1581 1582
1581 1585
1582 1637
1583 1584
1584 1585
1585 1586
1587 1588
1587 1638
1588 1589
1590 1681
1591 1681
1591 1729
1592 1594
1592 1729
1593 1594
1593 1595
1594 1818
1595 1596
1596 1879
1597 1854
1597 1873
1597 2138
1598 1599
1598 1874
1598 2138
1599 2133
1599 2144
1600 1601
1600 2156
1600 2282
1601 1602
1601 2172
1602 1603
1602 2206
1603 1605
1603 2174
1604 1605
1604 1606
1604 2451
1605 2284
1606 1607
1606 2491
1607 1608
1607 2453
1608 2209
1609 1610
1609 1848
1609 2031
1611 1874
1611 2025
1611 2133
1612 1852
1612 1855
1612 2139
1613 1752
1613 1877
1613 1878
1614 1615
1615 1724
1616 1621
1621 1622
1622 1631
1626 1627
1628 1629
1628 1642
1629 1630
1630 1677
1631 1632
1632 1634
1633 1634
1636 1847
1637 1662
1638 1662
1639 1640
1639 1675
1642 1643
1643 1677
1644 1669
1644 1678
1647 1648
1647 1659
1647 1674
1648 1649
1648 1673
1649 1650
1649 1727
1650 1651
1650 1840
1651 1661
1651 1869
1652 1653
1652 1708
1652 1846
1653 1654
1654 1680
1655 1657
1656 1707
1658 1663
1659 1660
1660 1661
1660 1663
1661 1708
1663 1664
1664 1679
1664 1680
1665 1711
1665 1712
1665 1747
1666 1712
1666 1713
1667 1713
1668 1669
1669 1670
1670 1679
1671 1672
1671 1675
1672 1673
1672 1709
1675 1676
1676 1710
1676 1746
1677 1678
1680 1708
1682 1683
1682 1714
1683 1684
1683 1706
1684 1685
1684 1715
1685 1686
1685 1738
1686 1687
1686 1717
1687 1688
1687 1887
1688 1830
1688 1871
1689 1742
1689 1870
1689 1871
1690 1691
1690 1722
1690 1870
1691 1692
1691 1743
1692 1693
1692 2033
1693 1722
1693 2049
1694 2035
1694 2049
1694 2050
1695 1886
1695 2050
1695 2190
1696 1697
1696 2181
1696 2190
1697 1698
1697 2131
1698 2182
1698 3107
1699 2187
1699 2199
1699 2277
1700 1701
1700 2187
1700 2267
1701 1702
1701 2272
1702 1703
1702 2059
1703 1704
1703 2270
1705 1706
1706 1736
1707 1819
1709 1710
1709 1727
1710 1711
1711 1728
1712 1733
1713 2032
1714 1715
1714 1746
1715 1716
1716 1717
1717 1718
1718 1719
1718 1887
1720 1721
1720 2045
1721 1722
1721 1888
1724 1725
1725 1726
1727 1728
1728 1732
1732 1733
1732 1840
1733 1735
1734 1735
1734 1842
1735 2032
1736 1737
1737 1738
1737 1748
1738 1830
1739 1740
1740 1760
1740 1765
1741 1742
1741 1766
1741 1823
1742 1743
1743 1744
1744 1824
1744 2034
1746 1747
1748 1764
1749 1750
1749 1804
1749 2013
1750 1806
1750 2015
1751 1752
1751 1768
1751 1994
1752 1995
1753 1754
1753 1755
1754 1821
1755 1803
1756 1757
1756 1804
1757 1758
1758 1994
1758 2013
1759 1760
1759 1761
1759 1823
1761 1822
1764 1765
1764 1830
1765 1766
1766 1871
1768 1782
1768 1996
1769 1770
1769 2038
1769 2039
1770 1771
1770 2219
1771 1812
1771 2040
1772 1773
1772 2041
1772 2212
1773 1774
1773 2113
1774 2042
1774 2043
1775 1776
1775 1792
1775 2043
1776 1777
1776 1793
1777 2149
1777 2638
1778 1779
1778 1780
1778 2003
1779 2004
1779 2149
1780 1781
1780 2416
1781 2005
1782 1783
1782 2014
1783 1785
1783 1816
1784 1785
1784 1786
1784 1997
1785 2150
1786 1787
1786 2147
1787 2039
1787 2150
1788 1789
1788 2001
1788 2039
1789 1790
1789 2040
1790 1791
1790 2483
1791 1792
1791 2042
1792 2484
1793 1794
1793 1800
1794 1795
1794 2661
1795 1796
1795 2043
1796 1797
1796 2601
1797 1798
1797 2113
1798 2594
1798 2595
1799 2677
1799 2748
1799 2920
1800 2540
1800 2662
1801 1802
1801 2662
1801 2663
1802 2540
1802 2541
1803 1804
1803 1806
1805 1806
1805 1807
1805 1813
1807 1808
1807 1857
1808 1809
1808 1821
1809 1856
1810 2218
1811 2219
1812 2358
1813 1814
1813 1859
1814 1815
1814 1861
1815 1816
1815 2015
1816 2151
1819 1820
1822 1882
1823 1882
1824 1825
1824 1883
1825 1826
1825 2034
1826 1827
1826 2030
1827 2058
1828 1829
1831 1832
1832 1834
1833 1834
1833 1835
1834 1899
1835 1967
1835 2012
1836 1837
1836 1968
1836 2012
1837 1838
1837 1844
1838 1839
1838 1970
1839 1845
1840 1841
1841 1842
1841 1869
1843 2012
1844 1845
1846 1869
1847 1883
1849 1850
1849 1853
1850 1875
1850 1880
1851 1876
1851 1880
1851 1898
1852 1898
1852 2141
1853 1854
1853 1872
1854 1855
1855 1880
1856 1858
1857 1858
1857 1859
1859 1860
1860 1862
1861 1862
1861 2037
1864 2027
1865 1866
1865 2027
1866 1867
1867 2028
1867 2029
1868 2010
1868 2029
1870 1888
1873 1874
1873 2031
1875 1876
1875 1879
1876 1877
1878 1898
1878 2200
1879 1897
1881 2026
1882 1883
1884 1885
1884 2094
1885 2098
1885 2153
1886 2098
1886 2180
1887 1888
1889 1890
1889 1896
1890 1891
1891 1892
1891 2024
1892 1893
1892 2060
1893 1894
1893 1895
1894 2298
1896 2060
1899 1945
1900 1901
1901 2016
1901 2022
1902 2021
1902 2063
1902 2226
1903 1952
1903 2228
1903 2397
1904 1905
1904 2396
1904 2492
1905 1906
1905 2467
1906 1907
1906 2494
1907 1908
1907 2454
1908 1909
1908 2548
1909 1910
1909 2495
1910 1911
1910 2458
1911 1912
1911 2551
1912 2618
1912 2647
1913 1914
1913 2618
1913 2648
1914 2672
1914 2692
1915 1916
1915 2672
1915 2693
1916 1917
1916 2769
1917 1918
1917 2772
1918 2770
1918 2773
1919 2681
1919 2704
1919 2791
1920 1921
1920 1966
1920 2704
1921 2694
1921 2718
1922 2688
1922 2720
1922 2767
1923 1924
1923 2721
1923 2767
1924 1925
1924 2867
1925 2868
1926 2868
1926 2894
1926 2928
1927 2676
1927 2894
1928 1990
1928 2715
1928 2951
1929 1930
1929 2714
1929 2951
1930 1993
1930 2913
1931 2900
1931 2914
1931 2988
1932 2989
1932 3004
1932 3005
1933 2991
1933 2997
1933 3005
1934 1935
1934 2991
1934 3036
1935 1936
1935 2994
1936 1937
1936 3037
1937 1938
1937 3108
1938 3039
1938 3040
1939 3040
1939 3062
1939 3108
1940 1941
1940 3062
1940 3108
1941 2994
1941 3063
1942 1943
1942 3063
1942 3064
1943 1944
1945 1967
1945 2016
1946 1947
1946 1969
1946 2017
1947 1948
1947 2018
1948 1949
1948 1971
1949 2020
1949 2103
1950 1951
1950 1976
1950 2020
1951 1952
1951 2227
1952 2104
1953 1954
1953 2119
1953 2396
1954 2350
1954 2467
1955 1956
1955 2102
1955 2455
1956 2526
1957 2526
1957 2533
1957 2547
1958 2457
1958 2543
1958 2547
1959 1960
1959 2459
1959 2564
1960 1961
1960 2649
1961 2641
1961 2682
1962 2650
1962 2682
1962 2685
1963 1964
1963 1965
1963 2685
1964 2460
1964 2679
1965 1978
1965 2654
1966 2461
1966 2654
1967 1969
1968 1969
1968 1971
1970 1972
1971 1972
1972 1973
1973 1974
1973 2103
1974 1975
1974 2099
1975 1976
1975 2105
1976 2103
1977 2673
1977 2674
1977 2695
1978 2653
1978 2686
1979 1980
1980 1982
1980 2651
1981 1982
1981 1983
1981 2615
1982 2325
1983 1984
1983 2546
1984 1985
1984 2619
1985 1986
1988 1989
1988 2915
1989 2920
1989 2950
1990 1991
1990 2950
1991 1992
1991 2750
1992 1993
1992 2975
1993 2951
1995 1998
1996 1997
1996 1998
1997 2000
1998 1999
1999 2000
1999 2292
2000 2147
2001 2002
2001 2148
2002 2003
2002 2295
2003 2483
2004 2006
2005 2204
2006 2008
2006 2638
2007 2008
2008 2541
2009 2028
2009 2091
2010 2333
2011 2334
2013 2014
2014 2015
2016 2017
2017 2018
2018 2019
2019 2021
2019 2023
2020 2021
2022 2023
2023 2061
2025 2135
2026 2027
2028 2223
2029 2225
2032 2107
2033 2034
2033 2035
2035 2036
2036 2058
2036 2098
2037 2151
2037 2218
2038 2150
2038 2151
2040 2041
2041 2042
2044 2045
2044 2093
2044 2112
2045 2046
2046 2047
2046 2049
2047 2048
2047 2050
2048 2132
2048 2190
2051 2092
2053 2054
2053 2055
2053 2353
2054 2222
2055 2224
2055 2385
2056 2057
2056 2334
2056 2388
2057 2386
2059 2097
2061 2062
2061 2063
2063 2087
2064 2087
2064 2188
2064 2226
2065 2066
2065 2067
2065 2420
2066 2359
2066 2462
2067 2068
2067 2421
2068 2069
2068 2497
2069 2070
2069 2496
2070 2086
2070 2357
2071 2072
2071 2259
2071 2426
2072 2269
2072 2357
2073 2074
2073 2260
2073 2262
2074 2427
2074 2512
2075 2434
2075 2480
2075 2515
2076 2077
2076 2447
2076 2472
2077 2415
2077 2433
2078 2265
2078 2291
2078 2415
2079 2179
2079 2290
2079 2291
2080 2130
2080 2178
2080 2290
2081 2082
2081 2083
2081 2132
2082 2178
2082 2289
2083 2120
2083 2285
2084 2085
2084 2191
2084 2257
2085 2111
2085 2357
2086 2111
2086 2359
2088 2089
2088 2106
2088 2188
2089 2110
2089 2268
2090 2268
2090 2359
2090 2462
2094 2095
2095 2096
2095 2153
2096 2097
2097 2198
2100 2101
2100 2105
2101 2349
2102 2350
2104 2105
2104 2119
2106 2107
2107 2108
2108 2109
2109 2110
2110 2111
2112 2132
2113 2114
2114 2115
2114 2594
2115 2116
2115 2213
2116 2117
2116 2591
2117 2215
2118 2674
2118 2688
2119 2349
2120 2257
2121 2482
2122 2194
2122 2464
2122 2465
2123 2124
2123 2374
2123 2464
2124 2376
2124 2463
2125 2197
2125 2367
2125 2376
2126 2127
2126 2435
2126 2448
2127 2347
2127 2394
2128 2129
2128 2297
2128 2370
2129 2276
2129 2278
2130 2131
2130 2296
2131 2178
2133 2134
2134 2136
2134 2156
2135 2136
2136 2280
2137 2138
2137 2139
2137 2221
2139 2140
2140 2145
2140 2146
2141 2142
2141 2146
2142 2143
2142 2200
2143 2201
2143 2329
2144 2221
2144 2282
2145 2221
2145 2324
2146 2201
2147 2148
2148 2293
2149 2484
2152 2153
2152 2154
2152 2180
2154 2155
2154 2198
2155 2182
2155 2266
2156 2172
2157 2158
2157 2281
2158 2159
2158 2345
2159 2160
2159 2322
2160 2161
2160 2306
2161 2162
2161 2299
2162 2163
2162 2301
2163 2164
2163 2378
2164 2165
2164 2450
2165 2166
2165 2302
2166 2167
2166 2503
2167 2168
2167 2502
2168 2567
2168 2568
2169 2170
2169 2567
2169 2568
2170 2570
2170 2697
2171 2502
2171 2566
2172 2173
2173 2174
2173 2280
2174 2175
2175 2348
2175 2451
2176 2177
2176 2323
2176 2453
2177 2305
2179 2296
2179 2346
2180 2181
2181 2182
2183 2184
2183 2192
2183 2217
2184 2193
2184 2271
2185 2186
2185 2272
2185 2335
2186 2187
2186 2273
2188 2189
2189 2220
2189 2355
2192 2270
2193 2195
2193 2341
2194 2343
2195 2335
2195 2373
2196 2275
2196 2375
2196 2376
2197 2275
2197 2432
2198 2267
2199 2266
2199 2267
2201 2330
2202 2203
2202 2330
2203 2204
2203 2205
2204 2621
2205 2207
2205 2208
2206 2208
2206 2283
2207 2324
2207 2330
2208 2284
2209 2210
2209 2491
2210 2211
2210 2332
2211 2659
2212 2213
2212 2358
2213 2214
2214 2215
2216 2217
2217 2342
2218 2219
2220 2268
2220 2398
2222 2223
2222 2225
2224 2225
2224 2333
2226 2227
2227 2355
2228 2355
2228 2356
2229 2230
2229 2356
2229 2397
2230 2414
2230 2492
2231 2493
2231 2529
2231 2549
2232 2233
2232 2549
2232 2555
2233 2550
2233 2667
2234 2235
2234 2769
2234 2846
2235 2770
2235 2858
2236 2237
2236 2790
2236 2856
2237 2238
2237 2736
2238 2239
2238 2800
2239 2240
2239 2738
2240 2764
2240 2820
2241 2242
2241 2806
2241 2822
2242 2243
2242 2820
2243 2812
2243 2813
2244 2245
2244 2792
2244 2798
2245 2799
2245 2814
2246 2247
2246 2882
2246 3127
2247 2248
2247 3125
2248 2249
2248 2794
2249 2984
2249 2985
2250 2251
2250 2796
2250 2926
2251 2847
2251 2921
2252 2538
2252 2756
2252 2844
2253 2254
2253 2631
2253 2758
2254 2636
2254 2877
2255 2256
2255 2698
2255 2877
2256 2849
2256 2972
2257 2269
2258 2259
2258 2269
2258 2285
2259 2260
2260 2287
2261 2263
2261 2498
2261 2512
2262 2263
2262 2288
2263 2264
2264 2369
2264 2434
2265 2368
2265 2369
2266 3106
2270 2271
2271 2272
2273 2337
2273 2372
2274 2339
2274 2372
2274 2395
2275 2338
2276 2277
2276 3106
2277 2371
2278 2296
2278 3107
2280 2281
2281 2348
2282 2283
2283 2324
2284 2490
2285 2289
2286 2287
2286 2289
2286 2290
2287 2288
2288 2368
2291 2368
2292 2293
2293 2294
2294 2295
2295 2416
2297 2346
2297 2347
2298 2344
2299 2300
2299 2377
2300 2301
2300 2500
2301 2302
2302 2501
2303 2304
2303 2379
2303 2450
2304 2305
2305 2378
2306 2307
2306 2323
2307 2322
2307 2452
2308 2309
2308 2450
2308 2503
2309 2310
2309 2380
2310 2311
2310 2869
2311 2312
2311 2382
2312 2384
2312 2963
2313 2314
2313 2384
2314 3035
2315 2316
2315 2785
2315 3053
2316 2317
2316 3018
2317 2318
2317 2783
2318 2319
2318 3043
2319 2320
2319 3020
2320 2321
2320 2959
2321 2960
2322 2348
2323 2378
2331 2657
2331 2691
2332 2490
2332 2621
2333 2334
2335 2336
2336 2337
2336 2375
2337 2338
2338 2339
2339 2432
2340 2395
2340 2432
2340 2449
2341 2342
2341 2343
2343 2374
2344 2345
2344 2377
2346 2415
2347 2447
2349 2350
2351 2410
2351 2413
2352 2410
2352 2412
2353 2354
2353 2385
2354 2413
2356 2398
2360 2361
2361 2362
2361 2637
2362 2363
2362 2482
2363 2364
2363 2563
2364 2365
2364 2465
2365 2366
2365 2463
2366 2367
2366 2473
2367 2449
2369 2433
2370 2371
2370 2394
2371 2372
2373 2374
2373 2375
2379 2380
2380 2381
2381 2382
2382 2383
2383 2384
2385 2388
2386 2387
2386 2389
2387 2392
2388 2389
2389 2390
2390 2408
2390 2413
2391 2392
2391 2393
2391 2411
2392 2408
2393 2545
2394 2395
2396 2397
2398 2399
2399 2400
2399 2417
2400 2401
2400 2414
2401 2402
2401 2418
2402 2403
2402 2528
2403 2530
2403 2534
2404 2405
2404 2530
2404 2556
2405 2406
2405 2622
2406 2407
2406 2667
2407 2562
2407 2669
2408 2409
2409 2410
2409 2411
2411 2412
2414 2528
2417 2418
2417 2462
2418 2420
2419 2420
2419 2421
2419 2534
2421 2552
2422 2423
2422 2497
2422 2552
2423 2425
2423 2554
2424 2425
2424 2538
2424 2758
2425 2630
2426 2427
2426 2496
2427 2539
2428 2430
2428 2539
2428 2633
2429 2430
2429 2431
2429 2635
2430 2639
2431 2470
2433 2434
2435 2436
2435 2449
2436 2437
2436 2473
2437 2438
2437 2471
2438 2439
2438 2518
2439 2440
2439 2481
2440 2441
2440 2499
2441 2442
2441 2517
2442 2443
2442 2620
2443 2444
2443 2499
2444 2445
2444 2488
2445 2446
2445 2521
2446 2489
2447 2448
2448 2471
2451 2452
2452 2453
2454 2455
2454 2467
2455 2456
2456 2527
2456 2548
2457 2458
2457 2548
2458 2459
2459 2647
2460 2461
2460 2703
2461 2681
2463 2464
2465 2482
2468 2469
2468 2513
2468 2539
2469 2485
2469 2639
2470 2643
2470 2655
2471 2472
2472 2480
2473 2474
2474 2478
2474 2518
2475 2476
2475 2478
2475 2563
2476 2477
2478 2479
2479 2519
2480 2481
2481 2517
2483 2484
2485 2486
2485 2531
2486 2487
2486 2643
2487 2620
2487 2644
2488 2489
2488 2644
2489 2690
2490 2491
2492 2493
2493 2494
2494 2495
2495 2616
2496 2632
2497 2629
2498 2514
2498 2515
2499 2520
2501 2502
2503 2504
2504 2569
2504 2570
2505 2511
2505 2574
2505 2869
2506 2574
2506 2578
2506 2579
2507 2508
2507 2579
2507 2872
2508 2573
2508 2580
2509 2510
2509 2581
2509 2582
2510 2511
2510 2573
2511 2569
2512 2513
2513 2514
2514 2531
2515 2516
2516 2517
2516 2532
2518 2519
2519 2520
2522 2523
2522 2691
2522 2699
2523 2524
2523 2660
2524 2525
2524 2701
2525 2931
2525 3008
2526 2527
2527 2547
2528 2529
2529 2555
2530 2555
2531 2532
2532 2620
2533 2542
2534 2535
2535 2553
2535 2556
2536 2537
2536 2645
2536 2756
2537 2538
2537 2554
2540 2638
2541 2665
2542 2543
2542 2545
2543 2544
2544 2564
2544 2613
2546 2565
2549 2616
2550 2551
2550 2617
2551 2616
2552 2553
2553 2554
2556 2645
2557 2558
2557 2559
2557 2646
2558 2626
2558 2757
2559 2560
2559 2623
2560 2561
2560 2624
2561 2562
2561 2671
2562 2623
2564 2641
2565 2613
2565 2615
2566 2567
2568 2570
2569 2571
2571 2581
2572 2640
2572 2697
2573 2574
2575 2576
2575 2788
2575 2962
2576 2577
2576 2870
2577 2789
2577 2963
2578 2869
2578 2963
2579 2870
2580 2582
2580 2874
2581 2583
2582 2876
2583 2584
2584 2585
2585 2586
2585 2860
2586 2587
2587 2588
2587 2888
2588 2589
2589 2590
2589 2890
2590 2774
2591 2592
2592 2593
2592 2748
2593 2594
2593 2843
2595 2596
2595 2601
2596 2597
2596 2843
2597 2598
2597 2916
2598 2599
2598 2753
2599 2600
2599 2750
2600 2752
2600 2920
2601 2602
2602 2661
2602 2916
2603 2663
2603 2916
2603 2917
2604 2605
2604 2755
2604 2977
2605 2606
2605 3022
2606 2607
2606 2933
2607 2608
2607 3024
2608 2609
2608 3026
2609 2610
2609 2978
2610 2612
2610 3028
2611 2612
2611 3032
2611 3033
2614 2642
2614 2651
2614 2683
2615 2642
2617 2618
2617 2668
2621 2657
2622 2623
2622 2646
2624 2625
2624 2846
2625 2626
2625 2885
2626 2627
2627 2628
2627 2848
2628 2757
2628 2921
2629 2630
2629 2632
2630 2631
2631 2634
2632 2633
2633 2635
2634 2635
2634 2636
2637 2640
2639 2643
2641 2642
2644 2689
2645 2646
2647 2648
2648 2649
2649 2678
2650 2678
2650 2679
2651 2652
2652 2653
2652 2684
2654 2694
2655 2656
2655 2689
2657 2658
2658 2659
2658 2691
2659 2660
2661 2662
2663 2664
2664 2665
2664 2948
2665 2666
2666 2934
2667 2668
2668 2669
2669 2670
2670 2671
2670 2672
2671 2769
2673 2686
2674 2675
2678 2692
2679 2680
2680 2693
2680 2703
2681 2773
2682 2683
2683 2684
2684 2685
2686 2696
2687 2688
2687 2695
2687 2719
2689 2690
2692 2693
2694 2696
2695 2696
2698 2939
2699 2842
2700 2701
2700 2842
2701 2702
2702 3008
2703 2772
2704 2734
2705 2706
2705 2707
2705 2718
2706 2734
2706 2737
2707 2708
2707 2740
2708 2709
2708 2747
2709 2710
2709 2741
2710 2801
2710 2821
2711 2712
2711 2746
2711 2893
2712 2713
2712 2944
2713 2714
2713 2919
2714 2946
2715 2716
2715 2949
2716 2717
2716 2950
2717 2895
2717 2915
2718 2719
2719 2747
2720 2721
2720 2747
2721 2821
2722 2723
2722 2733
2722 2824
2723 2724
2723 2823
2724 2826
2724 2831
2725 2826
2725 2828
2726 2727
2726 2827
2726 2829
2727 2728
2727 3049
2728 2729
2728 2832
2729 2730
2729 2964
2730 2731
2730 2834
2731 2732
2731 3042
2732 2836
2734 2735
2735 2736
2735 2790
2736 2737
2737 2738
2738 2739
2739 2740
2739 2764
2740 2741
2741 2742
2742 2766
2742 2801
2743 2744
2743 2802
2743 2896
2744 2745
2744 2898
2745 2746
2745 2919
2746 2897
2748 2752
2749 2750
2749 2751
2749 2970
2751 2975
2751 2996
2752 2843
2753 2929
2753 2970
2754 2755
2754 2930
2754 2971
2755 3021
2756 2757
2758 2845
2759 2760
2759 2845
2759 2877
2760 2924
2760 2952
2761 2762
2761 2925
2761 2952
2762 2763
2764 2822
2765 2766
2765 2805
2765 2822
2766 2803
2768 2824
2768 2825
2768 2841
2770 2771
2771 2791
2771 2857
2772 2773
2774 2775
2774 2850
2775 2776
2775 2891
2776 2777
2776 2954
2777 2778
2777 2942
2778 2779
2778 2955
2779 2780
2779 2864
2780 2781
2780 3034
2781 2782
2781 2865
2782 2784
2782 3043
2783 2784
2783 2785
2784 3003
2785 2786
2786 2787
2786 3014
2787 3016
2787 3035
2788 3003
2788 3014
2789 3014
2789 3035
2790 2791
2792 2797
2792 2800
2793 2794
2793 2882
2793 2886
2794 2887
2795 2796
2795 2847
2795 2887
2796 2985
2797 2799
2797 2881
2798 2813
2798 2819
2799 3127
2800 2819
2801 2896
2802 2803
2802 2808
2803 2804
2804 2805
2804 2866
2805 2806
2806 2811
2807 2808
2807 2809
2807 3113
2808 2866
2809 2810
2809 3114
2810 3117
2810 3121
2811 2812
2811 3117
2812 3132
2813 2814
2814 2815
2815 2816
2815 3130
2816 2817
2816 3126
2817 3128
2818 2986
2819 2820
2821 2892
2823 2831
2825 2826
2827 3048
2828 2829
2828 2830
2829 2965
2830 2831
2832 2833
2832 3051
2833 2835
2833 2839
2834 2835
2834 2836
2835 2966
2836 2837
2837 2838
2837 3060
2839 2840
2839 3052
2840 2966
2844 2845
2844 2922
2846 2859
2847 2848
2848 2885
2849 2939
2850 2851
2851 2852
2851 2878
2852 2853
2852 2954
2853 2953
2853 3009
2854 3009
2854 3045
2855 2880
2856 2857
2856 2881
2857 2858
2858 2859
2859 2918
2860 2861
2860 2876
2861 2862
2861 2888
2862 2863
2862 2943
2863 2864
2863 2941
2864 2865
2865 3002
2866 3117
2867 2892
2867 2893
2870 2871
2871 2873
2871 2962
2872 2873
2872 2875
2873 2961
2874 2875
2874 2876
2875 2943
2878 2879
2879 2883
2879 2953
2880 2940
2880 2953
2881 2882
2883 2884
2884 2940
2885 2918
2886 2887
2886 2918
2888 2889
2889 2890
2889 2941
2890 2891
2891 2942
2892 2897
2893 2928
2894 2895
2895 2947
2896 2897
2898 2914
2898 3113
2899 2900
2899 3112
2899 3113
2900 2901
2901 2902
2901 2989
2902 3112
2902 3122
2903 2904
2903 2909
2903 3122
2904 2905
2904 2989
2905 2908
2905 2990
2906 2907
2906 2990
2906 2992
2907 2908
2907 3065
2908 2909
2909 2910
2910 2911
2910 3067
2911 2912
2911 3109
2912 3068
2913 2914
2913 2919
2917 2929
2917 2948
2921 2922
2922 2924
2923 2924
2923 2925
2923 2926
2925 2998
2926 2927
2927 2982
2927 2998
2928 2944
2929 2930
2930 2976
2932 2933
2932 2934
2932 2977
2933 2937
2934 2935
2935 2936
2936 2937
2936 2938
2937 2978
2938 3033
2939 2940
2941 2942
2943 2961
2944 2945
2945 2946
2945 2947
2946 2949
2947 2949
2948 2976
2952 2979
2954 2955
2955 2956
2956 2981
2956 3034
2957 2958
2957 3034
2957 3043
2958 2959
2958 3047
2959 3054
2960 3055
2961 3002
2962 3013
2964 2965
2964 3042
2966 2967
2967 2968
2967 3060
2968 2969
2970 2971
2971 2995
2972 2973
2972 2979
2975 2988
2976 2977
2978 3033
2980 3044
2981 3009
2981 3047
2982 2983
2982 2985
2983 3000
2984 2986
2984 3000
2986 2987
2987 3125
2988 3004
2990 3005
2991 2992
2992 2993
2993 2994
2993 3064
2995 2996
2995 2997
2996 3004
2997 3021
3000 3001
3002 3013
3003 3013
3006 3007
3006 3008
3006 3031
3007 3010
3010 3031
3010 3048
3011 3012
3011 3056
3011 3072
3015 3016
3016 3017
3017 3053
3018 3019
3018 3053
3019 3020
3019 3070
3021 3023
3022 3023
3022 3024
3023 3036
3024 3025
3025 3026
3025 3038
3026 3027
3027 3028
3027 3058
3028 3029
3029 3030
3029 3059
3030 3076
3032 3056
3036 3037
3037 3038
3038 3039
3039 3058
3040 3073
3041 3057
3041 3062
3044 3045
3045 3046
3046 3047
3046 3054
3048 3049
3049 3050
3050 3051
3050 3072
3051 3052
3054 3055
3057 3063
3058 3059
3059 3074
3060 3061
3064 3065
3065 3066
3066 3067
3067 3068
3069 3070
3069 3071
3073 3074
3074 3075
3078 3085
3079 3083
3079 3099
3080 3083
3081 3082
3084 3099
3085 3086
3087 3088
3088 3092
3089 3090
3089 3091
3093 3096
3093 3098
3094 3096
3095 3097
3101 3102
3103 3104
3106 3107
3109 3110
3109 3116
3110 3111
3110 3124
3112 3114
3114 3115
3115 3116
3115 3123
3116 3122
3118 3119
3119 3120
3119 3132
3120 3121
3120 3129
3121 3123
3123 3124
3124 3129
3125 3126
3126 3127
3128 3131
3130 3131
3130 3132
