10869 13
10873 13
10909 13
10911 13
10908 13
10888 13
10900 13
10954 13
10934 13
10964 13
10944 13
10965 13
10969 13
10971 13
10975 13
10962 13
10942 13
10981 13
10966 13
10977 13
10950 13
10984 13
10988 13
10991 13
10997 13
10996 13
11003 13
10995 13
10958 13
11009 13
11004 13
11007 13
10983 13
10992 13
10989 13
11012 13
10999 13
11015 13
11014 13
10978 13
11020 13
11022 13
11019 13
11005 13
11010 13
11011 13
11024 13
10985 13
11000 13
11029 13
11006 13
11026 13
11028 13
11030 13
11032 13
11034 13
11025 13
11037 13
11027 13
11035 13
11033 13
11018 13
11041 13
11036 13
11043 13
11031 13
11021 13
11046 13
11047 13
11044 13
11023 13
11048 13
11051 13
11040 13
11042 13
11052 13
11049 13
11054 13
11055 13
11056 13
11057 13
11039 13
11045 13
11038 13
11058 13
11050 13
11053 13
11062 13
11066 13
11059 13
11060 13
11068 13
11067 13
11069 13
11075 13
11076 13
11064 13
11061 13
11079 13
11072 13
11071 13
11082 13
11073 13
11065 13
11070 13
11083 13
11063 13
11086 13
11087 13
11088 13
11089 13
11078 13
11084 13
11080 13
11094 13
11092 13
11095 13
11090 13
11074 13
11099 13
11085 13
11100 13
11101 13
11098 13
11093 13
11102 13
11097 13
11077 13
11103 13
11104 13
11105 13
11106 13
11081 13
11096 13
11110 13
11108 13
11111 13
11112 13
11113 13
11091 13
11114 13
11115 13
11116 13
11119 13
11121 13
11123 13
11118 13
11125 13
11107 13
11109 13
11127 13
11129 13
11117 13
11130 13
11131 13
11126 13
11128 13
11134 13
11133 13
11120 13
11135 13
11136 13
11124 13
11137 13
11140 13
11141 13
11132 13
11138 13
11143 13
11139 13
11145 13
11146 13
11142 13
11148 13
11149 13
11144 13
11154 13
11150 13
11155 13
11157 13
11158 13
11153 13
11152 13
11147 13
11168 13
11159 13
11165 13
11160 13
11161 13
11170 13
11166 13
11171 13
11164 13
11173 13
11175 13
11122 13
11151 13
11167 13
11176 13
11178 13
11162 13
11177 13
11179 13
11174 13
11180 13
11181 13
11172 13
11156 13
11183 13
11184 13
11182 13
11185 13
11186 13
11189 13
11190 13
11191 13
11196 13
11188 13
11197 13
11192 13
11198 13
11199 13
11200 13
11201 13
11163 13
11169 13
11204 13
11205 13
11202 13
11195 13
11209 13
11210 13
11193 13
11207 13
11203 13
11212 13
11214 13
11217 13
11213 13
11208 13
11219 13
11211 13
11220 13
11221 13
11187 13
11226 13
11227 13
11229 13
11206 13
11231 13
11228 13
11215 13
11222 13
11233 13
11218 13
11230 13
11224 13
11225 13
11234 13
11238 13
11239 13
11194 13
11241 13
11235 13
11242 13
11237 13
11245 13
11236 13
11244 13
11232 13
11247 13
11223 13
11216 13
11240 13
11246 13
11248 13
11250 13
11243 13
11254 13
11249 13
11256 13
11251 13
11259 13
11260 13
11257 13
11262 13
11261 13
11269 13
11263 13
11266 13
11253 13
11271 13
11272 13
11258 13
11275 13
11264 13
11276 13
11270 13
11277 13
11279 13
11280 13
11283 13
11281 13
11282 13
11255 13
11265 13
11278 13
11274 13
11285 13
11291 13
11267 13
11273 13
11284 13
11268 13
11286 13
11252 13
11299 13
11292 13
11301 13
11289 13
11295 13
11290 13
11296 13
11303 13
11304 13
11294 13
11305 13
11308 13
11309 13
11297 13
11311 13
11302 13
11314 13
11315 13
11300 13
11310 13
11287 13
11298 13
11317 13
11319 13
11318 13
11312 13
11313 13
11323 13
11293 13
11321 13
11325 13
11316 13
11288 13
11320 13
11332 13
11329 13
11333 13
11324 13
11334 13
11326 13
11335 13
11331 13
11307 13
11336 13
11322 13
11337 13
11328 13
11330 13
11339 13
11338 13
11306 13
11341 13
11343 13
11344 13
11346 13
11349 13
11342 13
11345 13
11352 13
11353 13
11348 13
11350 13
11357 13
11351 13
11327 13
11361 13
11360 13
11355 13
11364 13
11365 13
11354 13
11347 13
11359 13
11340 13
11370 13
11358 13
11362 13
11371 13
11363 13
11369 13
11374 13
11376 13
11378 13
11367 13
11366 13
11356 13
11381 13
11380 13
11373 13
11385 13
11387 13
11383 13
11388 13
11389 13
11390 13
11372 13
11375 13
11377 13
11392 13
11393 13
11379 13
11396 13
11394 13
11391 13
11386 13
11405 13
11403 13
11395 13
11406 13
11368 13
11384 13
11411 13
11397 13
11404 13
11415 13
11398 13
11409 13
11401 13
11414 13
11399 13
11416 13
11410 13
11407 13
11417 13
11413 13
11402 13
11412 13
11425 13
11426 13
11400 13
11418 13
11427 13
11419 13
11430 13
11421 13
11408 13
11429 13
11422 13
11431 13
11423 13
11382 13
11433 13
11437 13
11440 13
11435 13
11432 13
11436 13
11438 13
11428 13
11434 13
11442 13
11424 13
11441 13
11420 13
11452 13
11451 13
11453 13
11444 13
11450 13
11446 13
11439 13
11456 13
11461 13
11455 13
11462 13
11448 13
11460 13
11467 13
11443 13
11458 13
11447 13
11459 13
11445 13
11465 13
11469 13
11472 13
11474 13
11464 13
11449 13
11479 13
11457 13
11471 13
11463 13
11470 13
11476 13
11480 13
11481 13
11473 13
11483 13
11466 13
11487 13
11489 13
11492 13
11486 13
11494 13
11484 13
11496 13
11495 13
11490 13
11477 13
11500 13
11499 13
11498 13
11502 13
11478 13
11475 13
11488 13
11501 13
11509 13
11497 13
11491 13
11506 13
11510 13
11518 13
11485 13
11512 13
11519 13
11503 13
11504 13
11514 13
11522 13
11507 13
11527 13
11528 13
11530 13
11516 13
11515 13
11532 13
11535 13
11536 13
11526 13
11508 13
11454 13
11533 13
11513 13
11534 13
11540 13
11539 13
11541 13
11525 13
11545 13
11511 13
11537 13
11547 13
11549 13
11468 13
11524 13
11493 13
11552 13
11551 13
11544 13
11538 13
11531 13
11555 13
11557 13
11482 13
11553 13
11550 13
11559 13
11520 13
11542 13
11560 13
11517 13
11546 13
11521 13
11566 13
11567 13
11568 13
11569 13
11573 13
11575 13
11571 13
11548 13
11543 13
11558 13
11576 13
11523 13
11554 13
11564 13
11561 13
11565 13
11580 13
11570 13
11583 13
11587 13
11588 13
11582 13
11578 13
11574 13
11572 13
11586 13
11581 13
11590 13
11529 13
11592 13
11585 13
11505 13
11594 13
11579 13
11556 13
11599 13
11589 13
11606 13
11598 13
11597 13
11605 13
11607 13
11608 13
11600 13
11602 13
11601 13
11584 13
11616 13
11617 13
11615 13
11610 13
11619 13
11620 13
11621 13
11622 13
11623 13
11625 13
11562 13
11626 13
11577 13
11595 13
11618 13
11628 13
11609 13
11596 13
11614 13
11630 13
11632 13
11627 13
11634 13
11629 13
11593 13
11591 13
11563 13
11631 13
11639 13
11640 13
11633 13
11624 13
11635 13
11611 13
11642 13
11613 13
11638 13
11604 13
11612 13
11643 13
11645 13
11647 13
11603 13
11641 13
11648 13
11649 13
11646 13
11644 13
11653 13
11656 13
11657 13
11662 13
11660 13
11655 13
11659 13
11667 13
11669 13
11665 13
11650 13
11651 13
11661 13
11658 13
11668 13
11654 13
11663 13
11679 13
11680 13
11684 13
11685 13
11637 13
11670 13
11687 13
11689 13
11671 13
11692 13
11681 13
11694 13
11672 13
11688 13
11693 13
11652 13
11683 13
11674 13
11701 13
11675 13
11703 13
11678 13
11676 13
11696 13
11695 13
11682 13
11673 13
11636 13
11699 13
11664 13
11698 13
11707 13
11677 13
11690 13
11711 13
11691 13
11710 13
11713 13
11715 13
11716 13
11700 13
11717 13
11709 13
11702 13
11697 13
11714 13
11718 13
11724 13
11705 13
11725 13
11727 13
11721 13
11726 13
11708 13
11735 13
11732 13
11734 13
11737 13
11723 13
11733 13
11686 13
11730 13
11722 13
11712 13
11739 13
11728 13
11719 13
11720 13
11741 13
11731 13
11729 13
11666 13
11738 13
11736 13
11747 13
11749 13
11706 13
11755 13
11756 13
11753 13
11750 13
11759 13
11757 13
11761 13
11748 13
11751 13
11746 13
11743 13
11754 13
11758 13
11776 13
11777 13
11766 13
11768 13
11771 13
11740 13
11745 13
11775 13
11752 13
11704 13
11780 13
11744 13
11773 13
11781 13
11742 13
11765 13
11785 13
11786 13
11790 13
11788 13
11772 13
11793 13
11769 13
11792 13
11795 13
11778 13
11763 13
11770 13
11774 13
11779 13
11789 13
11791 13
11799 13
11801 13
11797 13
11760 13
11794 13
11782 13
11804 13
11807 13
11796 13
11764 13
11809 13
11811 13
11813 13
11767 13
11814 13
11762 13
11815 13
11806 13
11816 13
11810 13
11818 13
11824 13
11812 13
11802 13
11831 13
11821 13
11832 13
11805 13
11833 13
11835 13
11830 13
11800 13
11828 13
11837 13
11838 13
11834 13
11803 13
11820 13
11827 13
11840 13
11841 13
11829 13
11798 13
11808 13
11817 13
11825 13
11845 13
11842 13
11819 13
11848 13
11849 13
11853 13
11851 13
11783 13
11826 13
11850 13
11855 13
11856 13
11857 13
11854 13
11839 13
11787 13
11844 13
11858 13
11836 13
11846 13
11823 13
11862 13
11865 13
11822 13
11859 13
11864 13
11843 13
11852 13
11869 13
11870 13
11871 13
11873 13
11872 13
11860 13
11874 13
11877 13
11868 13
11861 13
11867 13
11881 13
11882 13
11884 13
11784 13
11885 13
11863 13
11887 13
11883 13
11890 13
11892 13
11893 13
11894 13
11847 13
11889 13
11896 13
11888 13
11899 13
11866 13
11900 13
11897 13
11878 13
11875 13
11901 13
11902 13
11905 13
11907 13
11908 13
11909 13
11912 13
11915 13
11914 13
11918 13
11911 13
11916 13
11879 13
11919 13
11876 13
11922 13
11920 13
11923 13
11924 13
11903 13
11913 13
11926 13
11921 13
11880 13
11927 13
11895 13
11886 13
11930 13
11906 13
11929 13
11910 13
11928 13
11917 13
11939 13
11941 13
11931 13
11935 13
11942 13
11940 13
11933 13
11937 13
11904 13
11936 13
11932 13
11934 13
11925 13
11952 13
11953 13
11954 13
11957 13
11946 13
11944 13
11945 13
11962 13
11943 13
11955 13
11964 13
11956 13
11965 13
11951 13
11949 13
11959 13
11948 13
11950 13
11961 13
11970 13
11971 13
11972 13
11973 13
11977 13
11976 13
11978 13
11981 13
11980 13
11968 13
11983 13
11963 13
11958 13
11975 13
11938 13
11985 13
11987 13
11966 13
11974 13
11979 13
11991 13
11995 13
11992 13
11996 13
11969 13
11982 13
11988 13
11891 13
11984 13
11989 13
11998 13
11999 13
12000 13
12005 13
11993 13
12006 13
11997 13
12003 13
12004 13
12007 13
12008 13
11898 13
12010 13
11960 13
12001 13
11994 13
12014 13
12011 13
12015 13
12016 13
12017 13
11986 13
12012 13
12018 13
12019 13
12002 13
12021 13
12009 13
11947 13
12022 13
12013 13
12024 13
12027 13
12028 13
12029 13
11967 13
12020 13
12031 13
12025 13
12026 13
12038 13
12039 13
12040 13
12042 13
12043 13
12036 13
12023 13
12046 13
12047 13
12041 13
12048 13
12049 13
12044 13
12032 13
12050 13
12054 13
12055 13
12035 13
12056 13
12057 13
12045 13
12059 13
12061 13
12062 13
12030 13
11990 13
12034 13
12033 13
12052 13
12064 13
12060 13
12051 13
12071 13
12066 13
12053 13
12065 13
12068 13
12070 13
12074 13
12072 13
12073 13
12078 13
12079 13
12077 13
12037 13
12082 13
12067 13
12084 13
12083 13
12058 13
12069 13
12075 13
12086 13
12087 13
12081 13
12080 13
12085 13
12093 13
12094 13
12097 13
12098 13
12095 13
12063 13
12096 13
12099 13
12088 13
12091 13
12104 13
12092 13
12101 13
12105 13
12110 13
12111 13
12109 13
12112 13
12113 13
12106 13
12116 13
12090 13
12118 13
12103 13
12076 13
12089 13
12115 13
12100 13
12102 13
12122 13
12107 13
12114 13
12123 13
12121 13
12125 13
12117 13
12126 13
12124 13
12108 13
12129 13
12134 13
12135 13
12120 13
12128 13
12138 13
12132 13
12131 13
12142 13
12146 13
12145 13
12150 13
12136 13
12127 13
12148 13
12144 13
12155 13
12141 13
12119 13
12156 13
12133 13
12152 13
12157 13
12158 13
12153 13
12164 13
12149 13
12151 13
12162 13
12143 13
12166 13
12147 13
12130 13
12161 13
12140 13
12154 13
12165 13
12160 13
12171 13
12167 13
12137 13
12174 13
12177 13
12175 13
12179 13
12172 13
12168 13
12139 13
12169 13
12163 13
12173 13
12178 13
12159 13
12176 13
12183 13
12184 13
12189 13
12180 13
12191 13
12187 13
12181 13
12193 13
12197 13
12195 13
12196 13
12198 13
12194 13
12192 13
12182 13
12200 13
12186 13
12188 13
12202 13
12203 13
12190 13
12208 13
12199 13
12207 13
12210 13
12170 13
12209 13
12217 13
12218 13
12205 13
12201 13
12204 13
12225 13
12219 13
12215 13
12227 13
12222 13
12213 13
12221 13
12231 13
12230 13
12185 13
12228 13
12216 13
12211 13
12229 13
12226 13
12235 13
12220 13
12214 13
12239 13
12234 13
12243 13
12240 13
12238 13
12212 13
12206 13
12242 13
12223 13
12245 13
12244 13
12232 13
12236 13
12224 13
12248 13
12237 13
12241 13
12250 13
12233 13
12253 13
12255 13
12256 13
12249 13
12254 13
12246 13
12247 13
12251 13
12265 13
12261 13
12258 13
12267 13
12264 13
12257 13
12269 13
12252 13
12262 13
12275 13
12270 13
12266 13
12278 13
12276 13
12271 13
12283 13
12259 13
12284 13
12285 13
12273 13
12287 13
12268 13
12279 13
12288 13
12272 13
12282 13
12290 13
12291 13
12260 13
12286 13
12293 13
12281 13
12294 13
12296 13
12295 13
12298 13
12289 13
12277 13
12292 13
12274 13
12263 13
12301 13
12302 13
12304 13
12299 13
12280 13
12307 13
12305 13
12306 13
12311 13
12309 13
12313 13
12300 13
12303 13
12316 13
12308 13
12314 13
12297 13
12315 13
12321 13
12317 13
12312 13
12323 13
12320 13
12318 13
12324 13
12327 13
12319 13
12310 13
12330 13
12332 13
12322 13
12326 13
12334 13
12335 13
12325 13
12338 13
12340 13
12333 13
12341 13
12344 13
12345 13
12329 13
12331 13
12346 13
12337 13
12342 13
12336 13
12343 13
12339 13
12348 13
12328 13
12350 13
12349 13
12347 13
12352 13
12353 13
12355 13
12356 13
12357 13
12351 13
12359 13
12362 13
12360 13
12364 13
12365 13
12363 13
12358 13
12366 13
12368 13
12369 13
12361 13
12372 13
12373 13
12371 13
12354 13
12370 13
12376 13
12374 13
12367 13
12377 13
12379 13
12381 13
12383 13
12380 13
12375 13
12382 13
12385 13
12378 13
12388 13
12390 13
12387 13
12389 13
12394 13
12391 13
12395 13
12396 13
12384 13
12393 13
12397 13
12400 13
12401 13
12402 13
12403 13
12392 13
12398 13
12399 13
12405 13
12406 13
12408 13
12412 13
12386 13
12413 13
12416 13
12414 13
12415 13
12410 13
12411 13
12404 13
12420 13
12419 13
12418 13
12422 13
12409 13
12407 13
12423 13
12424 13
12426 13
12421 13
12425 13
12427 13
12428 13
12430 13
12429 13
12431 13
12435 13
12434 13
12417 13
12438 13
12440 13
12441 13
12437 13
12442 13
12443 13
12433 13
12432 13
12445 13
12446 13
12439 13
12448 13
12449 13
12450 13
12436 13
12453 13
12447 13
12455 13
12444 13
12457 13
12451 13
12456 13
12460 13
12459 13
12452 13
12462 13
12461 13
12458 13
12463 13
12465 13
12464 13
12466 13
12468 13
12467 13
12471 13
12454 13
12470 13
12472 13
12474 13
12475 13
12476 13
12477 13
12478 13
12473 13
12469 13
12480 13
12481 13
12479 13
12482 13
12483 13
