1 2
2 3
2 319
3 4
3 316
4 140
4 2972
5 138
5 256
6 7
6 256
6 315
7 8
7 126
9 1291
9 1823
9 1847
10 1288
10 1465
10 1704
11 13
11 1289
11 1703
12 1152
12 1157
12 1289
13 1312
13 1313
14 15
14 1152
14 1312
15 16
15 447
16 17
16 1231
17 18
17 168
18 19
18 1229
19 20
19 1018
20 21
20 1189
21 933
21 948
22 923
22 933
22 1155
23 24
23 25
23 1023
24 1028
24 1158
25 26
25 1159
26 27
26 1190
27 28
27 1169
28 380
28 1025
29 30
29 1333
29 1382
30 1294
30 1295
31 32
31 1295
31 1383
32 385
32 1032
33 34
33 1476
33 1477
34 35
34 1773
35 36
35 1471
36 1935
36 1955
37 38
37 1936
37 2126
38 39
38 2155
39 40
39 1644
40 41
40 2156
41 42
41 847
42 43
42 2155
43 44
43 2173
44 45
44 1575
45 46
45 2400
46 47
46 2068
47 48
47 2073
48 49
48 2400
49 50
49 2072
50 51
50 2195
51 2481
51 2509
52 53
52 1433
52 2481
53 54
53 2415
54 2416
54 2578
55 56
55 2416
55 2485
56 57
56 2413
57 58
57 2230
58 59
58 2349
59 60
59 2263
60 61
60 1960
61 62
61 2226
62 1959
62 2176
63 2110
63 2176
63 2225
64 65
64 1854
64 2110
65 1852
65 2109
66 1568
66 1646
66 1852
67 1488
67 1501
67 1853
68 69
68 1488
68 1989
69 70
69 1406
70 71
70 1965
71 72
71 74
72 1964
72 3013
73 74
73 1990
73 3013
74 1910
75 76
75 1592
75 1910
76 77
76 1405
77 78
77 1404
78 79
78 1691
79 80
79 1403
80 81
80 1651
81 82
81 502
82 1402
82 1505
83 84
83 1235
83 1401
84 85
84 1233
85 86
85 1401
86 1397
86 1483
87 88
87 1397
87 1484
88 89
88 1445
89 90
89 1485
90 91
90 1486
91 92
91 1387
92 94
92 1501
93 94
93 1500
93 1579
94 1499
95 119
95 1385
95 1395
96 97
96 1297
96 1345
97 899
97 995
98 99
98 898
98 955
99 100
99 896
100 365
100 977
101 102
101 364
101 976
102 366
102 902
103 174
103 885
103 893
104 105
104 359
104 885
105 106
105 900
106 107
106 635
107 822
107 967
108 487
108 968
108 996
109 110
109 489
109 997
110 490
110 892
111 112
111 828
111 1199
112 497
112 1202
113 973
113 1042
113 1237
114 907
114 961
114 1236
115 116
115 1203
115 1236
116 1347
116 1348
117 118
117 1347
117 1385
118 119
118 1298
119 1345
120 121
120 318
121 320
121 1305
122 123
122 854
122 1304
123 124
123 321
124 125
124 1170
125 317
125 851
126 127
126 314
127 128
127 637
128 129
128 884
130 131
130 2972
132 133
132 1975
133 2018
134 135
135 2828
135 2966
136 137
137 2970
138 2972
140 142
140 256
141 142
141 315
141 849
142 316
143 228
143 247
143 248
144 145
144 244
144 245
145 146
145 201
146 147
146 249
147 148
147 291
148 149
148 209
149 180
149 203
150 151
150 203
150 360
151 283
151 636
152 153
152 279
152 636
153 154
153 304
154 155
154 278
155 156
155 301
156 212
156 277
157 158
157 215
157 504
158 159
158 874
159 217
159 460
160 161
160 924
160 934
161 441
161 800
162 163
162 441
162 914
163 164
163 442
164 915
164 1013
165 166
165 916
165 1015
166 927
166 1227
167 168
167 928
167 1227
168 1018
169 170
169 181
169 275
170 199
170 248
171 172
171 181
171 199
172 173
172 358
173 174
173 287
174 175
175 288
175 366
176 177
176 290
176 366
177 178
177 363
178 179
178 200
179 180
179 360
180 202
181 182
182 257
182 297
183 184
183 234
183 629
184 357
184 816
185 186
185 464
185 737
186 192
186 738
187 188
187 481
187 510
188 189
188 190
189 437
189 635
190 191
190 633
191 354
191 509
192 478
192 510
193 195
193 199
193 287
194 195
194 246
194 248
195 196
196 197
196 289
197 198
197 201
198 245
198 246
200 202
200 290
201 291
202 291
203 339
204 205
204 249
204 258
205 206
205 244
206 207
206 243
207 236
207 251
208 228
208 247
208 251
209 250
209 339
210 211
210 274
210 277
211 212
211 273
212 300
213 214
213 322
213 327
214 215
214 303
215 216
216 217
216 282
217 294
218 219
218 293
218 937
219 221
219 307
220 221
220 223
220 285
221 222
222 940
222 1022
223 224
223 1160
224 226
224 1022
225 226
225 227
225 1029
226 1190
227 1294
227 1333
228 235
229 230
229 237
229 276
230 231
230 238
231 232
231 342
232 233
232 337
233 336
233 343
234 299
234 336
235 236
235 275
236 237
237 253
238 239
238 253
239 340
239 505
240 241
240 506
240 507
241 333
241 340
242 270
242 271
242 313
243 260
243 309
244 252
245 252
246 247
249 250
250 274
251 252
253 254
254 309
254 310
255 271
255 310
255 340
257 276
257 337
258 260
258 272
259 260
259 262
259 264
261 262
261 263
261 266
262 311
263 312
263 341
264 273
264 300
265 266
265 292
265 328
266 267
267 268
267 819
268 269
268 329
269 331
269 819
270 331
270 341
271 333
272 273
272 274
275 276
277 278
278 338
279 280
279 283
280 821
280 830
281 304
281 305
281 821
282 303
282 876
283 830
284 308
284 821
284 879
285 308
285 1160
286 297
286 630
286 631
287 288
288 289
289 290
292 300
292 322
293 295
293 307
294 296
294 935
295 296
295 876
296 937
297 298
298 299
298 629
299 337
301 302
301 322
302 303
302 304
305 306
305 876
306 307
306 308
309 311
310 313
311 312
312 313
314 315
314 386
316 317
317 321
318 319
319 320
320 321
323 324
323 327
323 504
324 325
324 872
325 326
325 456
326 329
326 330
327 328
328 329
330 331
330 332
332 333
332 507
334 335
334 453
334 506
335 343
335 814
336 815
338 339
338 636
341 819
342 343
342 505
344 345
344 949
345 346
345 368
346 348
346 1186
347 348
347 349
347 1188
348 984
349 353
349 1154
350 1026
350 1154
350 1158
351 353
351 987
351 1026
352 353
352 984
352 985
354 355
354 634
355 356
355 508
356 357
356 630
357 464
358 359
358 631
359 632
360 361
361 362
361 829
362 363
362 953
363 364
364 365
365 954
367 639
368 369
368 984
369 370
370 985
370 990
371 372
371 990
371 991
372 985
372 986
373 374
373 986
373 992
374 375
374 988
375 376
375 377
376 850
376 993
377 378
377 998
378 379
378 989
379 380
379 1338
380 381
381 1340
381 1380
382 383
382 384
382 1381
383 1475
383 1476
384 385
384 1383
385 1477
386 637
386 848
387 388
387 438
387 439
388 448
388 461
389 390
389 438
389 448
390 392
390 859
391 392
391 690
391 1163
392 1045
393 394
393 1044
393 1075
394 859
394 1007
395 477
395 1008
395 1077
396 397
396 477
396 1238
397 398
397 1078
398 516
398 1082
399 400
399 518
399 1241
400 401
400 519
401 402
401 520
402 403
402 980
403 404
403 1241
404 405
404 1446
405 406
405 979
406 407
406 744
407 408
407 747
408 409
408 1446
409 410
409 1448
410 411
410 745
411 524
411 1820
412 413
412 525
412 1819
413 414
413 1621
414 415
414 1620
415 416
415 1886
416 417
416 1694
417 419
417 1693
418 419
418 420
418 1695
419 754
420 421
420 755
421 423
421 1247
422 423
422 756
422 2979
423 1367
424 756
424 757
424 1143
425 426
425 1379
425 3005
426 427
426 1337
427 582
427 758
428 581
428 2980
428 2981
429 430
429 1334
429 2980
430 432
430 625
431 432
431 493
431 1191
432 2986
433 434
433 485
433 491
434 435
434 878
435 436
435 824
436 437
436 822
437 820
438 689
439 440
439 457
440 441
440 689
442 443
442 908
443 444
443 909
444 910
444 1013
445 446
445 1015
445 1330
446 1228
446 1309
447 1228
447 1311
448 733
449 450
449 511
449 733
450 451
450 461
451 452
451 814
452 453
452 462
453 454
454 455
454 463
455 456
455 507
456 812
457 800
457 811
458 459
458 800
458 873
459 874
459 934
460 934
460 935
461 462
462 463
463 811
464 508
465 466
465 479
465 817
466 807
466 809
467 468
467 802
467 867
468 469
468 1147
469 470
469 803
470 742
470 750
471 750
471 1162
471 1226
472 473
472 744
472 978
473 475
473 979
474 475
474 476
474 978
475 1238
476 477
476 1008
478 479
478 480
479 738
480 481
480 573
481 482
482 818
482 820
483 484
483 818
483 877
484 575
484 576
485 486
485 824
486 487
486 1039
487 488
488 489
488 825
489 1040
490 1040
490 1232
491 492
491 1039
492 493
492 2988
493 826
494 495
494 628
494 1384
495 496
495 1506
496 828
496 1408
497 498
497 1408
498 1303
498 1478
499 500
499 1302
499 1594
500 501
500 1610
501 1351
501 1610
502 503
502 1651
503 1235
503 1351
504 875
505 506
508 509
509 510
511 513
511 734
512 513
512 733
512 858
513 860
514 515
514 858
514 1007
515 743
515 860
516 1238
516 1239
517 518
517 519
517 1084
518 1239
519 1085
520 522
520 1728
521 522
521 1837
521 1874
522 980
523 524
523 1448
523 1880
524 525
525 526
526 1637
526 1879
527 528
527 1638
527 1878
528 1893
528 2102
529 530
529 1893
529 2218
530 531
530 2454
531 532
531 1891
532 533
532 2455
533 731
533 2120
534 775
534 776
534 2122
535 536
535 2585
535 2689
536 537
536 777
537 538
537 2803
538 539
538 779
539 540
539 2524
540 542
540 781
541 542
541 543
541 2525
542 2945
543 544
543 2526
544 545
544 2944
545 546
545 2528
546 547
546 2923
547 548
547 2932
548 571
548 572
549 550
549 799
549 2913
550 551
550 2906
551 552
551 2948
552 2645
552 2952
553 554
553 2644
553 2645
554 2859
554 2952
555 556
555 2877
555 2879
556 557
556 2919
557 558
557 559
558 560
558 2969
559 2878
559 2941
560 561
560 2963
561 562
561 2942
562 563
562 671
563 2843
563 2964
564 565
564 566
564 2964
565 2842
565 2910
566 567
566 2958
567 568
567 2956
568 569
568 2910
569 570
569 688
570 571
570 2956
571 2873
572 799
572 2912
573 574
573 817
574 575
574 818
575 810
576 577
576 1021
577 578
577 1168
578 579
578 580
579 878
579 2988
580 1292
580 2987
581 584
581 1293
582 583
582 584
583 618
583 3002
584 1468
585 586
585 1768
585 1920
586 619
586 1772
587 1551
587 1552
587 1772
588 589
588 1509
588 1826
589 590
589 1510
590 616
590 1559
591 592
591 1413
591 2080
592 593
592 2082
593 1414
593 1685
594 1417
594 2033
594 2211
595 596
595 2210
595 2211
596 1419
596 2517
597 598
597 2515
597 2517
598 2572
598 2573
599 600
599 1435
599 1436
600 2715
600 2771
601 602
601 2716
601 2816
602 2778
602 2852
603 604
603 787
603 2798
604 605
604 2577
605 786
605 2705
606 607
606 2544
606 2796
607 608
607 2748
608 609
608 2259
609 2257
609 2714
610 611
610 2256
610 2257
611 612
611 2572
612 613
612 2255
613 1418
613 1419
614 615
614 1566
614 2188
615 1415
615 1560
616 617
616 1560
617 1776
617 2080
618 1467
618 1671
619 620
619 626
620 622
620 1467
621 622
621 1192
621 1371
622 623
623 624
623 1466
624 1193
624 1194
625 1193
625 1334
626 1674
626 1772
627 628
627 1371
627 1674
628 1506
629 630
631 634
632 633
632 634
633 635
637 638
638 884
638 991
639 884
639 990
640 641
640 1206
641 642
641 1306
642 643
642 857
643 644
643 1848
644 645
644 1894
645 646
645 1003
646 647
646 2044
647 648
647 1640
648 649
648 2063
649 650
649 1473
650 2066
650 2125
651 2049
651 2192
651 2500
652 653
652 2194
652 2500
653 654
653 2196
654 2051
654 2198
655 2198
655 2506
655 2712
656 657
656 2197
656 2511
657 2713
657 2746
658 2394
658 2512
658 2669
659 661
659 2670
659 2800
660 661
660 662
660 2636
661 2671
662 663
662 2639
663 1284
663 2880
664 665
664 666
664 2936
665 1284
665 2848
666 667
666 2850
667 668
667 2937
668 669
668 2940
669 2898
669 2900
670 671
670 2898
670 2942
671 2905
672 673
672 2844
672 2905
673 674
673 2839
674 2846
674 2927
675 676
675 2845
675 2896
676 2812
676 2894
677 678
677 2875
677 2894
678 679
678 2836
679 2808
679 2837
680 2757
680 2791
680 2838
681 682
681 2791
681 2856
682 683
682 2790
683 684
683 2835
684 685
684 2453
685 686
685 2856
686 687
686 2911
687 688
687 2870
688 2872
689 690
690 908
691 692
691 908
691 909
692 1163
692 1164
693 909
693 910
693 1165
694 911
694 1011
694 1165
695 912
695 1011
695 1131
696 697
696 913
696 1449
697 698
697 1393
698 699
698 1736
699 1250
699 1756
700 701
700 1756
700 1779
701 702
701 1745
702 703
702 1996
703 704
703 1846
704 705
704 1998
705 706
705 1782
706 707
706 1785
707 2105
707 2242
708 709
708 710
708 2243
709 1749
709 2105
710 1074
710 2306
711 1073
711 1915
711 2307
712 713
712 1915
712 2308
713 1464
713 2309
714 715
714 2379
714 2396
715 1458
715 1464
716 717
716 1810
716 2182
717 718
717 2181
718 1812
718 2130
719 721
719 1811
719 2137
720 722
720 1813
720 1814
721 722
721 2101
722 723
723 724
723 2100
724 725
724 1815
725 726
725 1817
726 727
726 2099
727 2338
727 2441
728 729
728 1934
728 2142
729 2219
729 2441
730 731
730 2455
730 2583
731 732
732 2122
732 2654
734 735
734 739
735 736
735 813
736 737
736 816
737 805
738 806
739 740
739 805
740 741
740 803
741 742
741 860
742 743
743 1226
744 1162
745 751
745 1377
746 747
746 748
746 1377
747 1162
748 749
748 1134
749 750
749 1147
751 752
751 1673
752 753
752 1242
753 1245
753 1618
754 1246
754 1618
755 2974
755 2979
756 2982
757 1379
757 3006
758 3003
758 3005
759 760
759 1636
759 3007
760 761
760 3003
761 762
761 3000
762 763
762 1765
763 764
763 2998
764 1766
764 2990
765 766
765 1766
765 2977
766 767
766 2985
767 768
767 2996
768 769
768 1763
769 1767
769 2352
770 771
770 2235
770 2404
771 772
771 2534
772 773
772 1702
773 774
773 2618
774 775
774 2223
775 2619
776 777
776 2619
777 778
778 779
778 1528
779 780
780 781
780 2706
781 2789
782 783
782 2789
782 2945
783 784
783 2920
784 785
784 2888
785 2904
785 2946
786 2901
786 2946
787 788
787 2901
788 789
788 2902
789 790
789 791
790 2772
790 2798
791 2928
791 2929
792 793
792 1444
792 2930
793 2933
793 2935
794 798
794 1444
794 2935
795 796
795 2825
795 2884
796 797
796 2819
797 798
797 2644
798 2882
799 2883
801 804
801 805
801 806
802 804
802 808
803 804
806 807
807 808
808 869
809 869
809 871
810 817
810 870
811 812
812 872
813 814
813 815
815 816
820 877
822 823
823 824
823 968
825 826
825 1039
826 1196
827 828
827 1232
827 1341
829 830
829 831
831 832
831 879
832 833
832 953
833 835
833 880
834 835
834 836
834 994
835 881
836 837
836 1296
837 838
837 882
838 952
838 1037
839 840
839 1036
839 1342
840 841
840 1034
841 1344
841 1567
842 843
842 1567
842 1646
843 844
843 1677
844 1568
844 1972
845 1569
845 1644
845 2156
846 847
846 1573
846 2075
847 1575
848 849
848 993
849 851
850 851
850 852
852 998
852 1170
853 854
853 1000
853 1170
854 856
855 856
855 857
855 1002
856 1306
857 1004
858 859
861 1137
861 1148
861 1184
862 864
862 866
862 1140
863 864
863 865
863 1332
864 1020
865 1145
865 1166
866 867
866 1184
867 868
868 869
868 1019
870 871
870 1021
871 1019
872 873
873 875
874 875
877 878
879 1161
880 1029
880 1030
881 882
881 1030
882 883
883 1031
883 1295
885 886
886 887
886 962
887 888
887 900
888 964
888 975
889 890
889 966
889 971
890 1041
890 1201
891 892
891 1041
891 1198
892 997
893 902
893 963
894 902
894 903
894 904
895 896
895 977
895 1205
896 897
897 898
897 1204
898 899
899 1298
900 974
901 903
901 976
901 1005
903 905
904 905
904 956
905 906
906 969
906 1005
907 960
907 1006
910 1182
911 912
911 1248
912 913
913 1249
914 915
914 917
915 916
916 925
917 918
917 924
918 929
918 939
919 920
919 921
919 940
920 932
920 982
921 1023
921 1159
922 923
922 932
922 1023
923 1158
924 936
925 926
925 929
926 927
926 930
927 928
928 1017
929 982
930 931
930 982
931 983
931 1016
932 983
933 1185
935 936
936 938
937 938
938 939
939 940
941 942
941 1186
941 1187
942 943
942 1150
943 944
943 1187
944 945
944 1156
945 946
945 1368
946 947
946 1188
947 948
947 1189
948 1155
949 1149
950 951
951 1286
952 1297
952 1342
953 954
954 955
955 994
956 957
956 963
957 969
957 3008
958 959
958 969
958 970
959 960
959 1043
960 961
961 1042
962 963
962 964
964 3008
965 966
965 996
965 1041
966 975
967 968
967 974
970 971
970 3008
971 1043
972 1042
972 1043
972 1201
973 1301
973 1336
974 975
976 977
978 1226
979 1240
980 1447
981 1447
981 1448
981 1735
983 1185
986 987
987 1038
988 989
988 1038
989 1169
991 992
992 993
994 995
995 1296
996 997
998 999
999 1000
999 1338
1000 1002
1001 1002
1001 1004
1001 1497
1003 1004
1003 1639
1005 1006
1006 1205
1007 1008
1009 1010
1009 1132
1009 1164
1010 1012
1010 1174
1011 1012
1012 1392
1013 1014
1014 1015
1014 1182
1016 1017
1016 1185
1017 1018
1019 1020
1020 1166
1021 1167
1022 1159
1024 1025
1024 1190
1024 1333
1025 1380
1026 1027
1027 1028
1027 1038
1028 1169
1029 1161
1030 1294
1031 1032
1031 1037
1032 1033
1033 1557
1033 1641
1034 1035
1034 1675
1035 1036
1035 1557
1036 1037
1040 1196
1044 1045
1044 1171
1045 1133
1046 1047
1046 1075
1046 1171
1047 1076
1047 1217
1048 1049
1048 1076
1048 1079
1049 1050
1049 1222
1050 1080
1050 1615
1051 1052
1051 1617
1051 1883
1052 1053
1052 1884
1053 1054
1053 1949
1054 1056
1054 1667
1055 1056
1055 1223
1055 1225
1056 1094
1057 1058
1057 1094
1057 1494
1058 1060
1058 1939
1059 1060
1059 1061
1059 1491
1060 1828
1061 1062
1061 1827
1062 1063
1062 1220
1063 1181
1063 1208
1064 1065
1064 1116
1064 1208
1065 1067
1065 1932
1066 1067
1066 1068
1066 1118
1067 1940
1068 1069
1068 1656
1069 1118
1069 1119
1070 1072
1070 1119
1070 1661
1071 1072
1071 1122
1071 2115
1072 1663
1073 1074
1073 1124
1074 1744
1075 1077
1076 1081
1077 1081
1078 1079
1078 1081
1079 1080
1080 1082
1082 1083
1083 1084
1083 1616
1084 1883
1085 1086
1085 1883
1086 1087
1086 1095
1087 1088
1087 1727
1088 1090
1088 1845
1089 1090
1089 1091
1089 1095
1090 1096
1091 1092
1091 1885
1092 1093
1092 1103
1093 1836
1093 1950
1094 1495
1095 1884
1096 1104
1096 1845
1097 1098
1097 1104
1097 1840
1098 1099
1098 1105
1099 1100
1099 1842
1100 1101
1100 2128
1101 1844
1101 2129
1102 1844
1102 2134
1102 2161
1103 1104
1103 1835
1105 1835
1105 2128
1106 1665
1106 1833
1106 2127
1107 1831
1107 1833
1107 2094
1108 1109
1108 1462
1108 2114
1109 1110
1109 2038
1110 1111
1110 1660
1111 1112
1111 2037
1112 1113
1112 1658
1113 1114
1113 1938
1114 1115
1114 1940
1115 1932
1115 1937
1116 1117
1116 1181
1117 1118
1117 1655
1119 1120
1120 1121
1120 1873
1121 1122
1121 1456
1122 1123
1123 1124
1123 2040
1124 2115
1125 1126
1125 1179
1125 1655
1126 1127
1126 1178
1127 1129
1127 1653
1128 1129
1128 1130
1128 1177
1129 1489
1130 1131
1130 1392
1131 1449
1132 1133
1132 1163
1133 1173
1134 1135
1134 1243
1135 1136
1135 1148
1136 1137
1136 1378
1137 1138
1138 1139
1138 1184
1139 1140
1139 1366
1140 1142
1141 1142
1141 1143
1141 1367
1142 1332
1143 1144
1144 1145
1144 1332
1145 1379
1146 1166
1146 1167
1146 1337
1147 1148
1149 1186
1149 1285
1150 1285
1150 1286
1151 1156
1151 1287
1151 1288
1152 1153
1153 1231
1153 1369
1154 1155
1156 1157
1157 1369
1160 1161
1164 1165
1167 1168
1168 1292
1171 1172
1172 1173
1172 1221
1173 1174
1174 1175
1175 1176
1175 1373
1176 1177
1176 1392
1177 1375
1178 1375
1178 1376
1179 1180
1179 1181
1180 1220
1180 1376
1182 1183
1183 1248
1183 1330
1187 1188
1189 1229
1191 1197
1191 3004
1192 1193
1192 3004
1194 1195
1194 1335
1195 1468
1195 2981
1196 1197
1197 1341
1198 1199
1198 1232
1199 1200
1200 1201
1200 1202
1202 1336
1203 1204
1203 1205
1204 1298
1207 1208
1207 1209
1207 1932
1209 1215
1209 1827
1210 1211
1210 1828
1210 1930
1211 1829
1211 1939
1212 1213
1212 1495
1212 1939
1213 1214
1213 2078
1214 1835
1214 1836
1215 1216
1215 1937
1216 1930
1216 1992
1217 1221
1217 1492
1218 1219
1218 1376
1218 1493
1219 1374
1219 1492
1220 1491
1221 1373
1222 1224
1222 1492
1223 1666
1223 1667
1224 1225
1224 1666
1225 1494
1227 1228
1229 1230
1230 1231
1230 1368
1233 1234
1233 1349
1234 1300
1234 1350
1235 1350
1236 1237
1237 1299
1239 1240
1240 1241
1242 1243
1242 1377
1243 1244
1244 1245
1244 1378
1245 1246
1246 1247
1247 1331
1248 1352
1249 1352
1249 1353
1250 1251
1250 1393
1251 1252
1251 1355
1252 1253
1252 1755
1253 1254
1253 1356
1254 1757
1254 1881
1255 1256
1255 1759
1255 1948
1256 1258
1256 2167
1257 1258
1257 1259
1257 2154
1258 2166
1259 1260
1259 2165
1260 1261
1260 2185
1261 1262
1261 2162
1262 2239
1262 2398
1263 1264
1263 1793
1263 2399
1264 1265
1264 2464
1265 1266
1265 2491
1266 1794
1266 2607
1267 1796
1267 1798
1267 2608
1268 1799
1268 2755
1268 2759
1269 2609
1269 2610
1269 2759
1270 1271
1270 2610
1270 2764
1271 1272
1271 2719
1272 2480
1272 2709
1273 1275
1273 2711
1273 2744
1274 1275
1274 2478
1274 2612
1275 1279
1276 1277
1276 2476
1276 2478
1277 1278
1277 2504
1278 1279
1278 2712
1279 1280
1280 2743
1280 2781
1281 2735
1281 2783
1281 2847
1282 1283
1282 2847
1282 2849
1283 2782
1283 2783
1284 2671
1286 1287
1287 1290
1288 1289
1290 1291
1290 1465
1292 1293
1293 1337
1296 1297
1299 1300
1299 1349
1300 1301
1301 1302
1302 1303
1303 1336
1304 1305
1304 1306
1307 1308
1307 1309
1307 1330
1308 1352
1308 1398
1309 1310
1310 1311
1310 1407
1311 1312
1313 1314
1313 1668
1314 1315
1314 3009
1315 1703
1315 1917
1316 1822
1316 1917
1316 1968
1317 1318
1317 1822
1317 1999
1318 1847
1318 2042
1319 1320
1319 2043
1320 1321
1320 2169
1321 1329
1321 2003
1322 1323
1322 1365
1322 2266
1323 2237
1323 2313
1324 1607
1324 2313
1324 2387
1325 1326
1325 1606
1325 2387
1326 1327
1326 2472
1327 1328
1327 2006
1328 2005
1328 2387
1329 2004
1329 2266
1331 1366
1331 1378
1334 1335
1335 2981
1338 1339
1339 1340
1339 1497
1340 1475
1341 1384
1342 1343
1343 1344
1343 1372
1344 1577
1345 1346
1346 1372
1346 1499
1347 1390
1348 1349
1348 1396
1350 1351
1353 1354
1353 1393
1354 1355
1354 1399
1355 1356
1356 1357
1357 1358
1357 1400
1358 1359
1358 1757
1359 1360
1359 1670
1360 1361
1360 1760
1361 1762
1361 1918
1362 1363
1362 1762
1362 1919
1363 2106
1363 2153
1364 1365
1364 1971
1364 2237
1365 2003
1366 1367
1368 1369
1370 1371
1370 1384
1370 3004
1372 1578
1373 1374
1374 1375
1380 1381
1381 1382
1382 1383
1385 1394
1386 1387
1386 1388
1386 1395
1387 1389
1388 1389
1388 1394
1389 1445
1390 1391
1390 1394
1391 1396
1391 1445
1395 1499
1396 1397
1398 1399
1398 1407
1399 1400
1400 1669
1401 1402
1402 1483
1403 1404
1403 1505
1404 1503
1405 1406
1405 1503
1406 1910
1407 1668
1408 1409
1409 1410
1409 1558
1410 1482
1410 1678
1411 1507
1411 1679
1411 1775
1412 1680
1412 1775
1412 1776
1413 1776
1413 2081
1414 1415
1414 2080
1415 1416
1416 1566
1416 2108
1417 1418
1417 1566
1418 2253
1419 2572
1420 1421
1420 1435
1420 2515
1421 1437
1421 2717
1422 1437
1422 2718
1422 2779
1423 1424
1423 1425
1423 2780
1424 2431
1424 2718
1425 1426
1425 2437
1426 1427
1426 2427
1427 1428
1427 2646
1428 2632
1428 2751
1429 2633
1429 2634
1429 2750
1430 1431
1430 2633
1430 2747
1431 1432
1431 2394
1432 2393
1432 2510
1433 1434
1433 2510
1434 2392
1434 2578
1435 2573
1436 1437
1436 1438
1438 1439
1438 2771
1439 2779
1439 2821
1440 2673
1440 2820
1440 2822
1441 1442
1441 2674
1441 2822
1442 2823
1442 2909
1443 1444
1443 2824
1443 2909
1446 1447
1449 1450
1450 1599
1450 1737
1451 1452
1451 1489
1451 1599
1452 1453
1452 1490
1453 1455
1453 1600
1454 1455
1454 1456
1454 1753
1455 1872
1456 2039
1457 1463
1457 1464
1457 2220
1458 1463
1458 2184
1459 1460
1459 2139
1459 2184
1460 1944
1460 2091
1461 1944
1461 2090
1461 2092
1462 1660
1462 2090
1463 2139
1465 1823
1466 1467
1466 1468
1469 1475
1469 1497
1469 1498
1470 1471
1470 1476
1470 1498
1471 1472
1472 1473
1472 1640
1473 1955
1474 1955
1474 2079
1474 2125
1477 1641
1478 1482
1478 1582
1479 1480
1479 1686
1479 1705
1480 1678
1480 1928
1481 1682
1481 1928
1481 1929
1482 1686
1483 1484
1484 1502
1485 1486
1485 1502
1486 1487
1487 1488
1487 1672
1489 1490
1490 1653
1491 1493
1493 1494
1495 1496
1496 1836
1496 1949
1498 1639
1500 1501
1500 1580
1502 1504
1503 1672
1504 1505
1504 1672
1506 1558
1507 1508
1507 1558
1508 1509
1508 1825
1509 1559
1510 1511
1510 1555
1511 1512
1511 1561
1512 1529
1512 1563
1513 1514
1513 1530
1513 2267
1514 2269
1514 2340
1515 1516
1515 2270
1515 2272
1516 2262
1516 2367
1517 2261
1517 2262
1517 2498
1518 2274
1518 2358
1518 2541
1519 1520
1519 2541
1519 2993
1520 1521
1520 2357
1521 2540
1521 2768
1522 2538
1522 2539
1522 2769
1523 1524
1523 2538
1523 2708
1524 1525
1524 2699
1525 1526
1525 2694
1526 1527
1526 2697
1527 1528
1527 2695
1528 2696
1529 1530
1529 1545
1530 1531
1531 1532
1531 1546
1532 1533
1532 2340
1533 1534
1533 2171
1534 1535
1534 1536
1535 2273
1535 2363
1536 2186
1536 2989
1537 1538
1537 2186
1537 2991
1538 1539
1538 2145
1539 1540
1539 2146
1540 1541
1540 2012
1541 1771
1541 2123
1542 2123
1542 2146
1542 2172
1543 1544
1543 1921
1543 2124
1544 1550
1544 1554
1545 1556
1545 2147
1546 1547
1546 2147
1547 1548
1547 2171
1548 1549
1548 2147
1549 1550
1549 2124
1550 1556
1551 1674
1551 1825
1552 1553
1552 1826
1553 1554
1553 1555
1554 1920
1555 1556
1557 1675
1559 1775
1560 1561
1561 1562
1562 1563
1562 2188
1563 1564
1564 1565
1564 2252
1565 2267
1565 2497
1567 1576
1568 1569
1569 1570
1570 1571
1570 2107
1571 1572
1571 2075
1572 1573
1572 2199
1573 1574
1574 1575
1574 2074
1576 1577
1576 1647
1577 1578
1578 1579
1579 1580
1580 1581
1581 1647
1581 1851
1582 1583
1582 1594
1583 1584
1583 1686
1584 1650
1584 1705
1585 1586
1585 1650
1585 1707
1586 1587
1586 1725
1587 1588
1587 1690
1588 1590
1588 1777
1589 1590
1589 1591
1589 1711
1590 1598
1591 1712
1591 1911
1592 1726
1592 1911
1593 1594
1593 1612
1593 1648
1595 1596
1595 1613
1595 1648
1596 1725
1596 1777
1597 1598
1597 1614
1597 1777
1598 1726
1599 1600
1600 1754
1601 1954
1601 2011
1601 2602
1602 1908
1602 1909
1602 2011
1603 1604
1603 1909
1603 2615
1604 1605
1604 2010
1605 2008
1605 2546
1606 1607
1606 2471
1607 1608
1608 1609
1608 2464
1609 2240
1609 2399
1610 1611
1611 1612
1611 1652
1612 1613
1613 1614
1614 1692
1615 1616
1615 1666
1616 1617
1617 1667
1618 1619
1619 1673
1619 1693
1620 1693
1620 1819
1621 1622
1621 1637
1622 1623
1622 1887
1623 1624
1623 2089
1624 1625
1624 1889
1625 1626
1625 1890
1626 1888
1626 2118
1627 1699
1627 2095
1627 2116
1628 1629
1628 1698
1628 1700
1629 1630
1629 2973
1630 1767
1630 2265
1631 1632
1631 1763
1631 1767
1632 1633
1632 2974
1633 1634
1633 2984
1634 1635
1634 2975
1635 1636
1635 2983
1636 2984
1637 1638
1638 2089
1639 1640
1641 1642
1642 1676
1642 1773
1643 1677
1643 1774
1643 1972
1644 1645
1645 1936
1645 1972
1646 1647
1648 1649
1649 1650
1649 1725
1651 1652
1652 1691
1653 1871
1654 1655
1654 1871
1654 1873
1656 1657
1656 1661
1657 1941
1657 1942
1658 1659
1658 1941
1659 1660
1659 1943
1661 1662
1662 1663
1662 2138
1663 2220
1664 2091
1664 2133
1664 2183
1665 2093
1665 2133
1668 1669
1669 1670
1670 3009
1671 1768
1671 2016
1673 1820
1675 1676
1676 1677
1678 1679
1679 1681
1680 1681
1680 2081
1681 1682
1682 1684
1683 1684
1683 2032
1683 2082
1684 1929
1685 2032
1685 2108
1687 1706
1687 1928
1687 2076
1688 1689
1688 1708
1688 2076
1689 1709
1689 2036
1690 1709
1690 1711
1691 1692
1692 1726
1694 1695
1694 1696
1695 2978
1696 1697
1696 1886
1697 1698
1697 2973
1698 2095
1699 1700
1699 2236
1700 2265
1701 1702
1701 2116
1701 2236
1702 2351
1703 1704
1704 1821
1705 1706
1706 1707
1707 1708
1708 1709
1710 1711
1710 2036
1710 2083
1712 1713
1712 2096
1713 1714
1713 2086
1714 1715
1714 3014
1715 2087
1715 3012
1716 2084
1716 2087
1716 2215
1717 1718
1717 1869
1717 3015
1718 1719
1718 1870
1719 1720
1719 1724
1720 1721
1720 2202
1721 1722
1721 2241
1722 1723
1722 2031
1723 1724
1723 2029
1724 2035
1727 1728
1727 1729
1728 1837
1729 1730
1729 1838
1730 1731
1730 1837
1731 1732
1731 1874
1732 1733
1732 1933
1733 1734
1733 1875
1734 1735
1734 1874
1735 1880
1736 1737
1736 1745
1737 1754
1738 1751
1738 1753
1738 1754
1739 1741
1739 1752
1739 1753
1740 1741
1740 1742
1740 1913
1741 2039
1742 1743
1742 2040
1743 1744
1743 1914
1744 1750
1745 1746
1746 1751
1746 1996
1747 1752
1747 1996
1747 2103
1748 1750
1748 1914
1748 1997
1749 1750
1749 2104
1751 1752
1755 1756
1755 1778
1757 1758
1758 1759
1758 1946
1759 1760
1760 1761
1761 1762
1761 2154
1763 2985
1764 1765
1764 2984
1764 2985
1765 1766
1768 1769
1769 1770
1769 2014
1770 1771
1770 1921
1771 2012
1773 1774
1774 1935
1778 1779
1778 1882
1779 1846
1780 1781
1780 1846
1780 1882
1781 1782
1781 1947
1782 1783
1783 1785
1783 2168
1784 1785
1784 1786
1784 2163
1786 2232
1786 2242
1787 1788
1787 2242
1787 2243
1788 2232
1788 2233
1789 1790
1789 2234
1789 2246
1790 1791
1790 2247
1791 1792
1791 2397
1792 1793
1792 2590
1793 1794
1794 1795
1795 1796
1795 2590
1796 1797
1797 1798
1797 2251
1798 2759
1799 1800
1799 2668
1800 1801
1800 2790
1801 1802
1801 2693
1802 1803
1802 2835
1803 2754
1803 2853
1804 1805
1804 2312
1804 2683
1805 2460
1805 2690
1806 1807
1806 2310
1806 2690
1807 1808
1807 2658
1808 2378
1808 2567
1809 1810
1809 2376
1809 2567
1810 1812
1811 2385
1811 2456
1812 2385
1813 2456
1813 2565
1814 1815
1814 2565
1815 2562
1816 1817
1816 2444
1816 2562
1817 1818
1818 2442
1818 2443
1819 1820
1821 1822
1821 1823
1824 1847
1825 1826
1827 1828
1829 1830
1829 2077
1830 1831
1830 1994
1831 2077
1832 1833
1832 2077
1832 2078
1834 2078
1834 2127
1834 2128
1838 1839
1838 1845
1839 1840
1839 1933
1840 1841
1841 1842
1841 2149
1842 2159
1843 1844
1843 2159
1843 2161
1848 1849
1848 1973
1849 1850
1851 1852
1851 1853
1853 1855
1854 1855
1854 1988
1855 1961
1856 1857
1856 1988
1856 2111
1857 1858
1857 2158
1858 2264
1858 2320
1859 1860
1859 2322
1859 2486
1860 1861
1860 2502
1861 1862
1861 2299
1862 1863
1862 2179
1863 1864
1863 2326
1864 1865
1864 2180
1865 1866
1865 2277
1866 1867
1866 2280
1867 2215
1867 2373
1868 1869
1868 2205
1868 3016
1869 2203
1870 2202
1870 2203
1871 1872
1872 1873
1875 1876
1875 2140
1876 1877
1876 1912
1877 1878
1877 2102
1878 1879
1879 1912
1880 1912
1881 1882
1881 1946
1884 1885
1885 1950
1886 1887
1887 1889
1888 1889
1888 2095
1890 1891
1890 1892
1891 2119
1892 1893
1892 2089
1894 1895
1894 1973
1895 1896
1895 2044
1896 1897
1896 2045
1897 1898
1897 1974
1898 1976
1898 1977
1899 1900
1899 1978
1899 2314
1900 2483
1900 2484
1901 1902
1901 2027
1901 2484
1902 1903
1902 2625
1903 1904
1903 2595
1904 1905
1904 2598
1905 2596
1905 2597
1906 1907
1906 1987
1906 2596
1907 2599
1907 2601
1908 2601
1908 2602
1909 1987
1911 1990
1913 1914
1913 2103
1915 1916
1916 2115
1916 2220
1917 3010
1918 1919
1918 3010
1919 1969
1920 1921
1922 1923
1922 2112
1922 2113
1923 1925
1923 2177
1924 1925
1924 1964
1924 3011
1925 1926
1926 1927
1926 2214
1927 3011
1927 3012
1929 2030
1930 1931
1931 1994
1931 2088
1933 1966
1934 1967
1934 2338
1935 2079
1936 2079
1937 1938
1938 1991
1940 1941
1942 1943
1942 2138
1943 2090
1944 1945
1945 2138
1945 2139
1946 1947
1947 1948
1948 2168
1949 1950
1951 1952
1951 2348
1952 2004
1952 2410
1953 2345
1953 2346
1954 2412
1956 1957
1956 2107
1956 2199
1957 1958
1957 2175
1958 1959
1958 2157
1959 1960
1960 2201
1961 1962
1961 1989
1962 1963
1962 2148
1963 1964
1963 1965
1965 1989
1966 1967
1966 2141
1967 2098
1968 1969
1968 1999
1969 1970
1970 2000
1970 2106
1971 2002
1971 2106
1974 1975
1974 2017
1975 1976
1976 2314
1977 1978
1977 2143
1978 1979
1979 1980
1979 2060
1980 1981
1980 2507
1981 1982
1981 2059
1982 2494
1982 2594
1983 1984
1983 2496
1983 2597
1984 1986
1984 2596
1985 1986
1985 2469
1985 2655
1986 1987
1988 2148
1990 3014
1991 1992
1991 2037
1992 1993
1993 2038
1993 2088
1994 2094
1995 2088
1995 2093
1995 2094
1997 1998
1997 2103
1998 2104
1999 2000
2000 2001
2001 2002
2001 2042
2002 2043
2003 2043
2005 2266
2005 2410
2006 2007
2006 2345
2007 2008
2007 2411
2008 2010
2009 2010
2009 2011
2012 2013
2013 2014
2013 2997
2014 2015
2015 2016
2015 2999
2016 3001
2018 2019
2018 2314
2019 2020
2019 2483
2020 2021
2020 2097
2021 2028
2021 2548
2022 2023
2022 2024
2022 2828
2023 2829
2024 2025
2024 2833
2025 2026
2025 2550
2026 2549
2026 2657
2027 2028
2027 2549
2028 2483
2029 2030
2029 2031
2030 2076
2031 2032
2033 2212
2033 2241
2034 2035
2034 2036
2034 2083
2035 3015
2037 2038
2039 2040
2041 2042
2044 2046
2045 2046
2045 2143
2046 2063
2047 2062
2047 2065
2047 2187
2048 2187
2048 2343
2048 2369
2049 2190
2049 2369
2050 2051
2050 2371
2050 2500
2051 2593
2052 2053
2052 2495
2052 2623
2053 2054
2053 2593
2054 2055
2054 2371
2055 2056
2055 2493
2056 2058
2056 2370
2057 2058
2057 2059
2057 2494
2058 2342
2059 2341
2060 2061
2060 2341
2061 2062
2061 2144
2062 2343
2063 2064
2064 2065
2064 2144
2065 2066
2066 2067
2067 2187
2067 2224
2068 2069
2068 2074
2069 2070
2069 2200
2070 2073
2070 2276
2071 2072
2071 2350
2071 2482
2072 2073
2074 2275
2075 2156
2081 2082
2083 2096
2084 2085
2084 3015
2085 2086
2085 2096
2086 2087
2091 2092
2092 2114
2093 2114
2098 2149
2098 2338
2099 2100
2099 2150
2100 2151
2101 2137
2101 2152
2102 2216
2104 2105
2107 2109
2108 2241
2109 2175
2110 2158
2111 2112
2111 2113
2112 2178
2113 2148
2116 2117
2117 2118
2117 2351
2118 2119
2119 2221
2120 2121
2120 2221
2121 2122
2121 2223
2123 2124
2125 2126
2126 2224
2127 2131
2129 2131
2129 2134
2130 2135
2130 2181
2131 2132
2132 2133
2132 2181
2134 2135
2135 2136
2136 2137
2136 2385
2140 2141
2140 2216
2141 2142
2142 2217
2143 2144
2145 2146
2145 2172
2149 2150
2150 2160
2151 2152
2151 2160
2152 2161
2153 2154
2153 2185
2155 2189
2157 2199
2157 2275
2158 2225
2159 2160
2162 2165
2162 2339
2163 2166
2163 2167
2164 2165
2164 2166
2164 2232
2167 2168
2170 2171
2170 2172
2170 2186
2173 2174
2173 2191
2174 2193
2174 2400
2175 2176
2177 2178
2177 2180
2178 2179
2179 2264
2180 2214
2182 2183
2182 2396
2183 2184
2185 2238
2188 2253
2189 2190
2189 2191
2190 2224
2191 2192
2192 2193
2193 2194
2194 2195
2195 2508
2196 2197
2196 2508
2197 2198
2200 2201
2200 2275
2201 2276
2202 2213
2203 2204
2204 2205
2204 2213
2205 2206
2206 2315
2206 2316
2207 2208
2207 2286
2207 2395
2208 2209
2208 2395
2209 2210
2209 2516
2210 2317
2211 2319
2212 2213
2212 2315
2214 2215
2216 2217
2217 2218
2218 2219
2219 2231
2221 2222
2222 2223
2222 2351
2225 2226
2226 2227
2227 2228
2227 2320
2228 2229
2228 2263
2229 2230
2229 2388
2230 2263
2231 2454
2231 2519
2233 2234
2233 2386
2234 2339
2235 2236
2235 2265
2237 2238
2238 2239
2239 2240
2240 2313
2243 2244
2244 2245
2244 2386
2245 2306
2245 2489
2246 2386
2246 2531
2247 2248
2247 2533
2248 2249
2248 2590
2249 2250
2249 2532
2250 2251
2250 2403
2251 2668
2252 2254
2252 2497
2253 2254
2254 2255
2255 2256
2256 2498
2257 2499
2258 2259
2258 2260
2258 2499
2259 2545
2260 2261
2260 2359
2261 2367
2262 2547
2264 2322
2267 2268
2268 2269
2268 2271
2269 2270
2270 2271
2271 2547
2272 2273
2272 2340
2273 2360
2274 2362
2274 2368
2276 2349
2277 2278
2277 2280
2278 2279
2278 2344
2279 2326
2279 2375
2280 2281
2281 2336
2281 2373
2282 2283
2282 2337
2282 2372
2283 2285
2283 2329
2284 2285
2284 2316
2284 2372
2285 2286
2286 2433
2287 2288
2287 2289
2287 2434
2288 2433
2288 2561
2289 2290
2289 2432
2290 2291
2290 2561
2291 2331
2291 2429
2292 2305
2292 2428
2292 2430
2293 2294
2293 2305
2293 2647
2294 2295
2294 2424
2295 2296
2295 2303
2296 2297
2296 2325
2297 2298
2297 2502
2298 2299
2298 2323
2299 2300
2300 2301
2300 2323
2301 2326
2301 2332
2302 2303
2302 2325
2302 2333
2303 2304
2304 2305
2304 2331
2306 2307
2307 2308
2308 2401
2309 2401
2309 2461
2310 2311
2310 2659
2311 2312
2311 2754
2312 2804
2315 2319
2316 2318
2317 2318
2317 2319
2318 2395
2320 2321
2321 2322
2321 2388
2323 2324
2324 2325
2324 2332
2327 2328
2327 2344
2327 2374
2328 2329
2328 2337
2329 2334
2330 2331
2330 2333
2330 2334
2332 2375
2333 2374
2334 2335
2335 2433
2335 2561
2336 2337
2336 2344
2339 2397
2341 2342
2342 2343
2345 2410
2346 2347
2346 2411
2349 2350
2350 2413
2352 2353
2352 2404
2353 2408
2353 2591
2354 2366
2354 2409
2354 2592
2355 2356
2355 2364
2355 2409
2356 2357
2356 2768
2357 2362
2358 2359
2358 2542
2359 2545
2360 2361
2360 2363
2361 2368
2361 2994
2362 2365
2363 2976
2364 2365
2364 2995
2365 2994
2366 2408
2366 2995
2367 2368
2369 2370
2370 2371
2372 3016
2373 3016
2374 2375
2376 2377
2376 2378
2377 2380
2377 2396
2378 2383
2379 2380
2379 2462
2380 2381
2381 2382
2381 2462
2382 2383
2382 2384
2383 2658
2384 2463
2384 2660
2388 2389
2389 2417
2389 2485
2390 2391
2390 2578
2390 2579
2391 2392
2391 2580
2392 2393
2393 2656
2394 2799
2397 2398
2398 2399
2401 2490
2402 2530
2402 2587
2402 2588
2403 2569
2403 2589
2404 2405
2405 2534
2405 2591
2406 2537
2406 2591
2406 2592
2407 2592
2407 2694
2407 2707
2408 2996
2409 2707
2413 2414
2414 2415
2414 2482
2415 2416
2417 2486
2417 2501
2418 2501
2418 2557
2418 2580
2419 2558
2419 2560
2419 2581
2420 2560
2420 2616
2420 2646
2421 2422
2421 2488
2421 2631
2422 2423
2422 2503
2423 2424
2423 2617
2424 2425
2425 2617
2425 2647
2426 2427
2426 2617
2426 2631
2427 2648
2428 2431
2428 2648
2429 2430
2429 2432
2430 2431
2432 2435
2434 2435
2434 2513
2435 2436
2436 2717
2436 2718
2437 2438
2437 2677
2438 2439
2438 2751
2439 2818
2439 2826
2440 2634
2440 2819
2440 2851
2441 2442
2442 2519
2443 2444
2443 2520
2444 2649
2445 2446
2445 2649
2445 2684
2446 2678
2446 2687
2447 2448
2447 2688
2447 2752
2448 2681
2448 2786
2449 2451
2449 2753
2449 2786
2450 2451
2450 2452
2450 2805
2451 2885
2452 2806
2452 2891
2453 2855
2453 2871
2454 2455
2456 2457
2457 2458
2457 2568
2458 2566
2458 2605
2459 2460
2459 2605
2459 2653
2460 2682
2461 2462
2461 2463
2463 2587
2464 2465
2465 2466
2465 2471
2466 2467
2466 2491
2467 2468
2467 2571
2468 2473
2468 2492
2469 2477
2469 2624
2470 2504
2470 2505
2470 2623
2471 2571
2472 2546
2472 2571
2473 2474
2473 2655
2474 2475
2474 2477
2475 2476
2475 2622
2476 2505
2477 2505
2478 2621
2479 2611
2479 2614
2479 2621
2480 2612
2480 2711
2481 2482
2484 2507
2485 2579
2486 2487
2487 2518
2487 2557
2488 2518
2488 2559
2489 2490
2489 2529
2490 2587
2491 2570
2492 2570
2492 2622
2493 2494
2493 2495
2495 2496
2496 2624
2497 2547
2498 2499
2501 2579
2502 2503
2503 2518
2504 2506
2506 2593
2507 2595
2508 2509
2509 2511
2510 2512
2511 2512
2513 2514
2513 2516
2514 2515
2514 2717
2516 2517
2519 2582
2520 2521
2520 2582
2521 2584
2521 2684
2522 2586
2522 2685
2522 2686
2523 2686
2523 2803
2523 2869
2524 2525
2524 2869
2525 2885
2526 2527
2526 2886
2527 2528
2527 2890
2528 2873
2529 2530
2529 2531
2530 2569
2531 2533
2532 2533
2532 2569
2534 2535
2535 2536
2535 2618
2536 2537
2536 2695
2537 2694
2538 2701
2539 2540
2539 2703
2540 2992
2541 2542
2542 2543
2543 2544
2543 2575
2544 2545
2546 2615
2548 2657
2549 2626
2550 2551
2550 2833
2551 2552
2551 2662
2552 2553
2552 2867
2553 2554
2553 2664
2554 2555
2555 2868
2556 2868
2557 2558
2558 2559
2559 2560
2562 2563
2563 2564
2563 2651
2564 2566
2564 2653
2565 2566
2567 2568
2568 2606
2570 2613
2573 2714
2574 2575
2574 2796
2574 2852
2575 2576
2576 2577
2576 2797
2577 2993
2580 2581
2581 2656
2582 2583
2583 2654
2584 2585
2584 2689
2585 2586
2586 2803
2588 2589
2588 2660
2589 2667
2594 2595
2594 2597
2598 2599
2598 2627
2599 2600
2600 2601
2600 2628
2602 2603
2603 2604
2603 2629
2604 2630
2604 2666
2605 2606
2606 2690
2607 2608
2607 2613
2608 2609
2609 2614
2610 2611
2611 2612
2613 2614
2615 2655
2616 2632
2616 2656
2618 2620
2619 2620
2620 2695
2621 2622
2623 2624
2625 2626
2625 2627
2626 2662
2627 2661
2628 2629
2628 2661
2629 2665
2631 2646
2632 2633
2634 2747
2635 2636
2635 2800
2635 2851
2636 2637
2637 2642
2637 2814
2638 2639
2638 2860
2638 2862
2639 2881
2640 2641
2640 2861
2640 2881
2641 2938
2641 2954
2642 2643
2642 2851
2643 2644
2643 2815
2645 2906
2647 2648
2649 2650
2650 2651
2650 2678
2651 2680
2652 2653
2652 2680
2652 2681
2654 2689
2657 2828
2658 2659
2659 2691
2660 2691
2661 2663
2662 2663
2663 2664
2664 2665
2665 2666
2667 2668
2667 2693
2669 2670
2669 2746
2670 2813
2671 2813
2672 2779
2672 2780
2672 2827
2673 2675
2673 2827
2674 2675
2674 2884
2675 2676
2676 2802
2676 2825
2677 2801
2677 2826
2678 2679
2679 2680
2679 2688
2681 2682
2682 2683
2683 2785
2684 2685
2685 2687
2686 2752
2687 2688
2691 2692
2692 2693
2692 2754
2696 2697
2696 2706
2697 2699
2698 2699
2698 2700
2698 2787
2700 2701
2700 2893
2701 2702
2702 2703
2702 2893
2703 2704
2704 2705
2704 2889
2705 2992
2706 2787
2707 2708
2708 2769
2709 2711
2709 2729
2710 2734
2710 2743
2710 2783
2712 2713
2713 2781
2714 2715
2715 2749
2716 2748
2716 2796
2719 2724
2719 2766
2720 2721
2720 2767
2720 3017
2721 2722
2721 2725
2722 2723
2722 2924
2723 2875
2723 2947
2724 2729
2724 3017
2725 2727
2725 2733
2726 2727
2726 2742
2726 2793
2727 2924
2728 2742
2728 2850
2728 2926
2729 2730
2730 2731
2730 2744
2731 2732
2731 2734
2732 2733
2732 3017
2733 2792
2734 2735
2735 2736
2736 2738
2736 2792
2737 2738
2737 2739
2737 2847
2738 2795
2739 2740
2739 2849
2740 2741
2740 2795
2741 2742
2741 2794
2743 2744
2745 2746
2745 2781
2745 2782
2747 2799
2748 2749
2749 2784
2750 2751
2750 2818
2752 2753
2753 2869
2755 2760
2755 2764
2756 2757
2756 2758
2756 2762
2757 2836
2758 2807
2758 2875
2760 2761
2760 2790
2761 2762
2761 2791
2762 2763
2763 2765
2763 2807
2764 2765
2765 2766
2766 2767
2767 2807
2768 2769
2770 2771
2770 2774
2770 2784
2772 2777
2772 2778
2773 2774
2773 2816
2773 2817
2774 2821
2775 2776
2775 2817
2775 2866
2776 2777
2776 2863
2777 2934
2778 2817
2780 2801
2782 2813
2784 2816
2785 2786
2785 2804
2787 2788
2788 2789
2788 2887
2792 2793
2793 2794
2794 2795
2797 2798
2797 2852
2799 2800
2801 2802
2802 2827
2804 2805
2805 2853
2806 2854
2806 2892
2808 2809
2808 2812
2809 2846
2809 2874
2810 2811
2810 2838
2810 2874
2811 2856
2811 2857
2812 2845
2814 2815
2814 2862
2815 2859
2818 2819
2820 2821
2820 2866
2822 2823
2823 2865
2824 2864
2824 2931
2825 2826
2829 2830
2830 2833
2830 2971
2832 2834
2834 2970
2835 2855
2836 2837
2837 2838
2839 2840
2839 2874
2840 2841
2840 2844
2841 2842
2841 2857
2842 2843
2843 2844
2845 2846
2848 2849
2848 2850
2853 2854
2854 2855
2857 2911
2858 2859
2858 2862
2858 2907
2860 2861
2860 2907
2861 2953
2863 2864
2863 2931
2864 2865
2865 2866
2867 2868
2867 2971
2870 2871
2870 2872
2871 2892
2872 2873
2876 2879
2876 2907
2876 2953
2877 2878
2877 2908
2878 2955
2879 2950
2880 2881
2880 2936
2882 2883
2882 2906
2883 2935
2884 2909
2885 2886
2886 2891
2887 2888
2887 2893
2888 2889
2889 2946
2890 2891
2890 2892
2894 2897
2895 2896
2895 2898
2895 2899
2896 2927
2897 2899
2897 2947
2899 2900
2900 2926
2901 2903
2902 2903
2902 2929
2903 2904
2904 2921
2905 2927
2908 2953
2908 2954
2910 2911
2912 2913
2912 2967
2913 2914
2914 2915
2914 2968
2915 2916
2915 2961
2916 2917
2916 2948
2917 2918
2917 2951
2918 2962
2918 2969
2919 2950
2919 2969
2920 2922
2920 2944
2921 2922
2921 2929
2922 2923
2923 2932
2924 2925
2925 2926
2925 2947
2928 2933
2928 2934
2930 2931
2930 2934
2932 2933
2936 2937
2937 2938
2938 2939
2939 2940
2939 2955
2940 2941
2941 2942
2943 2970
2944 2945
2948 2951
2949 2950
2949 2951
2949 2952
2954 2955
2956 2967
2957 2958
2957 2967
2957 2968
2958 2959
2959 2960
2959 2968
2960 2961
2960 2965
2961 2962
2962 2963
2963 2965
2964 2965
2973 2978
2974 2978
2975 2979
2975 2982
2976 2977
2976 2989
2977 2994
2980 2987
2982 2983
2983 3006
2986 2987
2986 2988
2989 2990
2990 2991
2991 2997
2992 2993
2995 2996
2997 2998
2998 2999
2999 3000
3000 3001
3001 3002
3002 3003
3005 3007
3006 3007
3009 3010
3011 3013
3012 3014
