4067 16
4070 16
4083 16
4095 16
12497 16
12489 16
4119 16
4099 16
4117 16
4134 16
4132 16
12496 16
12493 16
4163 16
4174 16
12490 16
12495 16
4150 16
4194 16
4200 16
4207 16
4203 16
12491 16
4218 16
4212 16
4225 16
4223 16
4202 16
12488 16
4238 16
12487 16
4246 16
4186 16
4258 16
4259 16
4241 16
4235 16
4210 16
4290 16
4282 16
4279 16
4292 16
4298 16
4295 16
4301 16
4324 16
4322 16
4266 16
4337 16
4334 16
4338 16
4328 16
4343 16
4353 16
4355 16
4354 16
4359 16
4361 16
4332 16
4365 16
4321 16
4325 16
4360 16
4379 16
4373 16
4394 16
4391 16
4398 16
4399 16
4385 16
4403 16
4408 16
4411 16
4419 16
4420 16
4395 16
4418 16
4427 16
4412 16
4429 16
4439 16
4451 16
4453 16
4430 16
4440 16
4428 16
4414 16
4454 16
4426 16
4452 16
4456 16
4471 16
4474 16
4476 16
4468 16
4488 16
4459 16
4491 16
4493 16
4484 16
4477 16
4499 16
4490 16
4510 16
4482 16
4503 16
4487 16
4508 16
4505 16
4511 16
4528 16
4533 16
4512 16
4537 16
4548 16
4555 16
4538 16
4558 16
4562 16
4563 16
4554 16
4565 16
4540 16
4568 16
4541 16
4536 16
4567 16
4574 16
4575 16
4561 16
4557 16
4576 16
4593 16
4588 16
4594 16
4597 16
4584 16
4590 16
4582 16
4601 16
4530 16
4570 16
4625 16
4629 16
4622 16
4596 16
4633 16
4613 16
4627 16
4637 16
4636 16
4641 16
4635 16
4621 16
4646 16
4649 16
4651 16
4643 16
4623 16
4620 16
4624 16
4655 16
4663 16
4616 16
4642 16
4670 16
4671 16
4658 16
4695 16
4698 16
4700 16
4705 16
4689 16
4712 16
4645 16
4707 16
4699 16
4715 16
4713 16
4674 16
4721 16
4691 16
4697 16
4727 16
4728 16
4723 16
4702 16
4720 16
4731 16
4719 16
4738 16
4726 16
4739 16
4722 16
4729 16
4748 16
4750 16
4752 16
4682 16
4747 16
4745 16
4766 16
4768 16
4770 16
4751 16
4773 16
4769 16
4761 16
4776 16
4734 16
4781 16
4783 16
4771 16
4784 16
4763 16
4790 16
4759 16
4796 16
4733 16
4792 16
4802 16
4803 16
4788 16
4808 16
4811 16
4800 16
4789 16
4804 16
4818 16
4814 16
4841 16
4810 16
4830 16
4815 16
4837 16
4851 16
4829 16
4794 16
4858 16
4855 16
4856 16
4874 16
4873 16
4824 16
4876 16
4883 16
4823 16
4877 16
4838 16
4896 16
4894 16
4872 16
4885 16
4862 16
4866 16
4913 16
4864 16
4905 16
4878 16
4924 16
4933 16
4934 16
4887 16
4936 16
4927 16
4920 16
4942 16
4943 16
4944 16
4931 16
4954 16
4952 16
4953 16
4939 16
4970 16
4972 16
4961 16
4949 16
4978 16
4980 16
4947 16
4957 16
4990 16
4999 16
4986 16
5004 16
4995 16
4960 16
4984 16
5019 16
5020 16
5024 16
5026 16
5001 16
5015 16
5013 16
5039 16
5042 16
4976 16
5041 16
5053 16
5022 16
5059 16
5061 16
5029 16
5021 16
5078 16
5043 16
5073 16
5081 16
5070 16
5060 16
5091 16
4988 16
5099 16
5040 16
5107 16
5097 16
5110 16
5018 16
5087 16
5088 16
5082 16
5113 16
5127 16
5115 16
5122 16
5055 16
5079 16
5128 16
5108 16
5131 16
5145 16
5147 16
5148 16
5155 16
5159 16
5126 16
5151 16
5162 16
5167 16
5165 16
5089 16
5161 16
5103 16
5178 16
5202 16
5203 16
5198 16
5208 16
5211 16
5207 16
5168 16
5177 16
5188 16
5182 16
5174 16
5095 16
5183 16
5193 16
5249 16
5256 16
5205 16
5224 16
5213 16
5279 16
5283 16
5240 16
5293 16
5286 16
5219 16
5245 16
5294 16
5237 16
5304 16
5282 16
5310 16
5276 16
5317 16
5314 16
5262 16
5344 16
5291 16
5250 16
5358 16
5324 16
5334 16
5275 16
5331 16
5387 16
5326 16
5332 16
5354 16
5381 16
5320 16
5393 16
5407 16
5413 16
5419 16
5352 16
5436 16
5416 16
5399 16
5382 16
5353 16
5366 16
5449 16
5349 16
5439 16
5355 16
5390 16
5379 16
5483 16
5403 16
5482 16
5434 16
5372 16
5500 16
5491 16
5470 16
5488 16
5459 16
5359 16
5512 16
5444 16
5415 16
5451 16
5506 16
5531 16
5515 16
5477 16
5539 16
5473 16
5504 16
5559 16
5558 16
5424 16
5532 16
5492 16
5579 16
5581 16
5509 16
5523 16
5592 16
5569 16
5602 16
5605 16
5566 16
5646 16
5623 16
5548 16
5634 16
5652 16
5617 16
5594 16
5567 16
5650 16
5586 16
5668 16
5678 16
5557 16
5689 16
5665 16
5655 16
5704 16
5705 16
5683 16
5625 16
5585 16
5695 16
5710 16
5659 16
5693 16
5635 16
5697 16
5669 16
5662 16
5616 16
5728 16
5729 16
5731 16
5702 16
5596 16
5743 16
5754 16
5717 16
5755 16
5738 16
5736 16
5741 16
5766 16
5700 16
5773 16
5777 16
5787 16
5792 16
5696 16
5756 16
5724 16
5750 16
5726 16
5802 16
5609 16
5778 16
5783 16
5785 16
5797 16
5654 16
5818 16
5746 16
5827 16
5836 16
5843 16
5817 16
5810 16
5748 16
5815 16
5804 16
5721 16
5870 16
5876 16
5884 16
5864 16
5871 16
5867 16
5887 16
5832 16
5874 16
5769 16
5903 16
5865 16
5853 16
5901 16
5905 16
5909 16
5842 16
5895 16
5890 16
5921 16
5928 16
5926 16
5875 16
5894 16
5933 16
5914 16
5922 16
5912 16
5947 16
5685 16
5883 16
5953 16
5866 16
5949 16
5941 16
5918 16
5891 16
5945 16
5951 16
5908 16
5956 16
5968 16
5858 16
5981 16
5973 16
5961 16
5839 16
5963 16
5992 16
5978 16
5996 16
5976 16
5960 16
6011 16
6013 16
5969 16
5882 16
6019 16
6002 16
6005 16
5986 16
6020 16
5985 16
6029 16
5664 16
5998 16
5999 16
6015 16
6033 16
6039 16
6009 16
5980 16
5952 16
5989 16
5896 16
6006 16
6053 16
6031 16
6001 16
6049 16
6052 16
6064 16
6066 16
6070 16
5994 16
6059 16
6034 16
6080 16
6082 16
6038 16
6084 16
5954 16
6072 16
6090 16
6085 16
5967 16
6044 16
6071 16
6101 16
6073 16
6105 16
6094 16
6086 16
6145 16
5972 16
6110 16
6095 16
6113 16
6047 16
6076 16
6091 16
6032 16
6122 16
6081 16
6127 16
6107 16
6111 16
6115 16
6125 16
6103 16
6126 16
6131 16
6143 16
6061 16
6141 16
6097 16
6142 16
6116 16
6118 16
6096 16
6154 16
6158 16
6152 16
6077 16
6168 16
6173 16
6174 16
6179 16
6121 16
6182 16
6176 16
6164 16
6186 16
6148 16
6147 16
6190 16
6175 16
6196 16
6187 16
6160 16
6133 16
6181 16
6203 16
6197 16
6204 16
6150 16
6162 16
6207 16
6140 16
6212 16
6161 16
6188 16
6218 16
6191 16
6194 16
6067 16
6135 16
6215 16
6192 16
6222 16
6120 16
6220 16
6228 16
6224 16
6230 16
6211 16
6177 16
6167 16
6235 16
6241 16
6238 16
6242 16
6208 16
6227 16
6240 16
6234 16
6246 16
6247 16
6249 16
6183 16
6251 16
6153 16
6226 16
6223 16
6256 16
6233 16
6243 16
6236 16
6274 16
6265 16
6264 16
6267 16
6276 16
6225 16
6270 16
6272 16
6273 16
6255 16
6232 16
6283 16
6289 16
6275 16
6261 16
6257 16
6297 16
6263 16
6302 16
6254 16
6292 16
6306 16
6287 16
6310 16
6286 16
6311 16
6280 16
6317 16
6315 16
6314 16
6318 16
6305 16
6320 16
6284 16
6330 16
6296 16
6316 16
6322 16
6313 16
6341 16
6333 16
6336 16
6348 16
6338 16
6339 16
6321 16
6332 16
6345 16
6344 16
6282 16
6300 16
6355 16
6335 16
6358 16
6354 16
6359 16
6363 16
6340 16
6347 16
6349 16
6351 16
6361 16
6368 16
6309 16
6373 16
6360 16
6337 16
6352 16
6375 16
6362 16
6370 16
6343 16
6385 16
6390 16
6382 16
6386 16
6372 16
6366 16
6371 16
6393 16
6329 16
6392 16
6396 16
6401 16
6378 16
6376 16
6399 16
6380 16
6409 16
6406 16
6397 16
6412 16
6381 16
6405 16
6417 16
6420 16
6400 16
6416 16
6422 16
6430 16
6403 16
6433 16
6438 16
6436 16
6383 16
6440 16
6435 16
6391 16
6442 16
6425 16
6419 16
6443 16
6394 16
6446 16
6450 16
6452 16
6447 16
6444 16
6437 16
6457 16
6431 16
6456 16
6458 16
6455 16
6459 16
6468 16
6471 16
6469 16
6475 16
6461 16
6413 16
6472 16
6465 16
6481 16
6467 16
6483 16
6478 16
6485 16
6482 16
6488 16
6491 16
6490 16
6463 16
6492 16
6427 16
6496 16
6479 16
6493 16
6502 16
6498 16
6480 16
6477 16
6504 16
6508 16
6510 16
6501 16
6511 16
6506 16
6460 16
6514 16
6408 16
6517 16
6500 16
6528 16
6532 16
6515 16
6530 16
6527 16
6516 16
6522 16
6494 16
6543 16
6536 16
6540 16
6547 16
6554 16
6555 16
6495 16
6487 16
6566 16
6570 16
6521 16
6544 16
6574 16
6578 16
6539 16
6533 16
6581 16
6545 16
6551 16
6553 16
6584 16
6567 16
6558 16
6579 16
6590 16
6509 16
6593 16
6588 16
6564 16
6597 16
6577 16
6580 16
6599 16
6603 16
6604 16
6607 16
6572 16
6563 16
6531 16
6613 16
6619 16
6615 16
6594 16
6596 16
6576 16
6632 16
6618 16
6633 16
6634 16
6595 16
6617 16
6627 16
6636 16
6573 16
6614 16
6628 16
6649 16
6657 16
6662 16
6664 16
6665 16
6652 16
6621 16
6674 16
6675 16
6691 16
6695 16
6701 16
6704 16
6707 16
6720 16
6725 16
