2 3
2 5
2 1163
3 1650
4 5
4 1483
4 1608
5 1649
6 1633
6 1649
6 1659
7 8
7 1557
7 1608
8 1612
8 1633
9 618
9 1557
9 1582
10 11
10 1582
10 1592
11 13
11 620
12 13
12 14
12 1262
13 1581
14 15
14 1312
15 1581
15 1589
16 17
16 1049
16 1087
17 18
17 1310
18 19
18 1085
19 20
19 1308
20 1290
20 1359
21 22
21 1275
21 1290
22 23
22 631
23 24
23 912
24 627
24 1123
25 26
25 910
25 1001
26 27
26 931
27 28
27 928
28 29
28 607
29 30
29 881
30 31
30 606
31 431
31 806
32 33
32 508
32 806
33 34
33 778
34 780
34 807
35 36
35 780
35 805
36 37
38 668
39 41
39 582
39 583
40 41
40 42
41 531
42 43
42 272
43 342
43 394
44 273
44 391
44 394
45 46
45 285
45 349
46 292
46 346
47 292
49 50
49 169
49 325
50 51
50 291
51 52
51 324
52 53
52 207
53 54
53 296
54 55
54 207
55 56
55 200
56 57
56 295
57 58
57 279
58 59
58 322
59 60
59 232
62 63
62 535
63 64
63 633
64 65
65 634
66 67
66 600
67 68
67 635
68 69
68 602
69 70
69 588
70 386
70 785
71 72
71 179
71 1034
72 73
72 746
73 386
73 771
74 75
74 696
74 746
75 697
75 1034
76 926
76 1252
76 1376
77 78
77 926
77 1426
78 865
78 1498
79 80
79 990
79 1337
80 81
80 1630
81 82
81 1390
82 1333
82 1621
83 84
83 1392
83 1616
84 85
84 1332
85 86
85 1361
86 87
86 1487
87 88
87 1485
88 89
88 90
89 662
89 858
90 91
90 1391
91 92
91 976
92 93
92 829
93 974
93 1297
94 96
94 895
94 1297
95 96
95 736
95 972
96 894
97 98
97 969
97 970
98 321
98 736
99 318
99 320
99 967
100 101
100 762
100 767
101 969
101 1871
102 103
102 764
102 765
103 1132
103 1134
104 105
104 1244
104 1892
105 106
105 1243
106 107
106 1145
107 108
107 1892
108 109
108 1289
109 1220
109 1894
110 822
110 1894
110 1917
111 920
112 113
113 114
113 872
114 843
114 871
115 116
115 592
116 117
116 361
117 840
117 841
118 119
118 758
118 802
119 750
119 757
120 651
120 814
120 831
121 815
121 816
121 817
122 901
122 1078
122 1131
123 124
123 1027
123 1079
124 125
124 904
125 126
125 1263
126 127
126 1213
127 128
127 1233
128 129
128 1265
129 1266
129 1328
130 131
130 1122
130 1266
131 1267
131 1439
132 133
132 147
132 1463
133 1465
133 1484
134 1466
134 1467
134 1472
135 136
135 1466
135 1470
136 1484
136 1496
137 1496
140 141
140 1295
140 1368
141 1019
141 1279
142 143
142 1370
142 1425
143 1877
143 1887
144 1425
144 1496
144 1873
145 146
145 1484
145 1873
146 147
146 1876
147 148
148 149
148 1268
149 150
149 1374
150 1316
150 1363
151 152
151 1360
151 1364
152 153
152 1264
153 154
153 903
154 1009
154 1298
155 156
155 821
155 1026
156 157
156 1006
157 158
157 898
158 159
158 1004
159 836
159 932
160 161
160 867
160 869
161 162
161 932
162 844
162 897
163 874
163 909
163 916
164 845
165 166
165 402
166 167
167 399
167 400
168 326
169 254
169 326
171 358
172 592
173 1304
173 1305
173 1346
174 1305
174 1393
174 1394
175 176
175 1303
175 1393
176 177
176 1344
177 178
177 1343
178 784
178 922
179 784
179 785
181 182
183 213
184 185
184 211
185 186
185 227
186 187
186 213
187 189
187 250
188 275
189 190
190 191
190 227
192 193
192 236
193 194
193 227
194 195
194 228
195 196
195 211
196 212
196 237
197 198
197 239
197 261
198 199
198 210
199 200
199 279
200 240
201 202
203 204
203 226
204 205
204 255
205 206
205 240
206 207
206 291
208 209
208 212
208 223
209 210
209 238
210 225
214 215
214 249
215 241
215 257
217 218
217 285
217 339
218 258
219 258
219 328
219 333
220 221
220 222
220 333
221 252
221 280
223 224
224 225
225 226
226 240
228 229
228 236
229 233
229 237
230 233
230 234
230 239
231 232
231 262
231 279
232 293
233 278
234 235
234 261
236 260
237 238
238 239
242 243
242 248
243 245
243 1347
244 245
244 612
244 1032
245 1154
246 1154
246 1156
246 1348
247 1032
247 1124
247 1153
248 1124
249 253
249 281
250 251
250 253
251 252
251 281
252 275
256 257
256 258
257 280
259 276
261 262
264 265
264 450
264 485
265 266
265 398
266 267
266 491
267 268
267 459
268 269
268 493
269 270
269 462
270 495
270 496
271 496
271 497
271 503
272 465
272 549
273 393
273 435
274 346
275 276
280 281
282 1029
283 284
283 372
284 342
286 338
286 340
286 349
288 583
289 290
290 291
293 294
295 296
295 348
296 297
297 351
297 373
298 299
298 351
298 392
299 300
299 445
300 301
300 325
301 302
301 409
302 468
302 469
303 304
303 469
303 473
304 305
304 458
305 475
305 579
306 307
306 476
306 528
307 308
307 653
308 542
308 683
309 407
309 542
309 682
310 311
310 408
310 680
311 312
311 674
312 566
312 727
313 314
313 728
313 741
314 444
314 823
315 316
315 777
315 824
316 318
316 768
317 318
317 319
317 892
319 320
319 893
320 321
321 968
322 323
322 348
323 336
324 325
324 351
326 399
328 329
328 339
329 330
329 341
330 331
330 372
331 332
331 333
334 335
334 348
334 373
335 336
335 395
336 337
337 396
338 339
338 341
340 341
340 391
342 391
343 344
343 569
344 443
344 741
345 347
345 370
345 371
346 347
347 393
349 393
350 372
352 529
352 637
352 647
353 597
353 637
353 638
354 355
354 649
354 800
355 356
355 673
356 651
356 754
357 710
357 749
357 756
358 359
358 591
359 360
359 592
360 361
360 591
361 362
362 363
362 369
363 712
363 803
364 365
364 705
364 706
366 720
367 368
367 740
368 369
368 590
369 740
370 397
370 435
371 387
373 374
374 375
374 392
375 376
375 395
376 448
376 456
377 378
377 446
377 457
378 379
378 537
379 447
379 539
380 447
380 472
380 477
381 382
381 477
381 546
382 383
382 540
383 384
383 721
384 385
384 588
385 386
385 723
387 397
388 389
388 397
388 460
389 390
390 398
390 450
392 448
394 465
395 454
396 466
398 460
399 409
400 401
400 458
401 527
401 579
402 403
402 527
403 404
404 405
404 541
405 406
406 407
407 408
408 564
409 458
410 453
411 412
411 452
412 413
412 451
413 486
413 547
414 548
414 550
414 663
415 416
415 597
415 640
416 641
416 648
417 643
417 645
417 800
418 419
418 559
418 809
419 557
419 644
420 421
420 422
420 424
421 559
421 810
422 812
422 1039
423 424
423 1039
423 1127
424 425
425 426
425 1083
426 879
426 1081
427 428
427 789
427 1081
428 1003
428 1025
429 430
429 795
429 880
430 432
430 774
431 432
431 883
432 433
433 508
433 774
434 435
434 461
434 464
436 463
436 464
436 497
437 570
438 439
438 570
439 571
439 760
440 442
440 760
440 766
441 442
441 443
441 797
442 798
443 444
444 777
445 449
445 468
446 447
446 470
448 449
449 457
450 452
451 485
451 487
452 453
454 455
454 466
455 456
455 536
456 457
459 461
459 462
460 461
462 463
463 496
464 465
466 467
467 535
468 470
469 471
470 471
471 472
472 473
473 474
474 475
474 589
475 543
476 484
476 579
477 589
478 479
478 664
478 721
479 480
479 769
480 481
480 693
481 482
481 639
482 483
482 691
483 484
483 653
484 543
485 490
486 488
486 489
487 488
487 490
488 632
489 550
489 551
490 491
491 492
492 493
492 632
493 494
494 495
494 525
495 593
497 498
498 500
498 549
499 500
499 503
499 581
500 501
501 532
501 533
502 523
502 581
502 595
503 595
504 505
504 523
504 524
505 506
505 717
506 521
506 686
507 519
507 520
507 748
508 773
509 511
509 551
509 632
510 511
510 560
510 737
511 665
512 513
512 526
512 737
513 514
513 716
514 515
514 751
515 516
515 793
516 666
516 716
517 518
517 782
517 804
518 666
518 748
519 773
519 781
520 521
520 698
521 522
522 523
522 534
524 594
524 717
525 596
525 665
526 685
526 687
527 528
528 541
529 530
529 563
530 547
531 532
531 549
532 582
533 534
533 581
534 652
535 584
536 537
536 584
537 538
538 585
538 586
539 540
539 586
540 714
541 542
543 544
544 545
544 639
545 546
545 589
546 664
547 548
548 647
550 640
551 560
552 560
552 640
552 689
553 554
553 641
553 718
554 555
554 772
555 561
555 644
556 557
556 561
556 562
557 886
558 559
558 879
558 886
561 747
562 846
562 936
564 565
565 566
566 567
567 568
567 741
569 797
570 797
571 572
571 889
572 573
573 1879
574 888
574 890
574 1879
575 576
575 890
575 1881
576 577
576 765
577 1882
577 1891
578 1132
578 1891
578 1892
580 636
582 668
584 585
585 633
586 587
587 635
587 714
588 714
590 591
593 595
593 596
594 596
594 685
597 663
599 604
600 601
601 602
601 1080
602 603
603 785
603 921
605 937
606 607
606 937
607 608
608 927
608 999
609 610
609 927
609 1000
610 611
610 1269
611 1033
611 1153
612 613
612 1033
613 626
613 1315
614 624
614 1155
614 1372
615 616
615 1340
615 1372
616 617
616 1157
617 619
617 620
618 620
618 1436
619 1262
619 1341
621 622
621 1261
621 1262
622 1257
622 1342
623 1255
623 1256
623 1358
624 1340
624 1358
625 626
625 1254
625 1357
626 1035
627 629
627 930
628 629
628 1035
628 1253
629 630
630 631
630 1313
631 1291
633 634
634 635
636 637
636 671
638 649
638 672
639 664
641 642
642 643
642 772
643 648
644 646
645 646
645 772
646 801
647 663
648 649
650 651
650 800
650 801
652 667
652 668
653 654
654 684
654 690
655 656
655 701
655 724
656 657
656 702
657 658
657 725
658 659
658 875
659 660
659 679
660 678
660 992
661 662
661 829
661 995
662 857
665 685
666 686
667 698
669 719
670 673
670 706
670 713
671 672
671 707
672 673
674 675
674 715
675 704
675 727
676 677
676 704
676 729
677 678
677 732
678 679
679 702
680 682
680 715
681 701
681 703
681 715
682 683
683 684
684 701
686 748
687 716
687 717
688 689
688 718
688 786
689 737
690 691
690 724
691 692
692 693
692 726
693 742
694 849
694 859
694 878
695 696
695 860
695 878
696 697
697 1251
698 699
699 719
699 773
702 703
703 704
705 709
705 720
706 707
708 709
708 710
708 713
709 739
710 711
711 712
711 783
712 759
713 754
718 747
719 778
720 739
721 722
722 723
722 770
723 771
724 725
725 726
726 848
727 728
728 729
729 730
730 731
730 823
731 732
731 891
732 825
733 734
733 735
733 896
734 825
734 893
735 736
735 894
739 759
740 759
742 743
742 859
743 769
743 877
744 745
744 770
744 771
745 746
745 877
747 786
749 754
749 755
750 755
750 814
751 786
751 790
752 753
752 791
752 794
753 792
753 796
755 756
756 783
757 783
757 802
758 838
758 887
760 761
761 762
761 889
762 763
763 764
763 888
764 1870
765 890
766 767
766 798
767 768
768 967
769 770
774 781
775 796
775 880
775 882
776 796
776 910
776 1002
777 798
778 779
779 780
781 782
782 795
784 1245
787 788
787 789
787 792
788 846
788 936
789 879
790 791
790 846
791 793
792 1002
793 804
794 795
794 804
799 801
799 809
799 831
802 803
803 840
805 807
806 807
808 809
808 810
808 847
810 811
811 812
811 913
812 1131
813 816
813 913
813 1131
814 817
815 847
815 913
816 832
817 818
818 819
818 887
819 833
819 834
820 821
820 833
820 898
821 899
822 1890
823 824
824 892
825 826
826 827
826 992
827 828
827 896
828 830
828 994
829 830
830 1297
831 847
832 833
832 900
834 835
834 837
835 836
835 867
836 898
837 839
837 887
838 839
838 840
839 866
841 842
841 866
842 843
842 870
844 845
844 872
845 873
848 859
848 875
849 876
849 935
850 851
850 852
850 924
851 935
851 997
852 853
852 1331
853 854
853 1246
854 855
854 998
855 856
855 995
856 857
856 1246
857 858
858 1361
860 935
860 1250
861 862
861 924
861 1250
862 863
862 1252
863 864
863 925
864 865
864 926
865 1433
866 868
867 868
868 870
869 870
869 871
871 872
873 874
873 897
874 885
875 876
876 996
877 878
880 883
881 882
881 883
882 910
884 885
884 918
885 915
886 936
888 889
891 892
891 893
894 895
895 896
897 909
899 900
899 902
900 901
901 1027
902 1026
902 1164
903 904
903 1164
904 1263
905 966
906 907
906 1899
907 951
907 966
908 950
908 959
908 964
909 933
911 912
911 1001
911 1003
912 1025
914 999
914 1000
914 1028
915 916
915 917
916 949
917 918
917 950
918 919
919 920
919 965
921 922
921 1080
922 923
923 934
924 925
925 1334
927 929
928 929
928 931
929 930
930 1269
931 1123
932 938
933 938
933 948
937 999
938 939
939 940
939 1004
940 941
940 958
941 942
941 1036
942 943
942 961
943 944
943 1235
944 945
944 963
945 946
945 1014
946 947
946 1015
947 957
947 1279
948 949
948 958
949 950
951 952
951 964
952 953
952 959
953 954
953 1899
954 955
954 962
955 956
955 1017
956 957
956 1015
957 1019
958 961
959 960
960 961
960 962
962 963
963 1015
964 965
965 966
967 968
968 969
970 971
970 1883
971 973
971 1149
972 973
972 974
973 1274
974 975
975 976
975 1150
976 977
977 978
977 1152
978 1375
978 1477
980 981
980 1768
980 1786
981 982
981 1733
982 984
982 1754
983 984
983 1626
983 1687
984 985
985 986
985 1720
986 987
986 1388
987 988
987 1627
988 989
988 1502
989 990
989 1631
990 1500
991 992
991 993
991 996
993 994
993 998
994 995
996 997
997 998
1000 1031
1001 1123
1002 1003
1004 1005
1005 1006
1005 1036
1006 1007
1007 1008
1007 1037
1008 1009
1008 1026
1009 1010
1010 1011
1010 1038
1011 1013
1011 1298
1012 1013
1012 1014
1012 1235
1013 1301
1014 1280
1016 1017
1016 1278
1016 1872
1017 1018
1018 1019
1018 1020
1020 1021
1020 1224
1021 1223
1021 1295
1022 1023
1022 1236
1022 1889
1023 1241
1023 1903
1024 1025
1024 1214
1024 1275
1027 1164
1028 1030
1029 1030
1029 1124
1030 1031
1031 1153
1032 1033
1034 1245
1035 1269
1036 1037
1037 1038
1038 1235
1039 1040
1040 1078
1040 1128
1041 1042
1041 1128
1041 1232
1042 1043
1042 1211
1043 1044
1043 1125
1044 1045
1044 1356
1045 1084
1045 1110
1046 1047
1046 1110
1046 1111
1047 1109
1047 1509
1048 1049
1048 1109
1048 1210
1049 1050
1050 1051
1050 1495
1051 1488
1051 1491
1052 1053
1052 1488
1052 1495
1053 1106
1053 1632
1054 1091
1054 1104
1054 1610
1055 1056
1055 1093
1055 1661
1056 1057
1056 1522
1057 1058
1057 1523
1058 1059
1058 1735
1059 1060
1059 1529
1060 1736
1060 1737
1061 1062
1061 1740
1061 1751
1062 1063
1062 1533
1063 1102
1063 1535
1064 1065
1064 1537
1064 1820
1065 1741
1065 1827
1066 1742
1066 1828
1067 1068
1067 1840
1068 1069
1068 1867
1069 1070
1069 1856
1070 1071
1070 1072
1071 1541
1071 1542
1072 1073
1072 1543
1073 1074
1073 1858
1074 1075
1074 1847
1075 1702
1075 1708
1076 1842
1077 1770
1078 1079
1079 1232
1081 1082
1082 1083
1082 1214
1083 1126
1084 1085
1084 1276
1085 1086
1086 1109
1086 1110
1087 1312
1087 1491
1088 1492
1088 1528
1088 1589
1089 1090
1089 1494
1089 1528
1090 1091
1090 1527
1091 1092
1092 1591
1092 1660
1093 1094
1093 1103
1094 1522
1094 1645
1095 1096
1095 1522
1095 1735
1096 1097
1096 1521
1097 1098
1097 1775
1098 1099
1098 1774
1099 1739
1099 1761
1100 1101
1100 1740
1100 1761
1101 1102
1101 1741
1102 1537
1103 1660
1103 1684
1104 1643
1104 1684
1105 1106
1105 1640
1105 1642
1106 1115
1107 1108
1107 1113
1107 1115
1108 1210
1108 1495
1111 1117
1111 1478
1112 1479
1112 1511
1112 1512
1113 1114
1113 1510
1114 1618
1114 1641
1115 1641
1116 1117
1116 1118
1116 1356
1117 1209
1118 1119
1118 1130
1119 1120
1119 1422
1120 1121
1120 1234
1121 1122
1121 1424
1122 1328
1125 1126
1125 1215
1126 1127
1127 1128
1129 1130
1129 1211
1129 1356
1130 1327
1132 1244
1133 1134
1133 1869
1133 1870
1134 1135
1135 1136
1135 1243
1136 1137
1136 1143
1137 1138
1138 1139
1138 1329
1139 1143
1139 1319
1140 1141
1140 1320
1140 1325
1141 1150
1141 1274
1142 1143
1142 1272
1142 1869
1144 1145
1144 1146
1145 1287
1147 1326
1148 1149
1148 1869
1148 1883
1149 1273
1150 1151
1151 1152
1151 1324
1154 1155
1155 1315
1156 1157
1156 1372
1157 1158
1158 1373
1158 1434
1159 1160
1159 1434
1159 1481
1160 1161
1160 1366
1161 1162
1161 1352
1162 1163
1162 1483
1163 1353
1165 1166
1165 1245
1165 1376
1166 1167
1166 1343
1167 1168
1167 1377
1168 1169
1168 1355
1169 1170
1169 1378
1170 1345
1170 1380
1171 1172
1171 1381
1171 1394
1172 1173
1172 1398
1173 1174
1173 1383
1174 1175
1174 1400
1175 1177
1175 1384
1176 1177
1176 1403
1176 1765
1177 1178
1178 1180
1178 1385
1179 1180
1179 1181
1179 1766
1180 1719
1181 1182
1181 1788
1182 1183
1182 1776
1183 1420
1183 1421
1184 1185
1184 1421
1184 1722
1185 1186
1185 1787
1186 1807
1186 1809
1187 1188
1187 1809
1188 1551
1189 1190
1190 1547
1191 1192
1191 1851
1191 1852
1192 1193
1193 1194
1194 1195
1194 1853
1195 1196
1196 1856
1196 1868
1198 1614
1198 1683
1199 1200
1199 1452
1199 1453
1200 1584
1200 1628
1201 1202
1201 1454
1201 1586
1202 1446
1202 1573
1203 1204
1203 1446
1203 1573
1204 1441
1204 1558
1205 1206
1205 1553
1205 1558
1206 1441
1206 1459
1207 1460
1207 1480
1207 1552
1208 1209
1208 1479
1208 1480
1209 1422
1210 1580
1211 1212
1212 1213
1212 1327
1213 1232
1214 1215
1215 1276
1216 1231
1216 1242
1217 1231
1217 1898
1218 1219
1219 1285
1219 1893
1220 1285
1220 1893
1221 1925
1222 1223
1224 1225
1225 1278
1225 1294
1226 1227
1226 1294
1227 1240
1227 1270
1228 1229
1228 1240
1229 1271
1229 1896
1230 1896
1230 1897
1231 1915
1233 1234
1233 1327
1234 1328
1236 1237
1236 1238
1237 1277
1237 1294
1238 1239
1238 1241
1239 1240
1239 1271
1241 1919
1243 1244
1246 1247
1247 1248
1247 1361
1248 1249
1248 1331
1249 1332
1249 1335
1250 1251
1251 1252
1253 1254
1253 1313
1254 1314
1255 1314
1255 1339
1256 1257
1256 1342
1257 1259
1258 1259
1258 1260
1258 1339
1259 1473
1260 1309
1260 1473
1261 1311
1261 1473
1263 1264
1264 1265
1265 1362
1266 1362
1267 1268
1267 1363
1268 1461
1271 1907
1272 1273
1272 1320
1273 1274
1275 1359
1276 1359
1277 1278
1277 1872
1279 1354
1280 1281
1280 1354
1281 1884
1281 1885
1282 1283
1282 1300
1282 1317
1283 1284
1283 1886
1284 1318
1284 1888
1285 1288
1286 1287
1287 1289
1288 1289
1290 1306
1291 1292
1291 1306
1292 1313
1292 1338
1293 1314
1293 1338
1293 1339
1295 1296
1296 1371
1298 1299
1299 1300
1299 1360
1300 1301
1301 1885
1304 1620
1306 1307
1307 1308
1307 1338
1308 1309
1309 1310
1310 1311
1311 1312
1315 1357
1316 1317
1316 1360
1317 1318
1318 1374
1319 1320
1319 1321
1321 1323
1321 1329
1322 1323
1322 1330
1323 1325
1324 1325
1324 1326
1329 1330
1331 1334
1332 1333
1333 1389
1334 1335
1335 1336
1336 1389
1336 1433
1337 1498
1337 1508
1340 1341
1341 1342
1343 1355
1344 1345
1344 1355
1345 1393
1346 1394
1346 1395
1347 1348
1348 1365
1349 1365
1349 1366
1350 1351
1351 1352
1352 1353
1354 1884
1357 1358
1362 1364
1363 1364
1365 1373
1366 1373
1368 1369
1368 1887
1369 1370
1369 1371
1374 1876
1376 1426
1377 1426
1377 1428
1378 1379
1378 1427
1379 1380
1379 1429
1380 1381
1381 1382
1382 1383
1382 1431
1383 1432
1384 1385
1384 1432
1385 1717
1386 1387
1386 1507
1386 1717
1387 1720
1387 1721
1388 1503
1388 1720
1389 1390
1390 1508
1391 1477
1391 1485
1392 1487
1392 1635
1395 1396
1395 1398
1396 1397
1398 1399
1399 1400
1400 1401
1401 1403
1402 1403
1402 1404
1402 1732
1404 1748
1404 1765
1405 1746
1405 1748
1405 1767
1406 1407
1406 1746
1406 1803
1407 1408
1407 1767
1408 1409
1408 1419
1409 1418
1409 1814
1410 1411
1410 1707
1410 1857
1411 1412
1411 1834
1412 1413
1412 1544
1413 1414
1413 1851
1414 1415
1414 1545
1415 1851
1416 1546
1416 1547
1416 1816
1417 1418
1417 1831
1418 1803
1419 1420
1419 1788
1420 1550
1421 1807
1422 1423
1423 1424
1423 1460
1424 1458
1425 1476
1427 1428
1427 1504
1428 1497
1429 1430
1429 1431
1430 1504
1430 1505
1431 1673
1432 1673
1433 1508
1434 1435
1435 1436
1435 1481
1436 1474
1437 1474
1437 1482
1437 1608
1438 1439
1438 1442
1438 1457
1439 1458
1440 1441
1440 1444
1440 1457
1442 1443
1442 1447
1443 1444
1443 1471
1444 1445
1445 1446
1445 1455
1447 1448
1447 1462
1448 1449
1448 1471
1449 1462
1449 1475
1450 1451
1450 1453
1450 1609
1451 1468
1451 1613
1452 1572
1452 1613
1453 1454
1454 1584
1455 1586
1455 1895
1456 1457
1456 1458
1456 1459
1459 1460
1461 1462
1461 1463
1463 1464
1464 1465
1464 1475
1465 1466
1467 1468
1467 1609
1468 1469
1469 1470
1469 1619
1471 1895
1472 1475
1472 1895
1474 1557
1478 1479
1478 1509
1480 1511
1481 1482
1482 1483
1485 1486
1486 1487
1488 1493
1489 1493
1489 1494
1489 1632
1490 1491
1490 1492
1490 1589
1492 1493
1494 1610
1497 1498
1497 1500
1499 1500
1499 1501
1499 1504
1501 1502
1501 1505
1502 1503
1503 1507
1505 1506
1506 1507
1506 1673
1509 1580
1510 1513
1510 1580
1511 1552
1512 1513
1512 1554
1513 1514
1514 1555
1514 1618
1515 1556
1515 1618
1515 1662
1516 1565
1516 1667
1516 1680
1517 1518
1517 1519
1517 1723
1518 1680
1518 1686
1519 1669
1519 1756
1520 1521
1520 1669
1520 1774
1521 1645
1523 1530
1523 1716
1524 1525
1524 1648
1524 1716
1525 1661
1525 1675
1526 1527
1526 1591
1526 1647
1527 1590
1528 1593
1529 1530
1529 1749
1530 1731
1531 1532
1531 1749
1531 1773
1532 1533
1532 1751
1533 1692
1534 1535
1534 1692
1534 1693
1535 1536
1536 1537
1536 1694
1538 1539
1538 1820
1538 1841
1539 1540
1539 1827
1540 1841
1540 1848
1541 1840
1541 1845
1542 1847
1542 1849
1543 1859
1543 1863
1544 1837
1544 1866
1545 1546
1545 1857
1546 1839
1547 1548
1548 1551
1548 1815
1549 1550
1549 1551
1549 1807
1550 1815
1552 1553
1553 1554
1554 1585
1555 1556
1555 1585
1556 1562
1558 1559
1559 1574
1559 1583
1560 1561
1560 1585
1560 1587
1561 1562
1561 1646
1562 1563
1563 1564
1563 1662
1564 1565
1564 1646
1565 1566
1566 1567
1566 1681
1567 1568
1567 1579
1568 1569
1568 1714
1569 1570
1569 1577
1570 1571
1570 1683
1571 1572
1571 1629
1572 1628
1573 1583
1574 1576
1574 1587
1575 1578
1575 1587
1575 1588
1576 1628
1576 1629
1577 1578
1577 1629
1578 1579
1579 1588
1581 1592
1582 1611
1583 1584
1586 1609
1588 1646
1590 1594
1590 1595
1591 1675
1592 1593
1593 1594
1594 1611
1595 1596
1595 1647
1596 1612
1596 1634
1597 1598
1597 1634
1597 1674
1598 1648
1598 1659
1599 1676
1599 1689
1599 1731
1600 1602
1600 1605
1600 1671
1601 1602
1601 1690
1601 1790
1602 1603
1603 1604
1603 1779
1604 1606
1605 1606
1605 1654
1606 1607
1610 1632
1611 1612
1613 1614
1616 1621
1616 1636
1617 1624
1617 1639
1617 1729
1621 1622
1622 1623
1622 1638
1623 1624
1623 1630
1624 1625
1625 1626
1625 1730
1626 1627
1627 1631
1630 1631
1633 1634
1635 1636
1636 1637
1637 1638
1638 1639
1640 1641
1640 1663
1642 1643
1642 1663
1643 1644
1644 1666
1644 1685
1645 1668
1647 1674
1648 1677
1649 1656
1650 1651
1650 1656
1651 1652
1652 1653
1652 1670
1653 1654
1653 1672
1654 1655
1655 1679
1656 1658
1657 1658
1657 1670
1657 1677
1658 1659
1660 1661
1662 1664
1663 1664
1664 1667
1665 1668
1665 1685
1665 1686
1666 1667
1666 1686
1668 1669
1670 1671
1671 1689
1674 1675
1676 1677
1676 1678
1678 1716
1678 1731
1680 1681
1681 1728
1682 1715
1682 1771
1682 1777
1683 1715
1684 1685
1687 1688
1687 1730
1688 1733
1689 1772
1690 1772
1690 1789
1691 1692
1691 1773
1691 1789
1693 1694
1693 1792
1694 1793
1695 1793
1695 1794
1695 1819
1696 1697
1696 1841
1696 1845
1697 1795
1697 1819
1698 1699
1698 1700
1698 1849
1699 1796
1699 1802
1700 1701
1700 1785
1701 1753
1701 1846
1702 1842
1702 1846
1703 1704
1703 1709
1703 1843
1704 1844
1705 1830
1705 1835
1706 1707
1706 1835
1707 1824
1708 1709
1708 1858
1709 1710
1710 1711
1710 1860
1711 1836
1711 1844
1712 1713
1712 1825
1714 1715
1714 1728
1717 1718
1718 1719
1718 1721
1719 1776
1721 1754
1722 1768
1722 1776
1723 1724
1723 1728
1724 1755
1724 1771
1725 1726
1726 1727
1727 1777
1729 1730
1733 1734
1735 1736
1736 1775
1737 1738
1737 1750
1738 1739
1738 1775
1739 1740
1741 1742
1742 1743
1743 1810
1745 1766
1745 1767
1745 1788
1746 1747
1749 1750
1750 1751
1753 1822
1754 1768
1755 1756
1755 1758
1756 1757
1757 1759
1757 1774
1758 1759
1758 1806
1759 1760
1760 1810
1761 1810
1762 1798
1763 1764
1763 1779
1765 1766
1770 1832
1772 1773
1779 1780
1780 1781
1780 1800
1781 1782
1781 1798
1782 1783
1782 1812
1783 1784
1783 1799
1784 1785
1784 1802
1785 1822
1786 1787
1787 1808
1789 1791
1790 1791
1790 1800
1791 1792
1792 1811
1793 1811
1794 1795
1794 1813
1795 1796
1796 1797
1797 1802
1797 1813
1798 1799
1799 1821
1800 1801
1801 1811
1801 1812
1803 1804
1804 1805
1806 1826
1808 1809
1812 1813
1814 1815
1814 1816
1816 1831
1818 1850
1819 1820
1821 1822
1823 1824
1823 1831
1823 1857
1824 1825
1827 1828
1828 1861
1832 1843
1834 1835
1834 1836
1836 1837
1837 1838
1838 1860
1838 1864
1839 1850
1840 1848
1842 1843
1845 1849
1846 1847
1848 1861
1852 1853
1852 1866
1853 1854
1854 1855
1854 1865
1855 1856
1855 1863
1858 1859
1859 1860
1861 1862
1863 1864
1864 1865
1865 1866
1870 1871
1871 1883
1872 1889
1873 1874
1874 1875
1874 1877
1875 1886
1875 1888
1876 1888
1877 1878
1878 1885
1878 1886
1879 1880
1880 1881
1882 1890
1884 1887
1889 1900
1891 1894
1893 1902
1896 1910
1898 1902
1898 1923
1899 1900
1900 1901
1901 1903
1901 1911
1902 1918
1903 1912
1904 1911
1904 1913
1904 1920
1905 1909
1905 1915
1905 1923
1906 1917
1907 1921
1908 1909
1909 1916
1912 1919
1912 1920
1914 1920
1915 1925
1916 1925
1917 1918
1918 1924
1919 1921
1923 1924
1926 1927
