1 194
2 10
2 283
2 285
3 8
3 193
3 556
4 5
4 556
5 6
5 608
6 7
6 202
7 203
7 709
8 192
9 15
10 11
10 15
11 12
11 13
13 14
13 285
14 193
14 345
15 282
16 17
16 277
16 321
17 98
17 692
18 99
18 280
18 281
19 20
19 281
19 651
20 21
20 273
21 22
21 310
22 23
22 311
23 24
23 309
24 299
24 446
25 105
25 311
25 446
26 27
26 103
26 435
27 29
27 444
28 29
28 106
28 108
29 447
30 31
30 32
30 343
31 342
31 500
32 33
32 111
33 34
33 38
34 35
34 96
35 36
35 508
36 37
36 512
37 38
37 450
38 39
39 40
39 111
40 41
40 448
41 357
41 358
42 43
42 457
42 458
43 44
43 492
44 45
44 459
45 524
45 563
46 47
46 525
46 599
47 655
47 723
48 49
48 528
48 529
49 50
49 598
50 51
50 733
51 52
51 922
52 53
52 659
53 54
53 660
54 55
54 257
55 1018
55 1171
56 57
56 256
56 257
57 58
57 1015
58 255
58 1321
59 60
59 64
59 1381
60 61
60 254
61 1321
61 1380
62 63
62 1323
62 1381
63 65
63 66
64 66
64 1464
65 67
65 1513
66 1466
67 68
67 1419
68 1351
68 1513
69 1351
69 1421
69 1620
70 71
70 1420
70 1469
71 72
71 1470
72 392
72 395
73 74
73 392
73 1617
74 75
74 1599
75 76
75 77
76 1057
76 1557
77 1515
77 1577
78 79
78 1207
78 1208
79 80
79 1495
80 82
80 118
81 82
81 83
81 119
82 389
83 121
83 1594
84 85
84 390
84 1594
85 86
85 1615
86 388
86 391
87 387
87 388
87 1333
88 89
88 1333
88 1396
89 381
89 1316
90 91
90 377
90 1125
91 507
91 644
92 93
92 611
92 703
93 94
93 619
94 502
94 610
95 96
95 508
95 610
96 500
97 321
97 569
98 280
98 717
99 695
99 718
100 101
100 540
100 714
101 740
101 889
102 595
102 596
102 653
103 104
103 105
104 106
104 530
105 533
106 470
107 108
107 109
107 360
108 343
109 110
109 358
110 111
110 343
112 456
112 616
112 629
113 114
113 153
113 1196
114 115
114 869
115 614
115 1128
116 999
116 1196
116 1272
117 1160
117 1397
117 1496
118 119
118 1598
119 120
120 121
120 394
121 1634
122 1420
122 1471
122 1554
123 395
123 1058
123 1470
124 396
124 397
124 1619
125 1488
125 1490
125 1492
126 127
126 1490
126 1604
127 1492
127 1602
128 1376
128 1570
128 1602
129 130
129 1600
129 1601
130 131
130 133
131 419
131 1578
132 133
132 134
132 1603
133 1521
134 420
134 1054
135 1254
135 1334
135 1364
136 137
136 1104
136 1334
137 1197
137 1253
138 139
138 1103
138 1253
139 140
139 831
140 935
140 1025
141 825
141 935
141 1059
142 143
142 751
142 934
143 144
143 1026
144 145
144 813
145 146
145 810
146 147
146 1047
147 872
147 1157
148 149
148 811
148 1157
149 1213
149 1240
150 151
150 469
150 1213
151 152
151 1180
152 588
152 870
153 154
153 870
154 1180
154 1196
155 156
155 1131
156 1132
156 1256
157 1061
157 1132
157 1443
158 159
158 1416
158 1558
159 160
159 1516
160 1409
160 1576
161 162
161 1410
161 1545
162 163
162 1576
163 164
163 1541
164 171
164 1625
165 166
165 169
165 170
166 1268
166 1269
167 168
167 1268
167 1479
168 169
168 1432
169 1613
170 171
170 1270
171 172
172 1608
172 1624
173 174
173 1610
173 1612
174 175
174 1624
175 1559
175 1563
176 177
176 1456
176 1558
177 179
177 1563
178 179
178 1509
178 1565
179 1499
180 1457
180 1499
180 1512
181 182
181 898
181 1139
182 183
182 1457
183 184
183 1282
184 185
184 1135
185 186
185 1027
186 187
186 1241
187 882
187 886
188 189
188 1130
189 190
189 881
190 191
190 883
193 352
194 269
195 196
195 197
195 317
196 269
196 282
197 198
197 301
198 199
198 303
199 283
199 322
200 201
200 348
200 570
201 354
201 696
202 353
202 698
203 204
203 698
204 700
204 701
205 206
205 701
205 805
206 207
206 702
207 208
207 1043
208 209
209 210
209 678
210 211
210 1034
211 212
211 1192
212 213
213 1247
214 215
214 979
214 1425
215 216
215 1072
216 217
216 1274
217 218
217 1312
218 219
218 1072
219 1288
219 1314
220 221
220 1082
220 1314
221 222
221 1414
222 223
222 1204
223 1124
223 1474
224 225
224 1123
224 1474
225 226
225 1271
226 1022
226 1089
227 228
227 1022
227 1090
228 229
228 1195
229 230
229 1205
230 1265
230 1331
231 372
231 1156
231 1205
232 1156
232 1265
232 1289
233 1429
233 1436
233 1450
234 235
234 1233
234 1437
235 1363
235 1571
236 237
236 386
236 1573
237 1357
237 1358
238 239
238 1234
238 1359
239 240
239 1550
240 1574
240 1632
241 242
241 1574
241 1633
242 244
242 1590
243 244
243 1326
243 1623
244 245
245 246
245 1587
246 247
246 1326
247 248
247 1538
248 249
248 1585
249 251
249 1307
250 251
250 491
250 1473
251 1299
252 253
252 254
252 1381
253 1114
253 1170
254 255
255 1171
256 260
256 1017
257 922
258 260
258 735
258 922
259 853
259 915
259 1016
260 737
261 262
261 844
261 915
262 263
262 855
263 264
263 838
264 265
264 837
265 266
265 633
266 747
266 752
267 268
267 747
267 815
268 746
268 824
269 270
270 276
270 284
271 272
271 314
271 355
272 273
272 316
273 309
274 275
275 276
276 320
277 278
278 279
278 320
279 280
279 315
281 316
282 283
284 317
284 318
285 286
286 287
286 345
287 322
287 347
288 289
288 303
288 323
289 290
289 362
290 291
290 324
291 292
291 302
292 293
292 425
293 294
293 351
294 295
294 558
295 296
295 427
296 297
296 350
297 298
297 306
298 299
298 424
299 308
300 301
300 304
300 312
301 349
302 303
302 349
304 305
304 350
305 306
305 344
306 307
307 308
307 355
308 309
310 594
310 595
311 594
312 313
312 317
313 319
313 344
314 315
314 319
315 316
318 319
318 320
321 692
322 323
323 361
324 325
324 363
325 326
325 426
326 327
326 715
327 328
327 710
328 329
328 716
329 330
329 713
330 331
330 367
331 332
331 683
332 712
332 713
333 334
333 680
333 712
334 335
334 432
335 561
335 679
336 337
336 339
336 561
337 622
337 679
338 339
338 341
338 443
339 568
340 341
340 342
340 441
341 501
342 447
344 355
345 346
346 347
346 352
347 348
348 361
349 351
350 351
352 354
353 354
353 556
356 357
356 494
356 495
357 457
358 359
359 360
359 495
360 470
361 362
362 363
363 570
364 570
364 573
364 715
365 716
365 739
365 923
366 367
366 716
366 929
367 368
368 369
368 931
369 370
369 683
370 371
370 933
371 372
371 954
372 373
373 374
373 567
374 375
374 1156
375 376
375 507
376 377
376 1237
377 378
378 379
378 1125
379 381
379 1291
380 381
380 998
380 1127
382 383
382 387
382 1396
383 384
383 1353
384 385
384 1341
385 1355
385 1362
386 1356
386 1363
387 1353
388 1575
389 390
389 1496
390 391
391 1001
392 393
393 394
393 1599
394 1471
395 1617
396 1468
396 1470
397 398
397 1490
398 1465
398 1468
399 852
399 1322
399 1379
400 401
400 850
400 1242
401 1339
401 1377
402 403
402 1339
402 1373
403 1258
403 1259
404 1245
404 1338
404 1372
405 406
405 1246
405 1485
406 407
406 1187
407 408
407 1189
408 409
408 1532
409 410
409 1485
410 1533
410 1569
411 1560
411 1568
411 1569
412 414
412 968
412 1527
413 414
413 1280
413 1463
414 865
415 1279
415 1280
415 1579
416 417
416 1107
416 1400
417 418
417 1580
418 419
418 1109
419 1581
420 421
420 1520
421 1052
421 1438
422 1052
422 1053
422 1167
423 424
423 437
423 499
424 445
425 426
425 558
426 497
427 428
427 499
428 429
428 440
429 430
429 557
430 431
430 433
431 498
431 711
432 433
432 440
433 712
434 435
434 436
434 445
435 444
436 437
436 559
437 438
438 439
438 499
439 440
439 560
441 442
441 447
442 443
442 444
443 559
445 446
448 449
448 457
449 450
449 517
450 451
451 452
451 511
452 453
452 513
453 455
453 639
454 455
454 514
454 515
455 456
456 641
458 459
458 518
459 460
460 461
460 589
461 524
461 562
462 463
462 527
462 630
463 562
463 576
464 465
464 690
464 704
465 577
465 630
466 467
466 575
466 649
467 468
467 647
468 748
468 749
469 587
469 873
470 471
471 531
471 543
472 473
472 495
472 531
473 475
473 493
474 476
474 532
474 546
475 476
475 605
476 477
477 479
477 607
478 479
478 547
478 801
479 480
480 482
480 548
481 482
481 600
481 866
482 483
483 485
483 867
484 486
484 992
484 1039
485 486
485 986
486 1155
487 488
487 1214
487 1300
488 489
488 1155
489 490
489 1299
490 491
490 988
491 1383
492 494
492 563
493 494
493 565
497 498
497 557
498 710
500 501
501 502
502 568
503 504
503 566
503 621
504 505
504 617
505 506
505 685
506 507
506 681
508 509
509 510
509 512
510 612
510 726
511 512
511 639
513 514
513 517
514 625
515 626
515 629
516 869
516 870
516 909
517 518
518 519
519 520
519 589
520 625
520 645
521 522
521 626
521 686
522 647
522 648
523 588
523 687
523 909
524 525
525 593
526 527
526 593
526 655
527 528
528 656
529 591
529 733
530 534
530 543
531 532
532 545
533 534
533 594
534 535
535 536
535 653
536 537
536 604
537 654
537 707
538 740
538 741
538 744
539 540
539 885
539 889
540 719
541 695
541 877
541 884
542 694
542 717
542 876
543 544
544 545
544 604
545 663
546 547
546 663
547 724
548 801
548 992
549 550
549 993
549 994
550 800
550 917
551 637
551 917
551 1037
552 553
552 638
552 1038
553 745
553 1140
554 555
554 888
554 1140
555 744
555 889
557 558
559 560
560 561
562 593
563 564
564 565
564 599
565 605
566 623
566 681
567 681
567 682
568 619
571 572
571 573
571 918
572 739
572 923
573 666
574 576
574 577
574 645
575 577
575 690
576 589
578 579
578 705
578 720
579 691
579 706
580 581
580 721
580 746
581 582
581 706
582 583
582 814
583 584
583 730
584 585
584 871
585 650
585 689
586 587
586 748
586 1010
587 588
590 592
590 632
590 731
591 592
591 631
592 705
595 651
596 714
596 740
597 603
597 657
597 723
598 657
598 658
599 664
600 601
600 607
601 602
601 665
602 603
602 866
603 916
604 661
605 606
606 607
606 664
610 611
611 612
612 684
613 614
613 643
613 1126
614 615
615 729
615 868
616 642
616 868
617 618
617 703
618 684
618 685
619 620
620 621
620 622
621 703
622 624
623 624
623 680
624 679
625 686
626 627
627 628
627 648
628 629
628 909
630 631
631 704
632 732
632 734
633 634
633 854
634 722
634 732
635 636
635 637
635 708
636 725
636 917
637 638
638 743
639 640
640 641
640 726
641 642
642 728
643 644
643 729
644 685
645 646
646 647
646 686
648 687
649 650
649 688
650 749
651 652
652 714
652 718
653 654
654 741
655 656
656 657
658 659
658 916
659 660
660 1018
661 662
661 708
662 663
662 724
664 665
665 723
666 667
666 696
667 668
667 918
668 670
668 738
669 670
669 901
669 919
670 671
671 672
671 699
672 673
672 1046
673 702
673 1043
674 904
674 1045
674 1046
675 676
675 906
675 1045
676 1249
676 1250
677 678
677 1044
677 1249
678 1248
680 682
682 954
683 954
684 727
687 748
688 689
688 691
689 730
690 691
692 693
693 694
695 717
696 697
697 698
697 738
699 700
699 738
700 702
701 808
704 705
706 730
707 708
707 742
709 808
710 711
711 713
715 739
718 719
719 877
720 721
720 731
721 722
722 747
724 725
725 800
726 727
727 728
728 729
731 732
733 734
734 735
735 736
736 737
736 854
737 1016
741 742
742 743
743 745
744 745
746 750
749 874
750 751
750 814
751 813
752 753
752 766
753 754
753 815
754 755
754 823
755 756
755 816
756 757
756 875
757 758
757 971
758 798
758 822
759 795
759 822
759 974
760 761
760 762
760 834
761 858
761 974
762 764
762 859
763 764
763 836
764 957
765 957
766 823
766 837
767 768
767 778
767 938
768 779
768 839
769 770
769 779
769 911
770 771
770 936
771 772
771 797
772 773
772 777
773 774
773 796
774 775
774 776
775 791
775 793
776 777
776 789
777 913
778 823
778 875
779 799
780 1143
780 1144
781 782
781 952
781 1144
782 783
782 1143
783 1007
784 951
784 1008
784 1115
785 1009
785 1031
785 1116
786 842
786 1005
786 1009
787 788
787 913
787 1009
788 789
788 981
789 790
790 791
790 980
791 991
792 793
792 856
792 857
793 794
794 795
794 834
795 796
796 797
797 798
798 799
799 875
800 801
802 805
802 808
803 804
804 806
805 806
807 899
807 1034
809 810
809 812
809 871
810 872
811 872
811 873
812 813
812 814
815 910
816 817
816 910
817 818
817 826
818 825
818 1035
819 820
819 1035
819 1036
820 821
820 827
821 826
821 832
822 973
824 910
824 934
825 934
826 971
827 828
827 1100
828 829
828 861
829 830
829 1036
830 863
830 1275
831 1036
831 1101
832 833
832 972
833 858
833 1100
834 835
835 836
835 857
837 838
838 843
839 911
839 939
840 841
840 911
840 912
841 848
841 1002
842 914
842 937
843 844
843 845
844 853
845 938
845 942
846 847
846 848
846 939
847 849
847 941
848 1154
849 943
849 944
850 851
850 1172
851 1012
851 1091
852 1242
852 1283
853 940
854 855
855 915
856 955
856 991
857 956
858 860
859 860
859 958
860 1110
861 862
861 960
862 863
862 1148
863 1440
864 969
864 1148
864 1441
865 1441
865 1505
866 867
867 984
868 869
871 874
873 1010
874 1010
876 883
877 878
878 880
878 885
879 880
879 881
879 884
880 886
881 882
882 1130
883 884
885 887
886 887
887 888
888 1027
890 891
890 993
890 1039
891 1041
891 1174
892 893
892 1042
892 1175
893 894
893 1217
894 895
894 1177
895 896
895 1218
896 1320
896 1417
897 898
897 997
897 1418
898 1511
900 901
900 902
900 921
901 1046
902 1200
902 1235
903 904
903 1235
903 1273
904 905
905 906
905 1263
906 1311
907 1250
907 1311
907 1329
908 1329
912 914
912 936
913 937
914 1002
916 985
918 919
919 920
920 921
920 925
921 1119
923 924
924 925
924 929
925 926
926 928
926 1119
927 928
927 930
927 1021
928 1121
929 930
930 931
931 932
932 933
932 1195
933 1205
935 1035
936 937
938 941
939 941
940 1030
940 1091
942 943
942 1091
943 1172
944 945
944 1257
945 946
945 1154
946 1261
946 1338
947 948
947 1032
947 1292
948 1117
948 1262
949 951
949 1117
949 1262
950 951
950 1094
950 1184
952 1094
952 1118
953 980
953 1006
953 1033
955 956
956 990
957 961
958 959
958 961
959 1145
959 1150
960 1110
960 1145
961 962
962 963
962 1150
963 1153
964 965
964 1454
965 1169
965 1522
966 967
966 1169
966 1524
967 968
967 1560
968 1505
969 970
969 1505
970 1149
970 1168
971 972
972 973
973 974
975 1384
975 1389
976 1426
977 978
977 1389
977 1426
978 979
978 1423
979 1303
980 982
981 1033
981 1115
984 985
984 986
985 1111
986 987
987 988
987 1155
988 989
989 1111
989 1113
990 1011
992 993
994 1037
994 1174
995 1038
995 1137
995 1176
996 1138
996 1179
996 1305
997 1305
997 1320
998 1000
998 1128
999 1000
999 1001
1000 1333
1001 1397
1002 1003
1003 1004
1003 1154
1004 1005
1004 1260
1005 1031
1006 1007
1007 1118
1008 1033
1008 1118
1012 1013
1012 1030
1013 1014
1013 1242
1014 1015
1014 1283
1015 1017
1016 1029
1017 1029
1018 1112
1019 1020
1019 1141
1021 1251
1021 1264
1022 1328
1023 1024
1023 1048
1023 1197
1024 1025
1024 1059
1025 1253
1026 1047
1026 1059
1027 1028
1028 1136
1028 1282
1029 1030
1031 1032
1032 1260
1037 1038
1039 1040
1040 1041
1040 1214
1041 1042
1042 1215
1043 1044
1044 1045
1047 1048
1048 1049
1049 1050
1049 1254
1050 1162
1050 1163
1051 1052
1051 1166
1051 1365
1053 1054
1053 1557
1054 1055
1055 1056
1055 1603
1056 1057
1056 1058
1057 1617
1058 1619
1060 1061
1060 1256
1060 1406
1061 1404
1062 1064
1062 1402
1062 1455
1063 1064
1063 1075
1063 1451
1064 1065
1065 1066
1065 1403
1066 1408
1066 1449
1067 1449
1067 1497
1067 1516
1068 1078
1068 1448
1068 1497
1069 1070
1069 1079
1069 1446
1070 1081
1070 1476
1071 1072
1071 1080
1071 1395
1073 1074
1073 1387
1073 1483
1074 1452
1074 1481
1075 1076
1075 1481
1076 1077
1076 1497
1077 1078
1077 1482
1078 1079
1079 1478
1080 1081
1080 1082
1081 1445
1082 1413
1083 1085
1083 1412
1083 1514
1084 1085
1084 1414
1084 1474
1085 1475
1086 1087
1086 1475
1086 1543
1087 1271
1087 1540
1088 1089
1088 1269
1088 1271
1089 1090
1090 1267
1092 1144
1092 1198
1092 1199
1093 1094
1093 1181
1093 1199
1095 1096
1096 1097
1096 1525
1097 1522
1097 1561
1098 1525
1099 1584
1100 1110
1101 1102
1101 1275
1102 1103
1102 1398
1103 1104
1104 1105
1105 1106
1105 1335
1106 1107
1106 1399
1107 1108
1108 1109
1108 1336
1109 1518
1111 1112
1112 1170
1113 1114
1113 1383
1114 1323
1115 1116
1116 1117
1119 1120
1120 1121
1120 1200
1121 1122
1122 1202
1122 1251
1123 1124
1123 1252
1124 1304
1125 1127
1126 1127
1126 1128
1130 1131
1131 1241
1132 1133
1133 1134
1133 1241
1134 1135
1134 1444
1135 1457
1136 1138
1136 1140
1137 1138
1137 1178
1139 1282
1139 1305
1141 1142
1141 1143
1145 1146
1146 1147
1146 1148
1147 1149
1147 1151
1149 1367
1150 1151
1151 1152
1152 1366
1157 1162
1158 1159
1158 1213
1158 1238
1159 1160
1159 1206
1160 1161
1161 1238
1161 1272
1162 1239
1163 1164
1163 1365
1164 1165
1164 1239
1165 1166
1165 1211
1166 1167
1167 1212
1168 1169
1168 1453
1170 1171
1172 1173
1173 1259
1173 1339
1174 1175
1175 1176
1176 1177
1177 1178
1178 1179
1179 1320
1180 1238
1181 1185
1181 1295
1182 1183
1182 1296
1182 1493
1184 1185
1184 1262
1185 1186
1186 1293
1186 1297
1187 1188
1187 1294
1188 1189
1188 1297
1189 1500
1190 1501
1190 1532
1190 1584
1191 1493
1191 1501
1192 1193
1192 1248
1193 1194
1193 1247
1194 1250
1195 1264
1197 1254
1199 1284
1200 1201
1201 1202
1201 1286
1202 1304
1203 1204
1203 1286
1203 1304
1204 1314
1206 1207
1206 1209
1207 1495
1208 1210
1208 1577
1209 1210
1209 1240
1210 1211
1211 1515
1212 1515
1212 1557
1214 1215
1215 1327
1216 1217
1216 1302
1216 1327
1217 1218
1218 1219
1219 1220
1219 1302
1220 1309
1220 1417
1221 1222
1221 1310
1221 1418
1222 1223
1222 1511
1223 1224
1223 1510
1224 1225
1224 1536
1225 1226
1225 1586
1226 1567
1226 1588
1227 1228
1227 1588
1227 1635
1228 1591
1228 1639
1229 1609
1229 1637
1229 1638
1230 1593
1230 1628
1230 1637
1231 1232
1231 1433
1231 1605
1232 1502
1232 1542
1233 1450
1233 1542
1234 1630
1234 1631
1235 1236
1236 1287
1236 1313
1237 1289
1237 1290
1239 1240
1243 1244
1243 1261
1243 1292
1244 1246
1244 1294
1245 1246
1245 1458
1248 1249
1251 1252
1252 1328
1255 1256
1255 1401
1257 1258
1257 1259
1258 1338
1260 1261
1263 1273
1263 1274
1264 1328
1265 1266
1266 1330
1266 1430
1267 1268
1267 1331
1269 1270
1270 1540
1272 1397
1273 1313
1274 1303
1275 1276
1276 1277
1276 1440
1277 1278
1277 1398
1278 1279
1278 1504
1279 1281
1280 1504
1281 1399
1281 1400
1283 1322
1284 1285
1284 1296
1286 1287
1287 1288
1288 1312
1289 1332
1290 1291
1290 1318
1291 1316
1292 1293
1293 1294
1295 1296
1295 1298
1297 1298
1298 1494
1299 1301
1300 1301
1300 1327
1301 1307
1302 1306
1303 1311
1306 1307
1306 1308
1308 1309
1308 1538
1309 1310
1310 1536
1312 1313
1315 1316
1315 1317
1315 1340
1317 1318
1317 1436
1318 1429
1319 1341
1319 1362
1319 1437
1321 1322
1323 1472
1324 1350
1324 1352
1324 1621
1325 1585
1325 1621
1325 1627
1326 1627
1329 1423
1330 1331
1330 1479
1332 1429
1332 1430
1334 1335
1335 1337
1336 1337
1336 1439
1337 1438
1340 1341
1340 1396
1342 1343
1342 1354
1342 1355
1343 1344
1343 1357
1344 1547
1344 1548
1345 1347
1345 1548
1345 1616
1346 1347
1346 1348
1346 1596
1347 1361
1348 1552
1348 1553
1349 1555
1349 1620
1349 1640
1350 1620
1350 1641
1351 1352
1352 1539
1353 1354
1354 1546
1355 1356
1356 1357
1358 1359
1358 1630
1359 1360
1360 1361
1360 1548
1361 1549
1362 1363
1364 1365
1364 1438
1366 1367
1367 1453
1369 1370
1369 1371
1369 1377
1370 1378
1370 1519
1371 1373
1371 1486
1372 1373
1372 1458
1374 1375
1374 1487
1374 1570
1375 1376
1375 1582
1376 1581
1377 1378
1378 1489
1379 1488
1379 1489
1380 1464
1380 1488
1382 1383
1382 1472
1382 1539
1384 1385
1385 1386
1385 1390
1386 1388
1387 1388
1387 1392
1389 1424
1390 1391
1390 1424
1391 1392
1391 1393
1392 1480
1393 1428
1393 1477
1394 1395
1394 1428
1394 1476
1395 1425
1398 1399
1400 1531
1401 1402
1401 1403
1403 1406
1404 1405
1404 1407
1405 1443
1405 1456
1406 1407
1407 1408
1408 1415
1409 1410
1409 1517
1410 1411
1411 1447
1411 1514
1412 1413
1412 1445
1413 1414
1415 1416
1415 1456
1416 1449
1417 1418
1419 1422
1419 1467
1420 1422
1421 1422
1421 1555
1423 1426
1424 1427
1425 1427
1427 1428
1430 1431
1431 1479
1431 1503
1432 1433
1432 1503
1433 1434
1434 1435
1434 1606
1435 1613
1435 1628
1436 1437
1439 1518
1439 1520
1440 1442
1441 1442
1442 1504
1443 1444
1444 1499
1445 1446
1446 1447
1447 1448
1448 1517
1450 1502
1451 1452
1453 1454
1454 1498
1458 1459
1459 1484
1459 1506
1460 1461
1460 1507
1460 1529
1461 1526
1461 1583
1462 1463
1462 1529
1462 1583
1463 1579
1464 1465
1465 1466
1466 1467
1467 1469
1468 1469
1471 1556
1472 1513
1473 1539
1473 1585
1475 1544
1476 1477
1477 1478
1478 1480
1480 1482
1481 1482
1484 1485
1484 1526
1486 1487
1486 1506
1487 1508
1489 1491
1491 1492
1491 1519
1493 1494
1494 1500
1495 1496
1500 1501
1502 1503
1506 1507
1507 1508
1508 1582
1509 1510
1509 1512
1510 1567
1511 1512
1514 1544
1516 1517
1518 1578
1519 1570
1520 1521
1521 1578
1522 1523
1523 1524
1523 1562
1524 1560
1525 1535
1526 1568
1527 1568
1527 1583
1528 1529
1528 1530
1528 1582
1530 1531
1530 1580
1531 1579
1532 1534
1533 1534
1533 1535
1534 1584
1535 1561
1536 1537
1537 1538
1537 1586
1540 1541
1541 1543
1542 1571
1543 1545
1544 1545
1546 1547
1546 1575
1547 1616
1549 1550
1549 1552
1550 1551
1551 1574
1551 1642
1552 1640
1553 1554
1553 1556
1554 1555
1556 1634
1558 1559
1559 1597
1561 1562
1562 1569
1563 1564
1564 1565
1564 1612
1565 1566
1566 1567
1566 1635
1571 1572
1572 1573
1572 1605
1573 1629
1575 1615
1576 1597
1577 1598
1580 1581
1586 1587
1587 1589
1588 1589
1589 1590
1590 1591
1591 1633
1592 1632
1592 1633
1592 1638
1593 1606
1593 1629
1594 1595
1595 1596
1595 1614
1596 1634
1597 1625
1598 1599
1600 1603
1600 1618
1601 1602
1601 1604
1604 1618
1605 1606
1607 1608
1607 1610
1607 1628
1608 1613
1609 1610
1609 1611
1611 1612
1611 1636
1614 1615
1614 1616
1618 1619
1621 1626
1622 1623
1622 1626
1622 1627
1623 1642
1624 1625
1626 1643
1629 1630
1631 1632
1631 1637
1635 1639
1636 1638
1636 1639
1640 1641
1641 1643
1642 1643
