1 7
2 7
5 7
4 7
3 7
7 7
6 7
8 7
9 7
11 7
12 7
10 7
13 7
15 7
16 7
18 7
14 7
19 7
20 7
21 7
25 7
24 7
26 7
27 7
31 7
33 7
29 7
42 7
17 7
45 7
46 7
39 7
40 7
47 7
52 7
53 7
54 7
41 7
58 7
36 7
59 7
63 7
32 7
60 7
57 7
61 7
62 7
69 7
64 7
75 7
43 7
77 7
87 7
90 7
71 7
93 7
79 7
73 7
94 7
81 7
95 7
89 7
91 7
80 7
97 7
110 7
56 7
74 7
114 7
118 7
85 7
101 7
88 7
121 7
127 7
133 7
135 7
140 7
131 7
142 7
108 7
145 7
120 7
147 7
151 7
154 7
124 7
111 7
164 7
139 7
174 7
167 7
187 7
199 7
197 7
184 7
201 7
202 7
193 7
188 7
204 7
205 7
207 7
146 7
208 7
190 7
179 7
170 7
211 7
191 7
216 7
189 7
212 7
222 7
196 7
228 7
209 7
175 7
230 7
232 7
218 7
220 7
215 7
194 7
240 7
236 7
229 7
251 7
235 7
234 7
247 7
262 7
255 7
264 7
237 7
259 7
258 7
261 7
277 7
270 7
268 7
271 7
285 7
294 7
272 7
299 7
297 7
279 7
281 7
280 7
291 7
318 7
320 7
282 7
308 7
323 7
275 7
300 7
310 7
284 7
334 7
336 7
331 7
337 7
333 7
348 7
343 7
351 7
360 7
361 7
364 7
340 7
314 7
366 7
339 7
341 7
349 7
372 7
373 7
375 7
378 7
377 7
368 7
371 7
362 7
383 7
355 7
353 7
387 7
358 7
404 7
398 7
407 7
392 7
411 7
396 7
408 7
403 7
397 7
415 7
421 7
394 7
426 7
427 7
381 7
430 7
433 7
428 7
432 7
335 7
438 7
439 7
445 7
449 7
406 7
434 7
435 7
446 7
472 7
413 7
473 7
477 7
451 7
468 7
484 7
459 7
409 7
483 7
442 7
480 7
486 7
462 7
443 7
485 7
437 7
502 7
501 7
444 7
470 7
505 7
516 7
520 7
482 7
524 7
523 7
495 7
527 7
475 7
529 7
521 7
509 7
537 7
540 7
543 7
466 7
546 7
551 7
552 7
464 7
493 7
511 7
498 7
557 7
534 7
542 7
526 7
517 7
562 7
560 7
514 7
570 7
561 7
548 7
577 7
544 7
580 7
567 7
575 7
566 7
494 7
592 7
586 7
613 7
595 7
601 7
513 7
603 7
610 7
611 7
612 7
614 7
618 7
620 7
606 7
565 7
609 7
593 7
624 7
629 7
626 7
633 7
617 7
640 7
643 7
623 7
628 7
648 7
650 7
590 7
645 7
653 7
656 7
649 7
655 7
599 7
647 7
658 7
662 7
631 7
669 7
652 7
671 7
589 7
667 7
677 7
666 7
594 7
689 7
693 7
694 7
684 7
581 7
632 7
701 7
704 7
706 7
709 7
691 7
719 7
720 7
718 7
670 7
665 7
725 7
675 7
698 7
739 7
736 7
724 7
742 7
723 7
746 7
717 7
753 7
727 7
743 7
760 7
754 7
763 7
715 7
732 7
674 7
748 7
756 7
774 7
777 7
772 7
780 7
755 7
781 7
785 7
744 7
770 7
773 7
799 7
796 7
778 7
800 7
791 7
749 7
811 7
775 7
790 7
812 7
798 7
797 7
783 7
813 7
815 7
803 7
810 7
807 7
825 7
826 7
823 7
793 7
831 7
833 7
835 7
836 7
820 7
827 7
843 7
838 7
806 7
849 7
850 7
856 7
861 7
834 7
858 7
860 7
865 7
872 7
857 7
873 7
862 7
848 7
853 7
875 7
840 7
870 7
876 7
885 7
882 7
842 7
866 7
888 7
867 7
890 7
880 7
852 7
900 7
891 7
906 7
889 7
868 7
903 7
915 7
923 7
922 7
902 7
925 7
894 7
898 7
918 7
933 7
896 7
907 7
921 7
937 7
908 7
943 7
904 7
935 7
942 7
946 7
913 7
949 7
950 7
955 7
959 7
957 7
941 7
948 7
958 7
968 7
973 7
960 7
969 7
974 7
976 7
972 7
979 7
962 7
983 7
985 7
982 7
993 7
988 7
996 7
1000 7
1001 7
992 7
1004 7
984 7
1012 7
1010 7
1008 7
1015 7
1017 7
1016 7
978 7
987 7
1013 7
1022 7
1021 7
1019 7
1030 7
1031 7
1032 7
1034 7
1039 7
1025 7
1042 7
1020 7
1043 7
1005 7
1041 7
1049 7
1037 7
1051 7
1055 7
1057 7
1063 7
1066 7
1069 7
1064 7
1070 7
1074 7
1035 7
1085 7
1084 7
1071 7
1083 7
1050 7
1094 7
1095 7
1103 7
1105 7
1108 7
1107 7
1104 7
1113 7
1106 7
1093 7
1112 7
1110 7
1081 7
1121 7
1128 7
1118 7
1127 7
1144 7
1130 7
1141 7
1149 7
1150 7
1145 7
1163 7
1131 7
1165 7
1169 7
1142 7
1183 7
1190 7
1191 7
1188 7
