4849 1
4852 1
4853 1
4854 1
4861 1
4867 1
4868 1
4870 1
4879 1
4884 1
4875 1
4886 1
4871 1
4888 1
4893 1
4881 1
4890 1
4902 1
4906 1
4891 1
4908 1
4909 1
4917 1
4918 1
4916 1
4925 1
4926 1
4899 1
4928 1
4932 1
4929 1
4907 1
4940 1
4945 1
4946 1
4951 1
4955 1
4959 1
4956 1
4965 1
4969 1
4962 1
4950 1
4979 1
4967 1
4985 1
4973 1
4996 1
4992 1
4998 1
5005 1
5010 1
4982 1
5008 1
4987 1
5025 1
4983 1
4975 1
5027 1
5032 1
5037 1
5038 1
5028 1
5030 1
5031 1
5011 1
5023 1
5003 1
5049 1
5058 1
5056 1
5052 1
5072 1
5068 1
4971 1
5066 1
5077 1
5084 1
5090 1
5051 1
5096 1
5100 1
5086 1
5083 1
5047 1
5101 1
5104 1
5093 1
5069 1
5098 1
5102 1
5105 1
5117 1
5118 1
5036 1
5112 1
5133 1
5111 1
5063 1
5124 1
5085 1
5109 1
5065 1
5120 1
5144 1
5139 1
5138 1
5146 1
5121 1
5150 1
5140 1
5154 1
5143 1
5156 1
5132 1
5169 1
5130 1
5171 1
5173 1
5129 1
5152 1
5163 1
5176 1
5175 1
5179 1
5134 1
5153 1
5185 1
5186 1
5192 1
5166 1
5187 1
5181 1
5197 1
5200 1
5201 1
5180 1
5210 1
5195 1
5218 1
5222 1
5232 1
5233 1
5236 1
5241 1
5239 1
5215 1
5223 1
5242 1
5247 1
5251 1
5260 1
5246 1
5269 1
5261 1
5273 1
5263 1
5243 1
5225 1
5281 1
5288 1
5289 1
5267 1
5277 1
5285 1
5271 1
5255 1
5268 1
5302 1
5231 1
5309 1
5312 1
5297 1
5316 1
5318 1
5295 1
5278 1
5328 1
5238 1
5296 1
5315 1
5322 1
5306 1
5340 1
5319 1
5341 1
5350 1
5345 1
5329 1
5323 1
5343 1
5370 1
5333 1
5367 1
5369 1
5378 1
5348 1
5380 1
5299 1
5374 1
5394 1
5365 1
5364 1
5376 1
5396 1
5409 1
5351 1
5422 1
5423 1
5400 1
5426 1
5421 1
5431 1
5420 1
5447 1
5446 1
5456 1
5457 1
5438 1
5435 1
5463 1
5410 1
5471 1
5442 1
5443 1
5475 1
5480 1
5465 1
5484 1
5389 1
5433 1
5497 1
5474 1
5510 1
5507 1
5450 1
5508 1
5521 1
5514 1
5518 1
5505 1
5453 1
5534 1
5486 1
5540 1
5517 1
5551 1
5554 1
5499 1
5547 1
5563 1
5572 1
5578 1
5580 1
5544 1
5550 1
5583 1
5600 1
5575 1
5607 1
5610 1
5608 1
5604 1
5641 1
5639 1
5614 1
5656 1
5562 1
5619 1
5660 1
5684 1
5679 1
5658 1
5692 1
5591 1
5570 1
5686 1
5707 1
5708 1
5647 1
5638 1
5713 1
5716 1
5640 1
5699 1
5648 1
5720 1
5712 1
5571 1
5653 1
5759 1
5745 1
5574 1
5782 1
5751 1
5626 1
5761 1
5812 1
5772 1
5767 1
5786 1
5821 1
5822 1
5690 1
5733 1
5796 1
5814 1
5857 1
5859 1
5860 1
5834 1
5850 1
5808 1
5886 1
5878 1
5900 1
5788 1
5898 1
5805 1
5823 1
5849 1
5915 1
5919 1
5877 1
5691 1
5913 1
5959 1
5904 1
5837 1
5924 1
5927 1
5957 1
5983 1
5902 1
5984 1
5937 1
6007 1
6010 1
5934 1
6036 1
6040 1
6046 1
6043 1
6055 1
6035 1
6050 1
6060 1
6083 1
6087 1
6012 1
6100 1
6114 1
6045 1
6123 1
6130 1
6128 1
6137 1
6129 1
6098 1
6151 1
6155 1
6156 1
6159 1
6108 1
6172 1
6184 1
6214 1
6078 1
6216 1
6213 1
6166 1
6231 1
6237 1
6252 1
6221 1
6244 1
6239 1
6124 1
6269 1
6253 1
6290 1
6294 1
6298 1
6259 1
6277 1
6308 1
6303 1
6312 1
6301 1
6307 1
6328 1
6326 1
6353 1
6288 1
6365 1
6395 1
6323 1
6325 1
6445 1
6454 1
6451 1
6327 1
