2675 9
2691 9
2703 9
2704 9
2710 9
2711 9
2683 9
2723 9
2745 9
2731 9
2752 9
2724 9
2735 9
2753 9
2726 9
2773 9
2780 9
2763 9
2737 9
2776 9
2785 9
2781 9
2774 9
2791 9
2797 9
2794 9
2799 9
2809 9
2769 9
2807 9
2760 9
2829 9
2777 9
2768 9
2792 9
2810 9
2830 9
2821 9
2806 9
2826 9
2819 9
2844 9
2834 9
2838 9
2851 9
2803 9
2854 9
2862 9
2849 9
2863 9
2861 9
2868 9
2860 9
2877 9
2865 9
2840 9
2876 9
2871 9
2790 9
2828 9
2883 9
2867 9
2891 9
2866 9
2884 9
2847 9
2896 9
2899 9
2870 9
2908 9
2887 9
2873 9
2842 9
2900 9
2890 9
2893 9
2901 9
2902 9
2892 9
2886 9
2921 9
2917 9
2925 9
2880 9
2889 9
2928 9
2932 9
2922 9
2915 9
2931 9
2914 9
2940 9
2946 9
2927 9
2945 9
2937 9
2952 9
2954 9
2939 9
2944 9
2958 9
2947 9
2965 9
2895 9
2913 9
2963 9
2967 9
2974 9
2961 9
2973 9
2964 9
2983 9
2951 9
2933 9
2978 9
2960 9
2986 9
2991 9
2977 9
2968 9
2982 9
2976 9
2996 9
3002 9
2995 9
2979 9
2988 9
3013 9
3015 9
2999 9
3023 9
3016 9
3028 9
3039 9
3040 9
3041 9
3018 9
3043 9
3046 9
3005 9
3032 9
3035 9
3050 9
3037 9
3031 9
3008 9
3017 9
3061 9
3064 9
3033 9
3030 9
3059 9
3053 9
3063 9
3052 9
3068 9
3024 9
3026 9
3006 9
3084 9
3057 9
3070 9
3080 9
3075 9
3025 9
3055 9
3062 9
3066 9
3091 9
3077 9
3096 9
3099 9
3104 9
3094 9
3065 9
3095 9
3109 9
3116 9
3093 9
3101 9
3120 9
3105 9
3118 9
3081 9
3129 9
3114 9
3135 9
3108 9
3138 9
3115 9
3121 9
3144 9
3126 9
3128 9
3071 9
3141 9
3119 9
3124 9
3148 9
3145 9
3149 9
3155 9
3147 9
3166 9
3133 9
3169 9
3170 9
3142 9
3139 9
3152 9
3158 9
3150 9
3136 9
3171 9
3168 9
3185 9
3182 9
3154 9
3179 9
3178 9
3177 9
3151 9
3191 9
3181 9
3156 9
3176 9
3187 9
3210 9
3198 9
3203 9
3194 9
3200 9
3227 9
3204 9
3226 9
3228 9
3235 9
3193 9
3207 9
3217 9
3239 9
3231 9
3236 9
3234 9
3249 9
3209 9
3230 9
3240 9
3212 9
3233 9
3241 9
3201 9
3225 9
3257 9
3221 9
3251 9
3218 9
3266 9
3238 9
3220 9
3254 9
3268 9
3279 9
3260 9
3267 9
3283 9
3276 9
3288 9
3275 9
3273 9
3285 9
3272 9
3280 9
3271 9
3289 9
3302 9
3274 9
3326 9
3310 9
3303 9
3313 9
3327 9
3323 9
3333 9
3332 9
3334 9
3293 9
3329 9
3343 9
3331 9
3336 9
3309 9
3306 9
3317 9
3314 9
3297 9
3316 9
3350 9
3311 9
3342 9
3284 9
3346 9
3341 9
3360 9
3352 9
3347 9
3365 9
3354 9
3356 9
3338 9
3367 9
3376 9
3373 9
3372 9
3345 9
3371 9
3355 9
3381 9
3375 9
3380 9
3379 9
3250 9
3357 9
3392 9
3361 9
3378 9
3359 9
3405 9
3344 9
3398 9
3402 9
3396 9
3403 9
3389 9
3424 9
3433 9
3431 9
3401 9
3425 9
3416 9
3407 9
3411 9
3436 9
3426 9
3448 9
3447 9
3454 9
3427 9
3421 9
3408 9
3432 9
3450 9
3457 9
3442 9
3462 9
3410 9
3390 9
3460 9
3415 9
3451 9
3473 9
3478 9
3467 9
3441 9
3458 9
3439 9
3483 9
3472 9
3480 9
3479 9
3463 9
3495 9
3493 9
3497 9
3499 9
3489 9
3453 9
3507 9
3487 9
3482 9
3470 9
3477 9
3500 9
3509 9
3528 9
3505 9
3461 9
3491 9
3544 9
3548 9
3523 9
3517 9
3546 9
3536 9
3527 9
3521 9
3512 9
3545 9
3537 9
3534 9
3566 9
3551 9
3567 9
3540 9
3525 9
3569 9
3563 9
3555 9
3573 9
3520 9
3539 9
3510 9
3542 9
3568 9
3554 9
3531 9
3532 9
3575 9
3584 9
3529 9
3543 9
3582 9
3570 9
3596 9
3598 9
3594 9
3599 9
3603 9
3590 9
3607 9
3571 9
3615 9
3561 9
3616 9
3588 9
3583 9
3624 9
3622 9
3581 9
3627 9
3617 9
3606 9
3605 9
3637 9
3629 9
3625 9
3623 9
3635 9
3626 9
3642 9
3516 9
3609 9
3646 9
3610 9
3645 9
3640 9
3620 9
3653 9
3639 9
3597 9
3649 9
3641 9
3665 9
3661 9
3668 9
3673 9
3675 9
3677 9
3669 9
3651 9
3678 9
3633 9
3654 9
3685 9
3687 9
3660 9
3691 9
3670 9
3688 9
3700 9
3686 9
3694 9
3712 9
3693 9
3715 9
3703 9
3696 9
3697 9
3716 9
3728 9
3680 9
3714 9
3721 9
3729 9
3727 9
3732 9
3739 9
3709 9
3707 9
3710 9
3706 9
3698 9
3723 9
3742 9
3701 9
3747 9
3725 9
3717 9
3734 9
3741 9
3724 9
3753 9
3769 9
3768 9
3764 9
3767 9
3781 9
3777 9
3779 9
3785 9
3750 9
3765 9
3760 9
3763 9
3758 9
3778 9
3793 9
3792 9
3787 9
3762 9
3791 9
3799 9
3783 9
3743 9
3744 9
3759 9
3807 9
3803 9
3802 9
3801 9
3811 9
3815 9
3804 9
3756 9
3786 9
3817 9
3823 9
3771 9
3818 9
3766 9
3822 9
3835 9
3814 9
3831 9
3826 9
3788 9
3820 9
3770 9
3839 9
3834 9
3832 9
3851 9
3846 9
3854 9
3825 9
3857 9
3827 9
3852 9
3873 9
3829 9
3843 9
3879 9
3864 9
3888 9
3863 9
3865 9
3893 9
3862 9
3897 9
3837 9
3849 9
3858 9
3890 9
3899 9
3880 9
3903 9
3889 9
3900 9
3877 9
3914 9
3887 9
3921 9
3925 9
3909 9
3895 9
3922 9
3934 9
3918 9
3938 9
3939 9
3908 9
3929 9
3942 9
3917 9
3937 9
3870 9
3936 9
3944 9
3904 9
3913 9
3946 9
3950 9
3911 9
3891 9
3954 9
3959 9
3966 9
3927 9
3957 9
3973 9
3949 9
3976 9
3924 9
3984 9
3980 9
3987 9
3958 9
3969 9
3965 9
3993 9
3974 9
3931 9
3997 9
3994 9
3970 9
3932 9
4002 9
3983 9
4014 9
4009 9
3996 9
3989 9
3998 9
4024 9
3977 9
3979 9
4005 9
4008 9
4023 9
4031 9
4017 9
4030 9
4039 9
4000 9
4042 9
4001 9
4027 9
4034 9
3943 9
4010 9
4015 9
4035 9
4051 9
4054 9
4040 9
4038 9
4011 9
4063 9
4066 9
4046 9
4029 9
3960 9
4037 9
4041 9
4055 9
4073 9
4058 9
4080 9
4053 9
4004 9
4082 9
4084 9
4068 9
4075 9
4078 9
4094 9
4064 9
4098 9
4045 9
4093 9
4049 9
4081 9
4112 9
4107 9
4108 9
4101 9
4122 9
4052 9
4124 9
4127 9
4135 9
4133 9
4121 9
4111 9
4141 9
4092 9
4144 9
4138 9
4155 9
4158 9
4162 9
4152 9
4160 9
4097 9
4166 9
4139 9
4159 9
4137 9
4179 9
4106 9
4148 9
4129 9
4143 9
4172 9
4156 9
4183 9
4181 9
4195 9
4198 9
4175 9
4178 9
4204 9
4140 9
4136 9
4221 9
4184 9
4222 9
4211 9
4215 9
4193 9
4231 9
4244 9
4208 9
4252 9
4257 9
4237 9
4251 9
4191 9
4192 9
4263 9
4261 9
4209 9
4249 9
4153 9
4274 9
4232 9
4275 9
4206 9
4234 9
4182 9
4253 9
4297 9
4288 9
4300 9
4289 9
4243 9
4317 9
4281 9
4316 9
4262 9
4331 9
4286 9
4323 9
4303 9
4329 9
4327 9
4271 9
4346 9
4345 9
4318 9
4352 9
4293 9
4309 9
4344 9
4335 9
4366 9
4367 9
4311 9
4319 9
4362 9
4383 9
4372 9
4384 9
4386 9
4382 9
4376 9
4400 9
4356 9
4375 9
4369 9
4405 9
4351 9
4409 9
4393 9
4413 9
4392 9
4416 9
4424 9
4431 9
4404 9
4378 9
4422 9
4441 9
4423 9
4446 9
4449 9
4444 9
4443 9
4457 9
4461 9
4445 9
4425 9
4473 9
4442 9
4464 9
4458 9
4470 9
4450 9
4465 9
4494 9
4489 9
4342 9
4495 9
4417 9
4467 9
4497 9
4519 9
4523 9
4466 9
4506 9
4524 9
4434 9
4535 9
4517 9
4516 9
4507 9
4515 9
4521 9
4544 9
4518 9
4509 9
4550 9
4526 9
4525 9
4483 9
4542 9
4534 9
4559 9
4569 9
4560 9
4583 9
4585 9
4572 9
4586 9
4549 9
4607 9
4551 9
4606 9
4611 9
4592 9
4614 9
4605 9
4598 9
4615 9
4589 9
4460 9
4595 9
4609 9
4618 9
4608 9
4628 9
4599 9
4638 9
4661 9
4617 9
4630 9
4650 9
4675 9
4679 9
4647 9
4626 9
4690 9
4681 9
4693 9
4673 9
4709 9
4703 9
4718 9
4694 9
4665 9
4687 9
4639 9
4708 9
4716 9
4657 9
4666 9
4732 9
4735 9
4736 9
4737 9
4740 9
4667 9
4701 9
4730 9
4710 9
4660 9
4753 9
4756 9
4755 9
4767 9
4724 9
4680 9
4774 9
4741 9
4742 9
4778 9
4744 9
4779 9
4787 9
4805 9
4807 9
4780 9
4775 9
4819 9
4793 9
4791 9
4833 9
4831 9
4834 9
4839 9
4812 9
4827 9
4826 9
4828 9
4809 9
4821 9
4842 9
4820 9
4798 9
4843 9
4836 9
4845 9
4865 9
4880 9
4895 9
4835 9
4889 9
4898 9
4912 9
4915 9
4923 9
4900 9
4935 9
4968 9
4958 9
4966 9
4919 9
4948 9
4991 9
4911 9
5002 9
5007 9
5034 9
4974 9
5014 9
5044 9
5048 9
5006 9
5016 9
4994 9
4997 9
5064 9
4964 9
5012 9
5075 9
5054 9
5092 9
5094 9
5045 9
4989 9
5106 9
5033 9
5046 9
5149 9
5158 9
5136 9
5184 9
5190 9
5157 9
5119 9
5164 9
5230 9
5160 9
5204 9
5272 9
5235 9
5199 9
5264 9
5265 9
5290 9
5280 9
5338 9
5377 9
5330 9
5375 9
5384 9
5228 9
5287 9
5468 9
5417 9
5418 9
5472 9
5336 9
5485 9
5529 9
5428 9
5478 9
5466 9
5430 9
5576 9
5527 9
5541 9
5587 9
5645 9
5630 9
5670 9
5749 9
5636 9
5775 9
5598 9
5621 9
5779 9
5747 9
5774 9
5642 9
5758 9
5806 9
5845 9
5923 9
5929 9
5965 9
5962 9
6024 9
6023 9
6026 9
