1 2
1 66
1 430
2 3
2 118
3 98
3 428
4 5
4 610
4 613
5 476
5 591
6 7
6 626
6 641
7 8
7 672
8 9
8 479
9 669
9 670
10 11
10 541
10 669
11 12
11 478
12 13
12 477
13 468
13 542
14 15
14 467
14 468
15 16
15 576
16 17
16 540
17 18
17 655
18 19
18 139
19 20
19 659
20 410
20 792
21 22
21 408
21 409
22 23
22 406
23 24
23 408
24 25
24 405
25 26
25 403
26 27
26 401
27 28
27 407
28 29
28 777
29 158
29 159
30 31
30 309
30 799
31 32
31 159
32 33
32 134
33 34
33 799
34 241
34 802
35 202
35 239
35 802
36 38
36 256
36 269
37 38
37 265
37 304
38 266
39 40
39 299
39 306
40 175
40 176
41 176
41 262
41 313
42 43
42 264
42 307
43 44
43 183
44 45
44 184
45 46
45 170
46 47
46 183
47 48
47 168
48 49
48 56
49 50
49 243
50 51
50 52
51 53
51 56
52 203
52 227
53 120
53 229
54 55
54 119
54 188
55 56
55 161
57 723
58 59
58 61
58 747
59 437
59 724
60 61
60 62
60 703
61 436
62 63
62 726
63 64
63 434
64 65
64 675
65 66
65 432
66 67
67 118
67 674
68 69
68 98
68 116
69 71
69 613
70 71
70 83
70 97
71 591
72 73
72 96
72 99
73 74
73 317
74 75
74 101
75 316
75 331
76 77
76 191
76 331
77 78
77 82
78 297
78 315
79 80
79 250
79 251
80 229
80 789
81 249
81 259
81 789
82 259
82 260
83 84
83 572
84 95
84 96
85 95
85 571
85 572
86 396
86 454
86 571
87 88
87 396
87 473
88 451
88 469
89 90
89 448
89 451
90 92
90 343
91 92
91 254
91 372
92 394
93 94
93 394
93 395
94 352
94 454
95 454
96 352
97 98
97 100
99 101
99 102
100 102
100 517
101 103
102 516
103 104
103 331
104 353
104 425
105 107
105 191
105 353
106 288
106 289
106 794
107 290
107 363
108 109
108 167
108 803
109 110
109 365
110 111
110 292
111 112
111 784
112 393
113 114
114 115
115 424
116 117
116 574
117 118
117 491
119 120
119 189
120 789
121 122
121 222
121 782
122 123
122 225
123 124
123 294
124 310
124 781
125 220
125 224
125 340
126 127
126 443
126 772
127 341
127 380
128 221
128 460
128 515
129 130
129 221
129 471
130 131
130 570
131 132
131 467
132 133
132 461
133 136
133 780
134 160
134 242
135 136
135 160
135 777
136 466
137 138
137 466
137 775
138 139
138 540
139 410
140 141
140 405
140 604
141 594
141 606
142 397
142 594
142 809
143 144
143 399
143 809
144 145
144 642
145 146
145 627
146 147
146 400
147 148
147 464
148 149
148 422
149 150
149 521
150 151
150 462
151 152
151 287
152 153
152 334
153 303
153 449
154 156
154 411
154 452
155 156
155 305
155 325
156 157
157 158
157 401
158 267
159 160
161 162
161 212
162 188
162 192
163 192
163 213
163 214
164 214
164 291
164 330
165 167
165 193
165 330
166 167
166 291
166 803
168 169
168 212
169 213
169 273
170 171
170 273
171 184
171 329
172 186
172 187
172 328
173 174
173 344
173 371
174 312
174 320
175 312
175 318
176 265
177 255
177 256
177 808
178 199
178 770
178 808
179 180
179 198
179 199
180 181
180 806
181 207
181 210
182 210
182 211
182 806
183 244
184 185
185 186
185 264
186 314
187 298
187 371
188 795
189 249
189 793
190 248
190 288
190 794
191 261
192 796
193 216
193 292
194 195
194 196
194 209
195 203
195 243
196 197
196 205
197 206
197 208
198 207
198 235
199 200
200 201
200 234
201 202
201 258
202 237
203 204
204 205
204 245
205 206
206 247
207 208
208 209
209 210
211 244
211 308
212 213
214 274
215 274
215 275
215 330
216 275
216 373
217 218
217 223
217 231
218 219
218 790
219 220
219 224
220 773
221 461
222 223
222 226
223 782
224 781
225 228
225 251
226 227
226 230
227 228
228 229
230 231
230 245
231 232
232 236
232 790
233 234
233 236
233 246
234 235
235 247
236 237
237 238
238 239
238 804
239 240
240 241
240 445
241 242
242 780
243 244
245 246
246 247
248 249
248 260
250 259
250 297
251 296
252 253
252 295
252 347
253 254
253 341
254 342
255 265
255 805
256 257
257 272
257 770
258 770
258 801
260 261
261 288
262 263
262 805
263 264
263 298
266 268
266 270
267 268
267 309
268 305
269 270
269 272
270 271
271 309
271 798
272 800
273 274
275 276
276 277
276 329
277 279
277 382
278 279
278 281
278 327
279 384
280 323
280 336
280 337
281 337
281 386
282 283
282 391
282 519
283 284
283 420
284 345
284 520
285 286
285 322
285 520
286 287
286 332
287 335
289 290
289 796
290 291
292 393
293 295
293 296
293 315
294 295
294 310
296 297
298 313
299 300
299 346
300 301
300 318
301 302
301 333
302 303
302 324
303 326
304 305
304 306
306 346
307 308
307 805
308 807
310 311
311 340
311 341
312 313
314 327
314 328
315 348
316 349
316 378
317 352
317 378
318 319
319 320
319 333
320 321
321 332
321 344
322 323
322 344
323 345
324 325
324 346
325 326
326 452
327 329
328 336
332 335
333 334
334 335
336 371
337 338
338 339
338 388
339 345
339 519
340 772
342 343
342 380
343 447
347 348
347 372
348 349
349 350
350 351
350 372
351 378
351 394
353 354
354 355
354 379
355 356
355 425
356 357
356 441
357 358
357 427
358 359
358 457
359 360
359 429
360 538
360 597
361 431
361 597
361 676
362 676
363 364
363 379
364 365
364 803
365 786
366 379
366 441
366 786
367 368
367 455
367 783
368 369
368 456
369 785
369 787
370 785
370 788
373 374
373 382
374 375
374 392
375 376
375 439
376 377
376 412
377 414
377 465
380 381
381 442
381 446
382 383
383 384
383 412
384 385
385 386
385 413
386 387
387 389
387 415
388 389
388 390
389 596
390 391
390 519
391 637
392 393
392 423
395 396
395 451
397 398
397 522
398 399
398 453
399 400
400 464
401 402
402 403
402 411
403 404
404 405
404 595
406 604
406 792
407 408
407 776
409 410
409 775
411 522
412 413
413 414
414 415
415 416
416 417
416 596
417 524
417 652
418 419
418 652
418 696
419 596
419 653
420 421
420 645
421 521
421 628
422 627
422 628
423 424
423 439
425 426
426 427
426 516
427 518
428 429
428 518
429 430
430 431
431 432
432 434
433 434
433 435
433 676
435 436
435 690
436 437
437 438
439 440
440 465
441 455
442 443
442 460
443 444
444 445
444 779
445 804
446 447
446 515
447 448
448 470
449 450
449 462
450 452
450 453
453 463
455 456
456 457
457 458
458 459
458 538
459 787
460 778
461 778
462 463
463 464
465 523
466 539
467 539
468 570
469 470
469 471
470 515
471 472
472 473
472 477
473 474
474 475
474 478
475 476
475 571
476 626
477 570
478 479
479 626
480 481
480 587
480 672
481 482
481 492
482 483
482 560
483 484
483 590
484 485
484 715
485 486
485 494
486 487
486 496
487 494
487 617
488 489
488 490
488 616
489 617
489 700
490 491
490 575
491 673
492 493
492 641
493 590
493 612
494 590
495 617
495 618
495 746
496 744
496 754
497 498
497 558
497 744
498 499
498 758
499 500
499 501
500 625
500 758
501 722
501 756
502 555
502 688
502 722
503 504
503 687
503 755
504 505
504 731
505 506
505 537
506 507
506 743
507 509
507 640
508 509
508 510
508 678
509 714
510 511
510 635
511 512
511 609
512 607
512 644
513 514
513 607
513 810
514 642
514 809
516 517
517 518
520 521
522 595
523 525
524 525
524 527
526 527
526 636
526 652
528 529
528 599
528 636
529 601
529 741
530 531
530 694
530 695
531 741
531 742
532 694
532 742
532 761
533 749
533 762
533 764
534 748
534 750
534 763
535 536
535 624
535 750
536 537
536 755
537 639
538 593
539 540
541 542
541 578
542 543
543 544
543 576
544 545
544 677
545 577
545 771
546 547
546 569
546 771
547 548
547 551
548 549
548 660
549 550
549 552
550 689
550 791
551 568
551 797
552 553
552 568
553 740
553 769
554 555
554 556
554 584
555 732
556 728
556 739
557 558
557 722
557 728
558 711
559 560
559 708
559 715
560 561
561 587
561 717
562 563
562 587
562 588
563 716
563 717
564 565
564 589
564 716
565 566
565 583
566 567
566 582
567 568
567 740
569 677
569 797
572 591
573 574
573 611
573 613
574 575
575 615
576 577
577 655
578 579
578 669
579 580
579 671
580 581
580 677
581 582
581 589
582 797
583 584
583 739
584 740
585 586
585 716
585 739
586 718
586 727
588 589
588 671
592 593
593 597
594 595
598 599
598 654
599 600
600 601
601 602
602 603
603 737
604 605
605 606
605 662
606 810
607 608
608 609
608 666
609 667
610 611
610 641
611 614
612 614
612 616
614 615
615 616
618 619
618 702
619 620
619 746
620 753
620 757
621 622
621 745
621 753
622 623
622 766
623 624
623 763
624 625
625 756
627 633
628 646
629 630
629 640
629 678
630 631
630 649
631 632
631 639
632 699
632 750
633 634
633 643
634 635
634 647
635 644
636 696
637 638
637 645
638 648
638 653
639 640
642 643
643 644
645 650
646 647
646 650
647 678
648 651
648 691
649 651
649 698
650 651
653 691
655 656
656 659
656 771
657 663
657 664
657 679
658 664
658 665
658 679
659 660
660 663
661 662
661 663
661 792
662 664
665 666
665 810
666 681
667 668
667 684
668 714
668 729
670 671
670 672
673 674
673 700
674 675
675 726
679 689
680 681
680 689
680 768
681 682
682 683
682 684
683 686
683 768
684 729
685 686
685 687
685 733
686 731
687 688
688 733
691 692
692 695
692 697
693 694
693 697
693 749
695 696
697 698
698 699
699 748
700 701
701 702
701 726
702 703
703 704
704 747
704 757
705 720
705 721
705 747
706 721
706 759
706 760
707 721
707 751
707 761
708 709
708 712
709 710
709 718
710 711
710 713
711 727
712 713
712 715
713 744
714 743
717 718
719 720
719 736
719 752
720 724
723 724
725 736
727 728
729 730
730 731
730 743
732 733
732 769
734 735
734 741
734 752
735 736
735 737
737 738
742 751
745 746
745 754
748 749
751 752
753 765
754 758
755 756
757 759
759 765
760 762
760 767
761 762
763 764
764 767
765 766
766 767
768 791
769 791
772 773
773 774
774 790
774 804
775 776
776 777
778 779
779 780
781 782
783 784
783 785
784 786
787 788
793 794
793 795
795 796
798 799
798 800
800 801
801 802
806 807
807 808
