1 2
1 498
2 3
2 305
3 4
3 306
4 302
4 311
5 302
5 458
5 470
6 309
6 470
6 471
7 8
7 472
7 473
8 9
8 726
9 10
9 407
10 11
10 408
11 12
11 781
12 817
12 832
13 14
13 819
13 832
14 15
14 878
15 363
15 758
16 17
16 757
16 758
17 18
17 761
18 19
18 20
19 754
19 755
20 21
20 760
21 787
21 788
22 23
22 754
22 788
23 831
23 854
24 25
24 392
24 854
25 393
25 831
26 27
26 389
26 393
27 390
27 814
28 29
28 390
28 815
29 30
29 915
30 31
30 1052
31 32
31 914
32 33
32 951
33 889
33 890
34 47
34 891
34 959
35 36
35 48
35 962
36 940
36 941
37 38
37 567
37 941
38 39
38 932
39 850
39 912
40 41
40 912
40 931
41 42
41 660
42 44
42 658
43 44
43 45
43 931
44 1108
45 47
45 890
46 47
46 48
46 940
48 961
49 50
49 106
49 134
50 188
50 1077
51 178
51 179
51 284
52 53
52 84
52 179
53 54
53 178
54 177
54 315
55 513
55 1073
55 1083
56 57
56 514
56 1090
57 58
57 108
58 59
58 1095
59 339
59 1106
60 105
60 1053
60 1106
61 62
61 111
61 341
62 63
62 187
63 116
63 229
64 65
64 203
64 237
65 66
65 67
66 205
66 242
67 228
67 239
68 69
68 241
69 70
69 240
70 71
71 72
71 287
72 73
72 195
73 74
73 194
74 75
74 221
75 76
75 266
76 77
76 265
77 78
77 296
78 251
78 289
79 80
79 251
79 326
80 81
80 292
81 82
81 289
82 83
82 141
83 184
83 290
84 85
84 181
85 86
85 141
86 184
86 456
87 88
87 104
87 177
88 89
88 162
89 90
89 508
90 91
90 316
91 92
91 507
92 158
92 509
93 509
93 510
93 1071
94 510
94 529
94 559
95 528
95 529
95 1064
96 97
96 517
96 605
97 98
97 526
98 154
98 607
99 100
99 153
99 317
100 318
100 319
101 102
101 159
101 318
102 103
102 321
103 104
103 316
104 315
105 106
105 109
106 107
107 108
107 1106
108 1077
109 110
109 185
110 111
110 1053
111 187
112 113
112 452
112 453
113 115
113 118
114 115
114 121
114 488
115 452
116 117
116 453
117 118
117 230
118 120
119 120
119 204
119 329
120 121
121 122
122 123
122 330
123 124
123 489
124 125
124 672
125 331
125 674
126 233
126 676
126 729
127 235
127 477
127 728
128 129
128 477
128 610
129 130
129 209
130 131
130 496
131 313
131 431
132 133
132 431
134 135
134 189
135 185
135 190
136 137
136 219
136 220
137 138
137 212
138 139
138 221
139 218
139 265
140 182
140 183
140 265
141 183
142 143
142 320
142 466
143 319
143 480
144 145
144 483
144 485
145 146
145 465
146 718
146 747
147 148
147 395
147 747
148 323
148 718
149 150
149 733
149 751
150 151
150 647
151 614
151 643
152 504
152 605
152 642
153 155
153 503
154 503
154 642
155 506
155 606
156 157
156 506
156 507
157 158
157 606
158 1071
159 160
159 316
160 505
160 507
161 162
161 177
161 513
162 511
163 164
163 166
163 1083
164 165
164 1084
165 602
165 1089
166 603
166 1061
167 168
167 604
167 1060
168 169
168 347
169 743
169 884
170 171
170 883
170 884
171 172
171 743
172 173
172 1078
173 174
173 1079
174 736
174 786
175 342
175 734
175 742
176 342
176 737
176 786
178 1073
179 180
180 181
180 246
181 182
182 214
183 289
184 454
185 186
186 187
186 202
188 189
188 210
189 216
190 191
190 202
191 192
191 219
192 193
192 217
193 194
193 220
194 287
195 196
195 222
196 197
196 263
197 198
197 286
198 199
198 264
199 200
200 285
201 202
201 217
201 236
203 204
203 231
204 230
205 207
205 234
206 207
206 208
206 244
207 475
208 209
208 476
209 245
210 211
210 283
211 213
211 215
212 215
212 218
213 214
213 246
214 218
215 216
216 219
217 238
220 221
222 263
222 267
223 262
223 269
223 303
224 225
224 252
224 303
225 226
225 282
226 310
227 327
228 238
228 288
229 230
229 236
231 232
231 234
232 329
232 478
233 331
233 487
234 478
235 487
235 729
236 237
237 238
239 240
239 241
240 288
241 242
242 244
243 244
243 245
245 313
246 284
247 248
247 300
247 303
248 249
248 269
249 250
249 271
250 297
250 325
251 297
252 253
252 254
253 262
253 264
254 255
254 285
255 282
256 257
256 469
257 258
257 410
258 259
259 260
259 433
260 261
261 434
261 835
262 263
264 285
266 267
266 296
267 268
268 269
268 298
270 273
270 274
270 301
271 272
271 325
272 273
272 299
273 276
274 275
274 302
275 276
275 277
276 294
277 459
277 490
278 279
278 457
278 490
279 467
279 495
280 281
280 295
280 467
281 290
281 454
283 1077
283 1090
284 1072
287 288
290 291
291 292
291 295
292 293
293 294
293 457
294 326
295 457
296 298
297 298
299 300
299 301
300 310
301 311
304 305
304 310
304 311
305 327
306 307
306 497
307 308
307 470
308 309
308 468
309 608
312 314
315 456
317 318
317 505
319 321
320 321
320 455
322 323
322 642
322 644
323 324
324 643
324 733
325 326
327 328
329 330
330 331
332 333
332 489
332 1114
333 672
333 1113
334 335
334 336
334 734
335 501
335 1112
336 338
336 1080
337 338
337 340
337 1095
338 499
339 1053
339 1054
340 502
340 1054
341 453
341 1054
342 1080
343 735
343 786
343 1096
344 345
344 735
344 1103
345 346
345 1078
346 604
346 743
347 348
347 904
348 380
348 1060
349 380
349 952
349 1051
350 601
350 964
350 1051
351 375
351 600
351 980
352 536
352 597
352 980
353 377
353 597
353 980
354 355
354 379
354 1001
355 356
355 1058
356 357
356 949
357 358
357 945
358 386
358 948
359 361
359 384
359 866
360 361
360 870
360 935
361 756
362 363
362 757
362 935
363 364
364 879
364 895
365 366
365 800
365 899
366 367
366 860
367 369
367 801
368 369
368 371
368 860
369 859
370 371
370 875
370 942
371 858
372 874
372 905
372 950
373 873
373 950
373 963
374 375
374 376
374 871
375 963
376 377
376 867
377 379
378 379
378 866
378 949
380 381
381 904
381 905
382 867
382 870
382 871
383 384
383 386
383 929
384 948
385 386
385 387
385 391
387 944
387 945
388 389
388 392
388 920
389 918
390 918
391 855
391 928
392 943
393 394
394 749
394 813
395 397
395 748
396 397
396 398
396 831
397 746
398 399
398 788
399 400
399 745
400 401
400 787
401 464
401 725
402 403
402 725
402 752
403 404
403 405
404 461
404 493
405 406
405 790
406 407
406 473
407 789
408 409
408 432
409 411
409 726
410 411
410 609
411 727
412 433
412 818
412 835
413 414
413 820
413 835
414 822
414 836
415 824
415 836
415 837
416 837
416 902
417 436
417 826
417 827
418 419
418 437
418 827
419 420
419 812
420 421
420 439
421 422
421 845
422 423
422 440
423 424
423 843
424 425
424 441
425 768
425 770
426 427
426 442
426 770
427 428
427 443
428 430
429 430
429 431
429 496
432 727
432 817
433 727
434 435
435 836
437 438
438 439
439 440
441 442
443 444
443 769
444 496
444 610
445 610
445 611
445 807
446 448
446 611
446 807
447 448
447 449
447 791
448 677
449 739
449 816
450 451
450 805
450 903
451 829
451 883
452 502
454 455
455 456
458 459
458 471
459 460
460 490
460 491
461 491
461 671
462 463
462 494
462 725
463 485
463 515
464 465
464 485
465 745
466 467
466 486
468 469
468 497
469 609
471 472
472 671
473 671
475 476
475 479
476 477
478 479
479 487
480 481
480 486
481 482
481 503
482 483
482 515
483 644
484 486
484 495
484 516
488 489
488 500
491 492
492 493
492 495
493 494
494 516
497 498
499 500
499 1114
500 502
501 1113
501 1114
504 612
504 643
505 506
508 509
508 511
510 1085
511 512
512 513
512 1084
514 1081
514 1095
515 516
517 639
517 1062
518 617
518 619
518 670
519 520
519 669
519 670
520 620
520 694
521 522
521 695
521 722
522 696
522 1056
523 696
523 697
523 849
524 849
524 850
524 907
525 526
525 527
525 607
526 1062
527 528
527 1071
528 1063
529 530
530 531
530 1065
531 561
531 1068
532 560
532 561
532 1031
533 534
533 560
533 1097
534 535
534 558
535 536
535 1088
536 599
537 596
537 598
537 1076
538 539
538 596
538 1034
539 1036
539 1037
540 592
540 593
540 1032
541 591
541 592
541 1046
542 543
542 594
542 1041
543 1009
543 1010
544 545
544 1008
544 1023
545 1020
545 1048
546 575
546 576
546 1048
547 556
547 577
547 973
548 968
548 985
548 998
549 550
549 958
549 981
550 551
550 634
551 552
551 632
552 553
552 633
553 554
553 919
554 633
554 1098
555 557
555 581
555 636
556 557
556 984
557 578
558 559
558 1087
559 560
561 568
562 563
562 568
562 1068
563 564
563 1069
564 624
564 1102
565 566
565 622
565 1102
566 567
566 1092
567 933
568 569
569 570
569 1069
570 1024
570 1029
571 573
571 979
571 1024
572 574
572 1023
572 1048
573 574
573 1049
574 575
575 972
576 999
576 1018
577 578
577 1019
578 579
579 581
579 1015
580 581
580 1016
580 1098
582 583
582 923
582 1099
583 584
583 1014
584 925
584 927
585 586
585 1017
585 1025
586 587
586 1039
587 588
587 1047
588 589
588 992
589 590
589 991
590 1013
590 1043
591 1042
591 1043
592 1044
593 1034
593 1036
594 1030
594 1046
595 597
595 598
595 599
596 1037
598 1000
599 1076
600 601
600 1088
601 602
602 1086
603 604
603 1103
605 637
606 607
608 609
608 726
611 728
612 637
612 645
613 614
613 645
613 679
614 646
615 616
615 645
615 717
616 617
616 719
617 693
618 619
618 621
618 719
619 1100
620 722
620 1057
621 1101
621 1105
622 1067
622 1101
623 624
623 625
623 1070
624 933
625 626
625 1050
626 934
626 975
627 955
627 959
627 965
628 629
628 893
628 955
629 630
629 957
630 631
630 894
631 632
631 916
632 957
633 635
634 635
634 982
635 636
636 984
637 638
638 639
638 716
639 640
640 641
640 716
641 1104
641 1105
644 718
646 647
646 692
647 648
648 731
648 732
649 650
649 652
649 730
650 651
650 731
651 813
651 814
652 653
652 707
653 654
653 815
654 655
654 1052
655 708
655 888
656 657
656 853
656 888
657 658
657 852
658 1108
659 704
659 852
659 853
660 851
660 906
661 662
661 663
661 851
662 710
662 846
663 664
663 709
664 685
664 773
665 667
665 702
665 777
666 667
666 682
666 683
667 720
668 669
668 682
668 1057
669 680
670 693
672 673
673 675
673 1111
674 675
674 676
675 784
676 677
677 740
678 679
678 681
678 693
679 692
680 703
680 772
681 703
681 724
682 771
683 684
683 777
684 686
684 775
685 686
685 687
686 771
687 704
687 709
688 689
688 705
688 772
689 690
689 730
690 691
690 703
691 724
691 731
692 724
694 695
694 1091
695 1093
696 723
697 715
697 911
698 714
698 780
698 1055
699 700
699 783
699 1055
700 701
700 1056
701 782
701 1074
702 721
702 1074
704 705
705 706
706 707
706 730
707 708
708 853
709 830
710 711
710 834
711 712
711 846
712 713
712 780
713 714
713 910
714 715
715 723
716 717
717 719
720 721
720 1057
721 722
723 1055
728 729
732 751
732 813
733 748
734 785
735 1079
736 829
736 883
737 741
737 833
738 739
738 741
738 828
739 740
740 744
741 742
742 744
744 784
745 746
746 747
748 749
749 751
752 753
752 764
753 760
753 787
754 928
755 756
755 929
756 757
758 759
759 761
759 832
760 763
761 762
762 763
762 781
763 764
764 790
765 766
765 769
765 807
766 767
766 808
767 768
767 809
768 843
769 770
771 772
773 774
773 834
774 775
774 778
775 776
776 777
776 782
778 779
778 783
779 780
779 834
781 789
782 783
784 785
785 1111
789 790
791 792
791 808
792 794
792 842
793 794
793 816
793 856
794 838
795 796
795 801
795 802
796 797
796 840
797 798
797 886
798 799
798 901
799 826
799 900
800 897
800 900
801 901
802 803
802 840
803 857
803 859
804 805
804 856
804 876
805 806
806 816
806 828
808 809
809 810
810 842
810 844
811 812
811 845
811 877
812 887
814 815
817 818
818 820
819 820
819 821
821 822
821 878
822 823
823 824
823 881
824 825
825 897
825 902
826 902
827 887
828 833
829 833
830 851
830 852
838 839
838 857
839 840
839 841
841 877
841 886
842 877
843 844
844 845
846 847
847 848
847 906
848 908
848 910
849 908
850 1092
854 855
855 943
856 857
858 859
858 876
860 861
861 862
861 868
862 863
862 875
863 872
863 938
864 865
864 871
864 872
865 869
865 870
866 867
868 898
868 937
869 935
869 939
872 873
873 874
874 875
876 909
878 879
879 880
880 881
880 936
881 882
882 897
882 899
884 885
885 903
885 904
886 887
888 1110
889 913
889 1109
890 892
891 892
891 955
892 893
893 951
894 915
894 951
895 896
895 939
896 936
896 937
898 899
898 936
900 901
903 909
905 942
906 907
907 912
908 911
909 942
910 911
913 914
913 1110
914 1052
915 916
916 917
917 918
917 919
919 920
920 921
921 947
921 1099
922 924
922 946
922 947
923 924
923 925
924 993
925 926
926 927
926 1075
927 1017
928 929
930 931
930 932
930 940
932 941
933 934
934 962
937 938
938 939
943 944
944 947
945 946
946 987
948 949
950 964
952 953
952 1094
953 1059
953 1094
954 1061
954 1089
954 1094
956 957
956 958
956 965
958 968
959 960
960 961
960 974
961 962
963 964
965 966
966 967
966 974
967 968
967 969
969 970
969 976
970 977
970 998
971 972
971 998
971 1049
972 999
973 986
973 999
974 975
975 976
976 1050
977 978
977 1050
978 979
978 1049
979 1070
981 982
981 985
982 983
983 984
983 986
985 986
987 988
987 993
988 989
988 1058
989 990
989 994
990 993
990 1075
991 992
991 997
992 1017
994 996
994 1003
995 997
995 1043
995 1044
996 1035
996 1044
997 1075
1000 1001
1000 1037
1001 1002
1002 1003
1002 1035
1003 1058
1004 1005
1004 1014
1004 1025
1005 1006
1005 1022
1006 1021
1006 1026
1007 1008
1007 1021
1007 1027
1008 1028
1009 1027
1009 1028
1010 1011
1010 1041
1011 1012
1011 1040
1012 1013
1012 1042
1013 1047
1014 1016
1015 1016
1015 1022
1018 1019
1018 1020
1019 1022
1020 1021
1023 1024
1025 1026
1026 1038
1027 1040
1028 1029
1029 1030
1030 1031
1031 1032
1032 1033
1033 1034
1033 1097
1035 1036
1038 1039
1038 1040
1039 1047
1041 1045
1042 1045
1045 1046
1051 1089
1056 1074
1059 1060
1059 1061
1062 1063
1063 1104
1064 1065
1064 1104
1065 1066
1066 1067
1066 1107
1067 1105
1068 1107
1069 1070
1072 1073
1072 1090
1076 1097
1078 1079
1080 1096
1081 1082
1081 1096
1082 1083
1082 1103
1084 1085
1085 1086
1086 1087
1087 1088
1091 1093
1091 1100
1092 1093
1098 1099
1100 1101
1102 1107
1108 1109
1109 1110
1111 1112
1112 1113
