1 2
1 988
3 152
3 861
3 945
4 5
4 945
4 946
5 6
5 862
6 947
6 1103
7 8
7 947
7 1010
8 1082
8 1190
9 1126
9 1127
9 1190
10 11
10 1127
10 1128
11 12
11 1219
12 13
12 1263
13 14
13 832
14 15
14 1369
15 16
15 1264
16 1043
16 1476
17 18
17 1375
17 1428
18 19
18 1609
19 20
19 1321
20 21
20 1544
21 22
21 1270
22 23
22 1537
23 1269
23 1502
24 25
24 443
24 586
25 26
25 306
26 27
26 445
27 307
27 547
28 29
28 547
28 549
29 30
29 787
30 31
30 1019
31 310
31 312
32 33
32 313
32 1018
33 314
33 852
34 35
34 314
34 855
35 316
35 1246
36 139
36 1246
36 1247
37 388
37 1193
37 1247
38 386
38 389
38 1338
39 40
39 375
39 385
40 1338
40 1340
41 367
41 374
41 375
42 43
42 373
42 374
43 44
43 1465
44 45
44 1786
45 1758
45 1842
46 47
46 1759
46 1840
47 1742
47 1743
48 49
48 510
48 1743
49 50
49 1840
50 1841
50 1969
51 65
51 1467
51 1841
52 53
52 1467
52 1468
53 564
53 1785
54 562
54 568
54 1646
55 56
55 325
55 562
56 57
56 1469
57 58
57 1925
58 60
58 326
59 60
59 1469
59 2030
60 1929
61 63
61 2031
61 2051
62 64
62 567
62 1468
63 64
63 2043
64 65
65 1969
66 1659
67 68
67 69
67 758
68 1255
69 70
69 162
70 71
71 72
71 161
72 1585
72 1760
73 154
74 75
75 110
76 112
76 201
76 625
77 111
77 113
77 625
78 79
78 140
78 923
79 80
79 143
80 82
80 142
81 83
81 143
81 823
82 83
82 583
83 84
84 85
84 993
85 87
85 584
86 87
86 88
86 993
87 821
88 89
88 996
89 1132
89 1144
90 1133
90 1143
90 1144
91 92
91 999
91 1134
92 1117
92 1487
93 94
93 1230
93 1231
94 1775
94 1781
95 96
95 1231
95 1775
96 1234
96 1776
97 98
97 1235
97 1778
98 99
98 1779
99 1670
99 2021
100 101
100 109
100 2021
101 103
101 2075
102 103
102 2081
102 2083
103 497
104 496
104 2066
104 2081
105 2067
105 2068
105 2082
106 332
106 499
106 2069
107 500
107 1675
107 1677
108 1673
108 1677
108 1806
109 498
109 1806
110 112
110 201
111 112
111 687
113 114
113 924
114 140
114 624
115 116
115 199
115 622
116 580
116 585
117 118
117 817
117 818
118 578
118 580
119 121
119 226
119 593
120 121
120 123
120 577
121 224
122 123
122 124
122 230
123 229
124 125
124 126
125 231
125 525
126 179
126 180
127 128
127 182
127 533
128 129
128 258
129 130
129 183
130 131
130 257
131 133
131 543
132 133
132 539
132 685
133 541
134 397
134 785
134 786
135 136
135 789
135 851
136 393
136 1020
137 138
137 392
137 393
138 139
138 681
139 854
140 141
141 142
141 623
142 585
143 144
144 145
144 841
145 146
145 925
146 147
146 842
147 148
147 840
148 150
148 925
149 150
149 151
149 2092
150 2093
152 845
153 1648
154 1760
155 156
155 1762
155 1764
156 157
156 1746
157 475
157 1769
158 159
158 1620
158 1762
159 160
159 1815
160 161
160 1556
161 753
162 760
162 1557
163 164
163 1424
163 1518
164 165
165 166
165 1029
166 167
166 777
167 168
169 219
171 172
171 2095
172 217
172 2094
173 174
173 217
173 2091
174 202
174 203
175 176
175 202
175 218
176 220
176 416
177 178
177 227
177 416
178 179
178 429
179 229
180 181
180 406
181 182
181 524
182 404
183 403
183 545
184 185
184 303
184 545
185 301
185 401
186 300
186 301
186 435
187 188
187 434
187 435
188 298
188 304
189 190
189 297
189 304
190 191
190 442
191 192
191 529
192 305
192 443
193 443
194 195
194 219
194 220
195 196
195 409
196 197
196 222
197 291
197 419
198 199
198 200
198 288
199 621
200 622
200 642
201 642
202 415
203 208
203 413
204 205
204 215
204 216
205 206
205 408
206 295
206 410
207 294
207 295
207 442
208 415
208 425
209 210
209 425
209 428
210 211
210 426
211 212
211 523
212 213
212 414
213 411
213 433
214 215
214 410
214 413
215 2091
216 407
217 218
218 219
220 221
221 222
221 227
222 223
223 224
223 225
224 228
225 226
225 291
226 579
227 228
228 229
230 231
230 575
231 232
232 233
232 526
233 525
233 537
234 235
234 526
234 591
235 261
235 528
236 238
236 528
236 592
237 238
237 239
237 265
238 686
239 240
239 890
240 241
240 707
241 683
241 793
242 243
242 633
242 683
243 244
243 693
244 246
244 691
245 246
245 693
245 908
246 247
247 248
247 864
248 249
248 690
249 250
249 791
250 251
250 396
251 630
251 690
252 253
252 630
252 682
253 631
253 632
254 592
254 631
254 632
255 256
255 535
255 628
256 257
256 539
257 258
258 534
259 260
259 577
259 594
260 587
260 647
261 262
261 576
262 263
262 903
263 264
263 528
264 265
264 892
265 891
266 795
266 859
266 944
267 268
267 859
267 918
268 269
268 637
269 270
269 1013
270 271
270 639
271 272
271 805
272 273
272 806
273 992
273 1035
274 992
276 277
276 280
276 1326
277 1273
278 279
278 280
278 1164
279 281
279 1162
280 1267
281 282
281 1160
282 1159
282 1267
283 284
283 1130
283 1197
284 285
284 871
285 1092
287 418
288 293
288 420
289 290
289 421
289 621
290 291
290 578
292 293
292 642
294 424
295 296
296 412
296 442
297 412
297 432
298 432
298 434
299 300
299 433
299 523
300 434
301 302
302 303
302 427
303 402
304 309
305 306
305 309
306 307
307 787
308 309
308 311
308 436
310 311
310 846
311 787
312 439
312 1030
313 848
313 1030
314 315
315 317
315 1155
316 317
316 318
317 1156
318 319
318 1246
319 320
319 368
320 321
320 1156
321 322
321 558
322 1358
322 1364
323 569
323 1359
323 1363
324 325
324 568
324 1750
325 1897
326 1927
326 1930
327 328
327 1930
327 2042
328 329
328 1932
329 330
329 2063
330 331
330 2080
331 2008
331 2068
332 500
332 2009
333 334
333 1590
333 1592
334 335
334 1630
335 1594
335 1655
336 813
336 814
336 1631
337 811
337 813
337 1882
338 339
338 341
338 1406
339 662
339 812
340 341
340 342
340 1404
341 661
342 343
342 1403
343 344
343 1626
344 808
344 1311
345 346
345 962
345 963
346 347
346 1277
347 348
347 1399
348 349
348 350
349 964
349 1380
350 351
350 1398
351 352
351 1381
352 353
352 671
353 354
353 1664
354 1796
354 1816
355 1386
355 1845
355 1878
356 357
356 1392
356 1902
357 358
357 1705
358 1702
358 1704
359 360
359 1729
359 1730
360 1702
360 1791
361 514
361 1729
361 1740
362 363
362 1708
362 1728
363 1727
363 1755
364 365
364 380
364 1755
365 378
365 1461
366 367
366 377
366 1461
367 1465
368 369
368 1286
369 1335
369 1364
370 371
370 1335
370 1456
371 1337
371 1458
372 373
372 1783
372 1786
373 1460
374 1340
375 377
376 377
376 385
376 1254
378 379
378 1254
379 380
379 706
380 381
381 1625
381 1726
382 383
382 1695
382 1707
383 384
383 1728
384 1729
384 1868
385 386
386 387
387 1252
387 1253
388 389
388 1251
389 390
390 1286
390 1336
391 676
391 791
391 864
392 853
392 854
393 680
394 395
394 785
394 788
395 396
395 685
396 538
397 398
397 851
398 532
398 850
399 400
399 437
399 544
400 401
400 441
401 546
402 403
402 431
403 404
404 405
405 406
405 431
406 429
407 408
409 418
410 411
411 412
413 414
414 425
415 417
416 417
417 428
418 419
419 421
420 421
422 423
423 424
424 529
426 427
426 431
427 523
428 429
432 433
435 438
436 438
436 846
437 440
437 441
438 441
439 440
439 846
440 847
444 445
444 548
444 926
445 446
446 674
446 675
447 675
447 988
448 449
448 988
448 1061
449 1044
450 451
450 1044
450 1050
451 452
451 1063
452 1045
452 1065
453 782
453 783
453 1622
454 719
454 1724
454 1830
455 456
455 1244
455 1245
456 736
456 2012
457 459
457 737
457 1977
458 459
458 2013
458 2025
459 733
460 461
460 747
460 2025
461 741
461 2070
462 463
462 1994
462 2070
463 743
463 1997
464 465
464 1441
464 1997
465 466
465 1993
466 467
466 1439
467 468
467 1825
468 469
468 1993
469 470
469 1961
470 471
470 1826
471 472
471 1972
472 473
472 1903
473 474
473 1656
474 1555
474 1904
475 1620
475 1904
476 477
476 926
476 929
477 478
477 927
478 1215
478 1265
479 480
479 481
479 1280
480 1146
480 1376
481 482
481 1350
482 483
482 1377
483 484
483 1481
484 1351
484 1352
485 486
485 1479
485 1507
486 487
486 1480
487 1658
487 1718
488 489
488 1835
488 1898
489 1153
489 2010
490 492
490 1516
490 2010
491 492
491 1515
491 2004
492 2028
493 495
493 1949
493 2029
494 495
494 2006
494 2048
495 2073
496 2045
496 2048
497 498
497 2082
498 1678
499 1678
499 2082
500 501
501 1596
501 1675
502 503
502 1596
502 1771
503 505
503 2009
504 505
504 1935
504 2054
505 1772
506 507
506 1854
506 2056
507 508
507 2044
508 509
508 673
509 1745
509 1917
510 1744
510 1970
511 512
511 1735
511 1742
512 513
512 1920
513 514
513 1740
514 1730
515 1462
515 1464
515 1739
516 706
516 1178
516 1625
517 518
517 703
517 704
518 519
518 1410
519 520
519 1292
520 521
520 700
521 522
521 1161
522 699
522 1159
524 533
524 536
525 536
526 527
527 576
527 588
530 542
530 546
530 786
531 532
531 544
531 786
532 847
533 534
534 535
535 589
536 537
537 589
538 539
538 629
540 541
540 685
540 785
541 542
542 543
543 545
544 546
547 548
548 929
549 930
549 1016
550 552
550 931
550 1016
551 552
551 553
551 1155
552 932
553 554
553 1203
554 932
554 1353
555 556
555 557
555 1353
556 1361
556 1362
557 558
557 1203
558 1361
559 560
559 1485
559 1616
560 561
560 1601
561 1645
561 1646
562 563
563 564
563 1785
564 565
565 566
565 1469
566 567
566 1468
567 2030
568 1601
569 1601
569 1643
570 571
570 1644
570 1721
571 572
571 1809
572 573
572 1360
573 574
573 1356
574 1354
574 1362
575 577
575 587
576 906
578 579
579 616
580 621
581 582
581 585
581 818
582 583
582 819
583 584
584 820
586 674
587 588
588 648
589 590
590 591
590 628
591 592
593 615
593 617
594 595
594 617
595 596
595 647
596 618
596 619
597 598
597 619
597 797
598 600
598 645
599 600
599 644
599 1072
600 601
601 602
601 1121
602 603
602 649
603 1106
603 1206
604 605
604 606
604 1206
605 1107
605 1108
606 607
606 1208
607 608
607 1315
608 609
608 1139
609 1133
609 1209
610 611
610 1120
610 1209
611 613
611 1131
612 613
612 1011
612 1073
613 822
614 620
614 817
614 1011
615 616
615 620
616 817
617 618
618 860
619 644
620 860
622 623
623 624
624 625
627 628
627 629
627 631
629 630
632 686
633 634
633 793
634 635
634 692
635 856
635 912
636 879
636 912
636 915
637 914
637 915
638 639
638 914
638 952
639 640
640 641
640 941
641 886
641 992
643 644
643 860
643 1022
645 649
645 807
646 647
646 648
646 797
648 907
649 650
650 651
650 1106
651 652
651 1122
652 653
652 1200
653 654
653 1187
654 655
654 1271
655 656
655 1123
656 658
656 1310
657 658
657 1271
657 1272
658 1408
659 660
659 1408
659 1586
660 1627
660 1641
661 1626
661 1654
662 663
662 1654
663 1630
663 1655
664 665
664 815
664 1847
665 673
665 816
666 668
666 812
666 1882
667 668
667 1402
667 1881
668 1406
669 670
669 1402
669 1817
670 671
670 1816
671 810
672 814
672 1632
672 1852
673 1632
675 708
676 678
676 790
677 678
677 989
677 1100
678 1068
679 680
679 1020
679 1068
680 681
681 1193
682 689
682 691
683 689
684 862
684 1103
686 707
687 2092
689 707
690 691
692 693
692 909
694 869
694 889
694 940
695 696
695 869
695 1157
696 697
696 868
697 698
697 1158
698 699
698 1104
699 700
700 701
701 702
701 1090
702 703
702 1088
703 1250
704 1250
704 1365
705 706
705 1253
705 1365
708 709
708 926
709 927
709 1061
710 928
710 1063
710 1064
711 712
711 781
711 1067
712 713
712 1558
713 714
713 782
714 783
714 1559
715 720
715 783
715 784
716 784
716 1560
716 1561
717 718
717 1830
717 1914
718 734
718 1243
719 720
719 721
720 1642
721 722
721 1820
722 723
722 1642
723 724
723 775
724 1421
724 1611
725 726
725 774
725 1421
726 727
726 773
727 728
727 1357
728 771
728 1496
729 770
729 772
729 1623
730 1569
730 1573
730 1623
731 732
731 1580
731 1951
732 733
732 739
733 747
734 1245
734 1724
735 736
735 1245
735 1915
736 737
737 738
738 739
738 1583
739 1582
740 742
740 747
740 1952
741 742
741 743
742 754
743 744
744 745
744 1827
745 746
745 1997
746 1826
746 1993
748 755
748 1795
748 1952
749 750
749 1795
749 1950
750 751
750 757
751 752
751 1657
752 753
752 1556
753 760
754 755
754 1828
755 756
756 1657
756 1795
757 759
757 760
758 761
758 1557
759 1557
759 1794
761 764
761 1418
762 763
762 764
762 765
763 1418
763 1617
764 1793
765 766
765 1624
766 768
766 1814
767 768
767 769
767 1624
768 1572
769 770
769 1623
770 1423
771 772
771 773
772 1568
773 774
774 775
775 1725
776 777
776 1029
776 1357
777 778
778 1028
779 1027
779 1046
779 1323
780 781
780 1047
780 1323
781 1495
782 1422
784 1830
788 789
788 791
789 790
790 1020
792 793
792 794
792 856
794 795
794 857
795 890
796 797
796 798
796 807
798 956
798 1014
799 903
799 905
799 956
800 801
800 892
800 922
801 893
801 917
802 803
802 917
802 939
803 804
803 895
804 919
804 920
805 953
805 954
806 955
806 1035
807 957
808 809
808 1419
809 1400
809 1403
810 1398
810 1400
811 812
811 1655
813 1850
814 815
815 1883
816 1745
816 1849
818 822
819 820
819 822
820 821
821 1131
823 824
823 841
824 825
824 994
825 826
825 1080
826 1001
826 1259
827 828
827 1455
827 1474
828 1261
828 1429
829 830
829 1371
829 1429
830 831
830 1262
831 832
831 1369
832 833
833 834
833 1260
834 1213
834 1219
835 1212
835 1213
835 1218
836 837
836 1009
836 1191
837 1006
837 1008
838 839
838 1008
838 1024
839 840
839 1074
840 843
841 1080
842 1074
842 1078
843 1057
843 2093
844 845
844 2093
845 1023
847 848
848 849
849 850
849 852
850 853
851 853
852 855
854 855
856 857
857 858
858 859
858 915
861 862
863 864
863 887
863 989
865 866
865 1091
865 1100
866 867
866 1031
867 868
867 1104
868 889
869 990
870 871
870 877
870 949
871 1157
872 873
872 949
872 1092
873 874
873 948
874 875
874 951
875 884
875 1021
876 883
876 942
877 990
877 991
878 880
878 911
878 991
879 880
879 913
880 950
881 882
881 913
881 951
882 884
882 952
883 884
885 943
886 943
887 888
887 908
888 889
888 1031
890 891
891 922
892 904
893 894
893 902
894 895
894 1054
895 896
896 920
896 987
897 920
897 953
897 1094
898 899
898 955
898 1036
899 900
899 1194
900 901
900 1195
901 921
901 1037
902 904
902 1101
903 906
904 905
905 1058
906 907
907 956
908 940
909 910
909 940
910 911
910 990
911 912
913 914
916 917
916 922
916 944
918 919
918 1013
919 939
921 1038
923 924
923 925
924 2092
927 928
928 1145
929 930
930 1214
931 933
931 1214
932 934
933 934
933 1349
934 935
935 1314
935 1355
936 937
936 1508
936 1567
937 938
937 1356
938 1510
938 1809
939 944
941 942
941 952
942 943
945 1023
946 947
946 1025
948 950
948 1012
949 1012
950 951
953 1013
954 955
954 1181
957 1014
957 1122
958 960
958 1015
958 1105
959 960
959 1124
959 1186
960 961
961 1059
961 1060
962 1060
962 1275
963 1330
963 1419
964 965
964 969
965 984
965 1277
966 969
966 983
966 1205
967 1096
967 1185
967 1205
968 1181
968 1185
968 1194
969 970
970 971
970 1378
971 972
971 1309
972 1379
972 1472
973 974
973 1407
973 1472
974 975
974 1619
975 976
975 1425
976 1523
977 978
978 1712
979 1426
980 981
980 1341
980 1426
981 1098
981 1099
982 1098
982 1309
982 1407
983 1096
983 1309
984 985
984 1204
985 1056
985 1276
986 987
986 1055
986 1204
987 1093
989 1031
991 1012
993 994
994 995
995 996
995 1001
996 997
997 998
997 1119
998 999
998 1118
999 1144
1000 1117
1000 1118
1000 1230
1001 1119
1002 1003
1002 1210
1002 1287
1003 1004
1003 1224
1004 1005
1004 1211
1005 1007
1005 1223
1006 1007
1006 1076
1007 1192
1008 1075
1009 1010
1009 1025
1010 1188
1011 1022
1014 1015
1015 1058
1016 1017
1017 1018
1017 1019
1018 1155
1019 1030
1022 1072
1023 1057
1024 1025
1024 1057
1027 1028
1028 1324
1029 1496
1032 1033
1032 1328
1032 1832
1033 1034
1033 1867
1036 1037
1037 1038
1039 1040
1039 1085
1039 1278
1040 1041
1040 1129
1041 1042
1041 1318
1042 1043
1042 1264
1043 1344
1044 1062
1045 1046
1045 1047
1046 1052
1047 1066
1048 1049
1049 1051
1050 1051
1050 1052
1052 1053
1054 1055
1054 1101
1055 1056
1056 1216
1058 1182
1059 1182
1059 1217
1060 1298
1061 1062
1062 1063
1064 1065
1064 1300
1065 1066
1066 1067
1067 1347
1068 1069
1069 1070
1069 1087
1070 1071
1070 1248
1071 1193
1071 1251
1072 1073
1073 1120
1074 1075
1075 1077
1076 1077
1076 1211
1077 1078
1078 1079
1079 1080
1079 1258
1081 1082
1081 1103
1082 1126
1083 1084
1083 1126
1084 1086
1084 1127
1085 1086
1086 1128
1087 1089
1087 1100
1088 1089
1088 1091
1089 1248
1090 1091
1090 1104
1093 1094
1093 1095
1094 1181
1095 1204
1095 1205
1096 1097
1097 1098
1097 1184
1099 1183
1099 1274
1101 1102
1102 1182
1102 1216
1105 1122
1105 1186
1106 1107
1107 1199
1108 1109
1108 1315
1109 1199
1109 1272
1110 1272
1110 1316
1110 1586
1111 1142
1111 1587
1111 1665
1112 1317
1112 1665
1112 1666
1113 1114
1113 1473
1113 1801
1114 1115
1114 1233
1115 1116
1115 1488
1116 1117
1116 1232
1118 1291
1119 1332
1120 1121
1121 1207
1123 1124
1123 1187
1124 1125
1125 1297
1125 1368
1128 1129
1129 1263
1130 1198
1130 1267
1131 1132
1132 1133
1134 1135
1134 1143
1135 1136
1135 1140
1136 1137
1136 1487
1137 1138
1137 1317
1138 1473
1138 1671
1139 1140
1139 1143
1140 1141
1141 1142
1141 1317
1142 1316
1145 1265
1145 1299
1146 1147
1146 1299
1147 1348
1147 1376
1148 1149
1148 1377
1148 1481
1149 1494
1149 1636
1150 1151
1150 1477
1150 1636
1151 1482
1151 1638
1152 1153
1152 1483
1152 1938
1153 1940
1154 1944
1154 2010
1154 2040
1156 1203
1157 1197
1158 1159
1158 1197
1160 1161
1160 1162
1161 1292
1162 1163
1163 1165
1163 1294
1164 1165
1164 1166
1165 1295
1166 1296
1166 1302
1167 1168
1167 1296
1167 1303
1168 1169
1169 1170
1169 1471
1170 1171
1170 1305
1171 1172
1171 1521
1172 1306
1172 1694
1173 1174
1173 1752
1173 1754
1174 1498
1174 1687
1175 1176
1175 1417
1175 1754
1176 1177
1176 1698
1177 1178
1177 1412
1178 1179
1179 1365
1179 1411
1180 1198
1183 1341
1184 1185
1184 1196
1186 1187
1188 1189
1188 1212
1189 1190
1189 1218
1191 1192
1191 1212
1192 1221
1194 1195
1195 1196
1198 1273
1199 1200
1200 1271
1201 1202
1201 1320
1202 1278
1202 1318
1206 1207
1207 1208
1208 1209
1210 1258
1210 1259
1211 1258
1213 1220
1214 1215
1215 1279
1216 1217
1217 1275
1218 1219
1220 1221
1220 1225
1221 1223
1222 1223
1222 1224
1222 1226
1224 1281
1225 1226
1225 1260
1226 1227
1227 1261
1227 1282
1228 1229
1228 1454
1228 1474
1229 1288
1229 1634
1230 1334
1231 1232
1232 1233
1233 1234
1234 1859
1235 1805
1235 1893
1236 1966
1236 1967
1236 1992
1237 1965
1237 1966
1237 2049
1238 1239
1238 1942
1238 2049
1239 1240
1239 1984
1240 1241
1240 1964
1241 1976
1241 1986
1242 1243
1242 1564
1242 1986
1243 1244
1244 1976
1247 1286
1248 1249
1249 1251
1249 1252
1250 1252
1253 1254
1255 1584
1256 1519
1256 1584
1259 1331
1260 1262
1261 1262
1263 1264
1265 1279
1269 1270
1269 1285
1270 1427
1275 1276
1276 1277
1279 1280
1280 1349
1281 1282
1281 1287
1282 1474
1283 1284
1284 1285
1284 1502
1285 1420
1287 1288
1288 1289
1289 1290
1289 1331
1290 1291
1290 1333
1291 1332
1292 1293
1293 1294
1293 1366
1294 1295
1295 1413
1296 1470
1297 1298
1297 1486
1298 1330
1299 1300
1300 1347
1301 1325
1301 1421
1301 1495
1302 1303
1302 1326
1305 1306
1305 1497
1306 1307
1307 1308
1308 1329
1308 1685
1310 1367
1310 1368
1311 1330
1311 1486
1312 1313
1312 1349
1312 1350
1313 1314
1313 1504
1314 1567
1315 1316
1318 1319
1319 1320
1319 1344
1320 1346
1321 1322
1321 1427
1322 1346
1322 1428
1323 1324
1324 1325
1325 1357
1327 1328
1328 1821
1329 1821
1331 1332
1333 1334
1333 1634
1334 1711
1335 1336
1336 1337
1337 1339
1338 1339
1339 1602
1340 1602
1341 1342
1343 1344
1343 1428
1343 1503
1345 1346
1345 1475
1347 1348
1348 1494
1350 1351
1351 1504
1352 1478
1352 1505
1353 1354
1354 1355
1355 1484
1356 1484
1358 1359
1358 1361
1359 1485
1360 1363
1360 1643
1362 1363
1364 1456
1366 1410
1366 1414
1367 1409
1367 1501
1368 1486
1369 1370
1370 1371
1370 1476
1371 1372
1372 1373
1372 1431
1373 1374
1373 1610
1374 1476
1374 1503
1375 1503
1375 1603
1376 1377
1378 1379
1378 1380
1379 1524
1380 1381
1381 1529
1382 1383
1382 1526
1382 1664
1383 1384
1383 1796
1384 1385
1384 1663
1385 1387
1385 1530
1386 1388
1386 1797
1387 1388
1387 1799
1388 1798
1389 1390
1389 1798
1389 1878
1390 1391
1390 1902
1391 1901
1391 1955
1392 1393
1392 1901
1393 1702
1393 1900
1394 1395
1394 1900
1394 1918
1395 1697
1395 1899
1396 1689
1396 1697
1396 1832
1397 1867
1397 1870
1397 1871
1398 1399
1399 1419
1400 1401
1401 1402
1401 1405
1403 1404
1404 1405
1405 1406
1407 1425
1408 1409
1409 1500
1410 1411
1411 1412
1412 1416
1413 1414
1413 1470
1414 1415
1415 1416
1415 1520
1416 1417
1417 1498
1418 1584
1422 1495
1422 1611
1423 1424
1423 1496
1424 1618
1425 1426
1427 1475
1429 1430
1430 1431
1430 1455
1431 1432
1432 1433
1432 1598
1433 1599
1433 1610
1434 1435
1434 1547
1434 1600
1435 1436
1435 1822
1436 1437
1436 1829
1437 1438
1437 1824
1438 1439
1438 1885
1439 1440
1440 1441
1440 1886
1441 2034
1442 1443
1442 1888
1442 1895
1443 1890
1443 1996
1444 1989
1444 2019
1444 2072
1445 1446
1445 1892
1445 2037
1446 1447
1446 1776
1447 1889
1447 1963
1448 1450
1448 1894
1448 1963
1449 1450
1449 1451
1449 1781
1450 1683
1451 1452
1451 1635
1452 1684
1452 1782
1453 1454
1453 1679
1453 1782
1454 1597
1455 1597
1456 1457
1457 1485
1457 1615
1458 1459
1458 1615
1459 1460
1459 1602
1460 1645
1461 1462
1462 1463
1463 1464
1463 1465
1464 1758
1466 1467
1466 1784
1466 1787
1470 1471
1471 1520
1472 1522
1473 1488
1477 1478
1477 1481
1478 1479
1479 1480
1480 1482
1482 1811
1483 1811
1483 1898
1484 1567
1487 1488
1491 1492
1491 1502
1491 1537
1492 1621
1493 1541
1493 1652
1494 1558
1498 1647
1500 1501
1500 1627
1501 1626
1504 1506
1505 1506
1505 1507
1506 1509
1507 1717
1508 1509
1508 1510
1509 1717
1510 1749
1511 1512
1511 1719
1511 1749
1512 1513
1512 1838
1513 1514
1513 1720
1514 1515
1514 1723
1515 1516
1516 1836
1517 1717
1517 1718
1517 1749
1518 1519
1519 1617
1520 1521
1521 1647
1522 1525
1522 1660
1523 1619
1523 1714
1524 1525
1524 1529
1525 1526
1526 1663
1527 1528
1527 1766
1527 1818
1528 1819
1529 1664
1530 1531
1530 1799
1531 1532
1531 1766
1532 1533
1532 1693
1533 1534
1533 1924
1534 1535
1534 1962
1535 1953
1536 1621
1537 1538
1538 1539
1538 1544
1539 1540
1539 1621
1540 1633
1540 1652
1541 1542
1541 1633
1542 1543
1542 1767
1543 1649
1543 1768
1544 1545
1545 1551
1545 1606
1546 1547
1546 1604
1546 1605
1547 1548
1548 1549
1548 1608
1549 1716
1549 1822
1550 1906
1550 1922
1550 1972
1551 1552
1551 1633
1552 1607
1552 1767
1553 1554
1553 1715
1553 1767
1554 1770
1554 1907
1555 1556
1555 1620
1558 1559
1559 1560
1560 1637
1561 1562
1561 1914
1562 1563
1562 1713
1563 1640
1563 1863
1564 1862
1564 1864
1565 1566
1565 1640
1565 1862
1566 1938
1566 1939
1568 1569
1568 1725
1569 1570
1570 1571
1570 1613
1571 1573
1571 1866
1572 1573
1572 1574
1574 1575
1574 1578
1575 1576
1575 1814
1576 1794
1576 1950
1577 1578
1577 1950
1577 1951
1578 1579
1579 1580
1579 1866
1580 1582
1581 1582
1581 1583
1581 1614
1583 1916
1586 1587
1587 1641
1588 1628
1588 1641
1588 1665
1589 1590
1589 1628
1589 1773
1590 1858
1591 1592
1591 1593
1591 1595
1592 1710
1593 1594
1593 1771
1594 1850
1595 1596
1595 2020
1597 1598
1598 1679
1599 1600
1599 1680
1600 1747
1603 1604
1603 1609
1604 1610
1605 1606
1605 1608
1606 1609
1607 1608
1607 1715
1611 1622
1612 1613
1612 1725
1612 1820
1613 1865
1614 1865
1614 1866
1615 1616
1616 1645
1617 1618
1618 1624
1619 1660
1622 1642
1625 1698
1627 1653
1628 1629
1629 1630
1629 1653
1631 1851
1631 1852
1632 1854
1634 1635
1635 1711
1636 1637
1637 1713
1638 1639
1638 1713
1639 1640
1639 1811
1643 1644
1644 1750
1646 1783
1647 1687
1648 1649
1649 1650
1650 1651
1651 1746
1651 1768
1653 1654
1656 1657
1656 1828
1658 1835
1658 1898
1660 1662
1661 1712
1661 1714
1661 1818
1662 1714
1662 1765
1663 1765
1666 1671
1666 1773
1667 1668
1667 1672
1667 1802
1668 1774
1668 1912
1669 1670
1669 1674
1669 1805
1670 1806
1671 1801
1672 1804
1672 1913
1673 1674
1673 1676
1674 1913
1675 1676
1676 2020
1677 1678
1679 1680
1680 1681
1681 1747
1681 1860
1682 1684
1682 1782
1682 1860
1683 1684
1683 1973
1685 1686
1685 1688
1686 1694
1686 1751
1687 1694
1688 1788
1688 1831
1689 1788
1689 1831
1690 1691
1690 1834
1690 1899
1691 1692
1691 1954
1692 1918
1692 1955
1693 1800
1693 1962
1695 1696
1695 1792
1696 1753
1696 1868
1697 1790
1698 1699
1699 1700
1699 1726
1700 1701
1700 1754
1701 1707
1701 1792
1703 1704
1703 1731
1703 1921
1704 1730
1705 1731
1705 1880
1706 1846
1706 1908
1706 1919
1707 1708
1708 1727
1709 1710
1709 1858
1709 1912
1710 2020
1711 1781
1715 1716
1716 1856
1718 1719
1719 1720
1720 1836
1721 1810
1721 1896
1722 1723
1722 1838
1722 1974
1723 2011
1724 1839
1726 1727
1728 1737
1731 1732
1732 1733
1732 1909
1733 1848
1733 1921
1734 1847
1734 1849
1734 1920
1735 1736
1735 1849
1736 1744
1736 1745
1737 1738
1737 1741
1738 1739
1738 1756
1739 1755
1740 1741
1741 1757
1742 1757
1743 1744
1747 1829
1748 1861
1748 1887
1748 1973
1750 1896
1751 1752
1751 1789
1752 1792
1753 1789
1753 1790
1756 1757
1756 1759
1758 1759
1760 1815
1761 1762
1761 1763
1761 1815
1765 1766
1768 1769
1769 1770
1770 1905
1771 2033
1772 1855
1772 2033
1773 1774
1774 1858
1775 1963
1776 1777
1777 1778
1777 1893
1778 2037
1779 1780
1779 2038
1780 2022
1780 2089
1783 1784
1784 1785
1786 1787
1787 1843
1788 1789
1790 1869
1791 1868
1791 1869
1793 1794
1793 1814
1796 1797
1797 1844
1798 1956
1799 1800
1800 1956
1801 1802
1802 1803
1803 1804
1803 1859
1804 1805
1807 1808
1807 1968
1807 2077
1808 2002
1808 2024
1809 1837
1810 1837
1810 1974
1812 1813
1812 1820
1812 1839
1813 1865
1813 1916
1816 1844
1817 1844
1817 1845
1818 1819
1821 1831
1822 1823
1823 1824
1823 1856
1824 1825
1825 1923
1826 1827
1827 1828
1829 1884
1832 1870
1833 1834
1833 1870
1833 1899
1834 1872
1835 1836
1837 1838
1839 1915
1840 1842
1841 1843
1842 1843
1845 1846
1846 1881
1847 1848
1848 1911
1850 1851
1851 2033
1852 1855
1853 1854
1853 1855
1853 2054
1856 1857
1857 1907
1857 1923
1859 1893
1860 1861
1861 1884
1862 1863
1863 1914
1864 1939
1864 1986
1867 1877
1869 1900
1871 1872
1872 1873
1873 1874
1874 1875
1874 1954
1875 1876
1875 1957
1876 1953
1876 1959
1878 1879
1879 1880
1879 1919
1880 1902
1881 1908
1882 1883
1883 1910
1884 1885
1885 1886
1886 1887
1887 1888
1888 2035
1889 1890
1889 1895
1890 1891
1891 1892
1891 2071
1892 1998
1894 1895
1894 1973
1896 1897
1897 1925
1901 1918
1903 1904
1903 1905
1905 1906
1906 1907
1908 1910
1909 1911
1909 1919
1910 1911
1912 1913
1915 1916
1917 1971
1917 2044
1920 1921
1922 1923
1922 1961
1925 1926
1926 1927
1926 1974
1927 1928
1928 2041
1928 2042
1929 1930
1929 1932
1931 1932
1931 1933
1931 2032
1933 2055
1933 2063
1934 1935
1934 2052
1934 2053
1935 1936
1936 1937
1936 2009
1937 2008
1937 2069
1938 1940
1939 1975
1940 1943
1941 1942
1941 1945
1941 1965
1942 1964
1943 1944
1943 1975
1944 1945
1945 1946
1946 1947
1946 2040
1947 1948
1947 1965
1948 1949
1948 2064
1949 2073
1951 1952
1954 1960
1955 1958
1956 1958
1958 1960
1959 1960
1959 1962
1961 1972
1964 1975
1966 2064
1967 1968
1967 2065
1968 2003
1969 1970
1970 1971
1971 2043
1976 1985
1977 1978
1977 2012
1978 1979
1978 2013
1979 1980
1979 1983
1980 1981
1980 2016
1981 1982
1981 1987
1982 1983
1982 2079
1983 1984
1984 1985
1985 2012
1987 1990
1987 2084
1988 1989
1988 1990
1988 2018
1989 2087
1990 1991
1991 1992
1991 2090
1992 2079
1994 1995
1994 2034
1995 2036
1995 2060
1996 2036
1996 2059
1998 1999
1998 2088
1999 2038
1999 2089
2000 2001
2000 2087
2000 2088
2001 2002
2001 2039
2002 2003
2003 2090
2004 2005
2004 2011
2005 2041
2005 2047
2006 2007
2006 2047
2007 2042
2007 2074
2008 2052
2011 2041
2013 2016
2014 2015
2014 2027
2014 2061
2015 2060
2015 2085
2016 2062
2017 2018
2017 2084
2017 2085
2018 2086
2019 2058
2019 2086
2021 2022
2022 2023
2023 2024
2023 2039
2024 2075
2025 2026
2026 2027
2026 2061
2027 2070
2028 2029
2028 2040
2029 2047
2030 2031
2031 2032
2032 2057
2034 2035
2035 2036
2037 2038
2039 2089
2043 2050
2044 2050
2045 2046
2045 2083
2046 2073
2046 2078
2048 2066
2049 2079
2050 2051
2051 2057
2052 2063
2053 2054
2053 2055
2055 2056
2056 2057
2058 2059
2058 2060
2059 2071
2061 2062
2062 2084
2064 2065
2065 2078
2066 2074
2067 2080
2067 2081
2068 2069
2071 2072
2072 2088
2074 2080
2075 2076
2076 2077
2076 2083
2077 2078
2085 2086
2087 2090
2091 2094
