1078 8
1090 8
1044 8
1054 8
1098 8
1126 8
1123 8
1096 8
1099 8
1136 8
1153 8
1157 8
1138 8
1155 8
1172 8
1151 8
1174 8
1175 8
1180 8
1168 8
1182 8
1156 8
1198 8
1201 8
1167 8
1197 8
1210 8
1196 8
1179 8
1213 8
1203 8
1200 8
1211 8
1217 8
1226 8
1199 8
1225 8
1233 8
1221 8
1232 8
1223 8
1227 8
1192 8
1239 8
1212 8
1241 8
1243 8
1252 8
1242 8
1253 8
1220 8
1256 8
1255 8
1260 8
1248 8
1257 8
1264 8
1266 8
1270 8
1278 8
1263 8
1282 8
1273 8
1287 8
1285 8
1271 8
1288 8
1279 8
1277 8
1281 8
1235 8
1274 8
1294 8
1286 8
1298 8
1300 8
1284 8
1311 8
1312 8
1296 8
1322 8
1319 8
1316 8
1302 8
1331 8
1333 8
1320 8
1327 8
1335 8
1336 8
1326 8
1317 8
1337 8
1344 8
1340 8
1324 8
1301 8
1328 8
1349 8
1338 8
1321 8
1361 8
1366 8
1355 8
1354 8
1363 8
1364 8
1372 8
1378 8
1371 8
1353 8
1379 8
1376 8
1375 8
1369 8
1383 8
1389 8
1370 8
1373 8
1374 8
1385 8
1380 8
1358 8
1397 8
1404 8
1394 8
1395 8
1403 8
1408 8
1405 8
1410 8
1414 8
1420 8
1387 8
1431 8
1412 8
1418 8
1416 8
1430 8
1424 8
1425 8
1440 8
1433 8
1452 8
1439 8
1445 8
1454 8
1465 8
1468 8
1442 8
1436 8
1458 8
1443 8
1477 8
1478 8
1466 8
1444 8
1475 8
1435 8
1479 8
1493 8
1469 8
1488 8
1476 8
1483 8
1480 8
1492 8
1496 8
1487 8
1505 8
1497 8
1510 8
1501 8
1448 8
1482 8
1495 8
1502 8
1494 8
1513 8
1525 8
1523 8
1519 8
1517 8
1526 8
1529 8
1490 8
1532 8
1514 8
1508 8
1538 8
1554 8
1551 8
1545 8
1542 8
1546 8
1557 8
1537 8
1559 8
1562 8
1556 8
1558 8
1552 8
1574 8
1571 8
1543 8
1570 8
1544 8
1572 8
1590 8
1561 8
1569 8
1577 8
1580 8
1604 8
1609 8
1587 8
1582 8
1610 8
1596 8
1578 8
1585 8
1584 8
1607 8
1615 8
1616 8
1611 8
1573 8
1629 8
1591 8
1622 8
1627 8
1617 8
1625 8
1624 8
1638 8
1588 8
1632 8
1642 8
1599 8
1603 8
1649 8
1641 8
1657 8
1658 8
1646 8
1663 8
1667 8
1670 8
1676 8
1682 8
1651 8
1645 8
1672 8
1683 8
1674 8
1678 8
1666 8
1654 8
1677 8
1665 8
1661 8
1686 8
1697 8
1656 8
1700 8
1687 8
1692 8
1679 8
1702 8
1714 8
1710 8
1699 8
1701 8
1712 8
1713 8
1711 8
1671 8
1695 8
1720 8
1706 8
1735 8
1733 8
1727 8
1722 8
1731 8
1730 8
1726 8
1738 8
1724 8
1736 8
1743 8
1739 8
1749 8
1761 8
1752 8
1746 8
1754 8
1751 8
1704 8
1755 8
1763 8
1776 8
1771 8
1756 8
1772 8
1741 8
1767 8
1779 8
1774 8
1740 8
1758 8
1783 8
1787 8
1773 8
1766 8
1791 8
1808 8
1806 8
1769 8
1807 8
1801 8
1802 8
1815 8
1790 8
1799 8
1793 8
1803 8
1819 8
1818 8
1830 8
1836 8
1812 8
1834 8
1817 8
1821 8
1832 8
1840 8
1849 8
1823 8
1828 8
1824 8
1810 8
1831 8
1843 8
1825 8
1827 8
1844 8
1868 8
1842 8
1875 8
1877 8
1848 8
1862 8
1829 8
1880 8
1853 8
1859 8
1864 8
1888 8
1869 8
1893 8
1882 8
1902 8
1860 8
1889 8
1900 8
1891 8
1898 8
1908 8
1914 8
1915 8
1917 8
1886 8
1912 8
1928 8
1899 8
1916 8
1913 8
1918 8
1921 8
1930 8
1924 8
1867 8
1904 8
1927 8
1939 8
1923 8
1933 8
1906 8
1949 8
1929 8
1919 8
1942 8
1910 8
1957 8
1931 8
1950 8
1968 8
1964 8
1967 8
1948 8
1965 8
1982 8
1983 8
1990 8
1976 8
1981 8
1979 8
1977 8
1969 8
1996 8
1962 8
1984 8
1980 8
1974 8
2004 8
1963 8
2006 8
2008 8
1970 8
2003 8
2021 8
2018 8
2013 8
2017 8
1975 8
2024 8
2009 8
1978 8
1999 8
2012 8
2023 8
2027 8
2032 8
2034 8
2029 8
2001 8
2035 8
2000 8
2030 8
2047 8
2025 8
2046 8
2005 8
2039 8
2037 8
2055 8
2057 8
2048 8
2069 8
2070 8
2061 8
2058 8
2076 8
2072 8
2062 8
2073 8
2059 8
2050 8
2026 8
2038 8
2071 8
2083 8
2086 8
2079 8
2093 8
2066 8
2068 8
2091 8
2089 8
2100 8
2085 8
2065 8
2106 8
2094 8
2082 8
2097 8
2121 8
2123 8
2116 8
2103 8
2114 8
2131 8
2126 8
2135 8
2111 8
2140 8
2132 8
2109 8
2133 8
2130 8
2141 8
2115 8
2148 8
2128 8
2102 8
2145 8
2159 8
2161 8
2144 8
2165 8
2162 8
2142 8
2146 8
2166 8
2176 8
2160 8
2177 8
2156 8
2152 8
2178 8
2155 8
2181 8
2182 8
2179 8
2172 8
2197 8
2180 8
2184 8
2171 8
2187 8
2196 8
2157 8
2209 8
2210 8
2200 8
2203 8
2154 8
2189 8
2191 8
2199 8
2186 8
2224 8
2214 8
2218 8
2227 8
2228 8
2229 8
2219 8
2233 8
2194 8
2222 8
2245 8
2192 8
2246 8
2207 8
2225 8
2223 8
2239 8
2226 8
2251 8
2256 8
2243 8
2240 8
2258 8
2234 8
2255 8
2264 8
2266 8
2259 8
2269 8
2273 8
2252 8
2271 8
2268 8
2281 8
2290 8
2276 8
2262 8
2277 8
2283 8
2280 8
2292 8
2291 8
2295 8
2304 8
2287 8
2286 8
2306 8
2299 8
2307 8
2308 8
2317 8
2270 8
2316 8
2328 8
2326 8
2324 8
2309 8
2318 8
2319 8
2325 8
2337 8
2338 8
2339 8
2314 8
2296 8
2322 8
2342 8
2302 8
2350 8
2348 8
2347 8
2351 8
2329 8
2315 8
2360 8
2353 8
2365 8
2371 8
2344 8
2367 8
2366 8
2372 8
2376 8
2363 8
2341 8
2375 8
2384 8
2357 8
2379 8
2393 8
2387 8
2377 8
2401 8
2321 8
2383 8
2398 8
2373 8
2410 8
2394 8
2407 8
2414 8
2388 8
2406 8
2409 8
2391 8
2419 8
2422 8
2421 8
2381 8
2423 8
2362 8
2429 8
2426 8
2412 8
2435 8
2431 8
2442 8
2425 8
2390 8
2411 8
2452 8
2440 8
2446 8
2445 8
2433 8
2453 8
2450 8
2461 8
2454 8
2449 8
2451 8
2444 8
2457 8
2463 8
2474 8
2476 8
2478 8
2462 8
2436 8
2465 8
2475 8
2483 8
2484 8
2488 8
2459 8
2480 8
2497 8
2499 8
2472 8
2492 8
2469 8
2477 8
2494 8
2500 8
2502 8
2512 8
2517 8
2501 8
2490 8
2519 8
2496 8
2523 8
2524 8
2511 8
2486 8
2526 8
2485 8
2510 8
2493 8
2513 8
2532 8
2516 8
2547 8
2548 8
2542 8
2543 8
2544 8
2545 8
2556 8
2552 8
2558 8
2522 8
2540 8
2553 8
2528 8
2559 8
2560 8
2561 8
2569 8
2566 8
2550 8
2562 8
2567 8
2581 8
2555 8
2579 8
2580 8
2588 8
2584 8
2591 8
2585 8
2576 8
2577 8
2583 8
2604 8
2582 8
2609 8
2571 8
2590 8
2596 8
2617 8
2603 8
2600 8
2621 8
2613 8
2622 8
2630 8
2631 8
2627 8
2632 8
2623 8
2607 8
2641 8
2642 8
2634 8
2635 8
2644 8
2614 8
2637 8
2639 8
2649 8
2611 8
2624 8
2638 8
2651 8
2647 8
2599 8
2662 8
2653 8
2648 8
2646 8
2672 8
2673 8
2669 8
2671 8
2678 8
2670 8
2690 8
2694 8
2682 8
2680 8
2674 8
2692 8
2687 8
2699 8
2701 8
2702 8
2706 8
2713 8
2715 8
2708 8
2722 8
2714 8
2740 8
2736 8
2725 8
2733 8
2685 8
2743 8
2746 8
2742 8
2757 8
2748 8
2744 8
2762 8
2741 8
2751 8
2764 8
2767 8
2775 8
2786 8
2789 8
2783 8
2800 8
2831 8
2837 8
