1 2
1 12
2 3
2 33
3 625
3 651
4 5
4 582
4 651
5 581
5 625
6 7
6 456
7 8
8 546
9 10
10 11
10 545
12 13
13 33
13 545
14 15
14 33
14 779
15 546
15 592
16 17
16 448
16 701
17 648
17 698
18 19
18 699
18 704
19 700
19 706
20 21
20 560
20 700
21 737
21 738
22 23
22 725
22 738
23 721
23 726
24 25
24 720
24 721
25 622
25 654
26 27
26 28
26 620
27 622
27 703
28 29
28 618
29 585
29 681
30 31
30 585
30 679
31 32
31 486
32 584
32 779
34 246
35 36
35 246
35 248
36 167
36 304
37 38
37 251
37 304
38 39
38 253
39 350
39 372
40 41
40 253
40 350
41 162
41 255
42 157
42 158
42 196
43 44
43 157
43 195
44 187
44 265
45 46
45 187
45 303
46 193
46 276
47 48
47 120
47 257
48 50
48 119
49 50
49 51
49 258
50 382
51 260
51 396
52 53
52 383
52 396
53 54
53 360
54 55
54 492
55 56
55 121
56 493
56 517
57 58
57 395
57 517
58 122
58 317
59 60
59 61
59 312
60 311
60 317
61 514
61 547
62 63
62 413
62 514
63 64
63 548
64 413
64 473
65 66
65 67
65 472
66 463
66 473
67 68
67 471
68 69
68 412
69 70
69 90
70 71
70 388
71 72
71 283
72 410
72 769
73 299
73 364
73 436
74 75
74 365
74 436
75 339
75 370
76 77
76 323
76 356
77 425
77 427
78 79
78 427
78 623
79 642
79 667
80 641
80 642
80 644
81 82
81 229
81 429
82 228
82 506
83 84
83 227
83 506
84 85
84 508
85 86
85 484
86 87
86 479
87 88
87 455
88 443
88 453
89 91
89 208
89 388
90 91
90 471
91 92
92 470
92 771
93 94
93 567
93 590
94 95
94 470
95 97
95 468
96 98
96 590
96 686
97 98
97 536
98 99
99 100
99 677
100 101
100 687
101 102
101 712
102 103
102 753
103 220
103 741
104 505
104 742
104 743
105 221
105 742
105 765
106 107
106 221
106 696
107 222
107 719
108 109
108 183
109 150
109 170
110 183
110 188
110 270
111 112
111 141
111 245
112 113
112 142
113 114
113 269
114 115
114 260
115 143
115 359
116 117
116 382
116 393
117 118
117 284
118 119
118 344
119 120
120 275
121 383
121 394
122 123
122 517
123 125
123 656
124 125
124 493
124 494
125 664
126 494
126 621
126 626
127 135
127 524
127 626
128 129
128 523
128 615
129 521
129 562
130 131
132 133
132 489
132 491
133 134
133 522
134 135
134 516
135 494
136 172
137 138
137 262
138 139
138 172
139 261
139 270
140 141
140 243
140 270
141 287
142 143
142 289
143 290
144 291
144 397
144 398
145 146
145 397
145 417
146 147
146 333
148 169
148 173
149 170
149 171
150 151
150 176
151 152
151 188
152 153
152 154
153 176
153 179
154 155
154 195
155 156
155 157
156 158
156 181
158 159
159 160
159 292
160 161
160 182
161 162
161 320
162 366
163 164
163 254
163 255
164 165
164 253
165 166
165 304
166 167
166 178
167 247
168 169
168 174
168 247
171 176
171 177
173 174
173 175
174 184
175 185
177 180
177 185
178 184
178 254
179 180
179 181
180 254
181 182
182 255
184 185
186 187
186 192
186 256
188 189
189 190
189 194
190 244
190 256
191 192
191 244
191 268
192 193
193 257
194 195
194 256
196 197
196 274
197 198
197 292
198 199
198 327
199 293
199 295
200 201
200 301
200 345
201 306
201 772
202 203
202 358
202 772
203 281
203 769
204 299
204 300
204 410
205 206
205 299
205 386
206 207
206 380
207 387
207 444
208 209
208 444
209 210
209 453
210 452
210 771
211 212
211 452
211 480
212 213
212 770
213 481
213 531
214 215
214 481
214 770
215 469
215 535
216 217
216 536
216 677
217 218
217 534
218 565
218 636
219 220
219 637
219 677
220 505
221 504
223 462
223 528
223 537
224 537
224 568
224 587
225 509
225 529
225 568
226 227
226 527
226 538
227 228
228 627
229 627
229 628
230 430
230 685
230 689
231 232
231 657
231 728
232 739
232 740
233 234
233 670
233 739
234 601
234 674
235 650
235 673
235 731
236 237
236 420
236 675
237 238
237 539
238 449
238 647
239 374
239 580
239 591
240 376
240 445
240 446
241 435
241 445
241 450
242 434
242 450
243 244
243 245
245 268
246 247
248 305
248 361
249 250
249 361
249 384
250 252
250 431
251 252
251 361
252 372
257 258
258 259
259 260
259 269
261 262
261 287
262 271
263 264
263 271
263 288
264 291
264 333
265 266
265 274
266 267
266 319
267 302
267 306
268 269
271 272
272 333
274 302
275 276
275 343
276 286
277 278
277 285
277 343
278 279
278 286
279 329
279 330
280 281
280 307
280 308
281 282
282 283
282 416
283 412
284 342
284 390
285 342
285 389
286 303
287 288
288 289
289 290
290 291
292 293
293 334
294 295
294 334
294 335
295 296
296 297
296 353
297 298
297 340
298 363
298 365
300 358
300 769
301 302
301 327
303 319
306 778
307 328
307 772
308 332
308 415
309 331
309 391
309 414
310 311
310 476
310 515
311 464
312 313
312 318
313 554
313 555
314 549
314 552
314 596
315 550
315 711
315 724
316 551
316 687
316 712
317 318
318 655
319 778
320 334
320 366
321 335
321 367
321 368
322 352
322 368
322 377
323 355
323 525
324 325
324 542
324 544
325 371
325 437
326 484
326 506
326 541
327 345
328 329
328 778
329 332
330 331
330 389
331 332
335 336
336 337
336 353
337 338
337 377
338 354
338 363
339 354
339 357
340 341
340 345
341 358
341 364
342 344
343 344
346 347
346 399
346 400
347 407
347 408
348 349
348 400
348 539
349 408
349 580
350 362
351 368
351 402
351 442
352 369
352 442
353 363
354 355
355 378
356 357
356 544
357 438
359 360
359 396
360 398
362 367
362 401
364 365
366 367
369 378
369 526
370 379
370 438
371 482
371 512
372 406
373 409
373 431
373 432
374 376
374 409
375 376
375 432
375 435
377 378
379 380
379 381
380 436
381 443
381 444
382 383
384 385
384 433
386 387
386 410
387 388
389 390
390 391
391 392
392 393
392 515
393 394
394 395
395 515
397 490
398 489
399 401
399 402
400 405
401 406
402 404
403 404
403 439
403 440
404 405
405 418
406 407
407 431
408 409
411 416
411 464
411 476
412 463
413 463
414 415
414 476
415 416
418 420
418 539
419 420
419 421
419 439
421 589
421 676
422 423
422 440
422 589
423 424
423 588
424 425
424 525
425 623
426 427
426 544
426 641
428 429
428 641
428 685
429 542
430 628
430 750
432 433
433 434
434 435
437 438
437 454
439 589
440 441
441 442
441 526
443 454
445 456
446 485
446 591
447 486
447 591
447 646
448 449
448 678
449 666
451 452
451 453
451 479
454 455
455 482
456 485
457 458
457 638
457 694
458 504
458 695
460 461
460 775
460 777
461 540
462 540
462 773
464 514
465 466
465 473
465 474
466 550
466 594
467 475
467 590
467 686
468 469
468 535
469 488
470 488
471 472
472 567
474 475
474 567
475 594
477 478
478 490
478 518
479 480
480 507
481 533
482 483
483 484
483 512
485 592
486 592
487 488
487 770
487 771
489 492
490 491
491 519
492 516
493 516
495 665
496 497
497 578
497 633
498 499
498 692
499 500
499 767
500 501
500 764
501 502
501 766
502 503
502 765
503 742
503 763
504 505
507 508
507 513
508 527
509 530
509 538
510 513
510 530
510 531
511 528
511 532
511 773
512 541
513 527
518 519
518 520
519 562
520 521
522 523
522 562
523 524
524 616
525 526
528 529
529 530
531 532
532 533
533 534
534 774
535 536
537 543
538 574
541 542
545 546
547 552
547 554
548 549
548 552
549 550
551 595
551 748
553 555
553 653
553 655
554 714
555 722
556 557
556 654
556 721
557 717
557 722
558 559
558 726
558 733
559 734
559 738
560 705
560 737
561 600
561 732
561 736
563 564
563 566
563 777
565 566
565 774
566 635
568 569
569 571
569 574
570 571
570 572
570 587
571 575
572 573
572 665
573 576
574 575
575 639
576 577
576 640
577 579
577 630
578 579
579 632
580 647
582 586
582 614
583 584
583 617
583 618
584 585
586 617
586 780
588 624
588 672
593 634
593 635
594 595
595 711
596 714
596 724
597 598
597 715
597 724
598 599
598 727
599 733
599 751
600 601
600 735
601 709
602 709
602 739
602 759
603 728
603 729
603 740
604 605
604 611
604 613
605 607
605 730
606 607
606 608
606 688
607 612
608 609
608 691
609 764
609 768
610 744
610 746
610 768
611 612
611 747
612 768
613 729
613 761
614 615
615 616
616 617
618 619
619 620
619 626
620 621
621 663
622 663
623 624
624 668
627 639
628 629
629 630
629 640
630 631
631 688
631 750
632 688
632 691
633 692
634 638
635 636
636 637
637 638
639 640
642 659
643 644
643 645
643 657
644 685
645 689
645 728
646 647
646 678
648 649
648 666
649 675
649 704
650 658
650 706
651 780
652 653
652 661
652 662
653 654
655 661
656 661
656 664
657 659
658 672
658 676
659 660
660 667
660 670
662 663
662 664
666 675
667 668
668 669
669 671
669 673
670 671
671 674
672 673
674 731
676 704
678 679
679 680
680 681
680 701
681 682
682 702
682 713
683 684
683 702
683 713
684 699
684 723
686 687
689 690
690 730
690 750
691 692
693 694
694 695
695 696
696 719
697 698
697 701
697 713
698 699
700 725
702 703
703 720
705 706
705 732
707 748
707 752
707 754
708 749
708 756
708 757
709 757
710 711
710 748
710 749
712 752
714 715
715 716
716 722
716 727
717 726
717 727
718 719
720 723
723 725
729 730
731 732
733 735
734 735
734 736
736 737
740 758
741 743
741 745
743 744
744 763
745 746
745 762
746 747
747 760
749 751
751 757
752 753
753 762
754 755
754 756
755 760
755 762
756 759
758 759
758 761
760 761
763 764
773 776
774 776
776 777
779 780
