6398 2
6423 2
6426 2
6424 2
6414 2
6402 2
6441 2
6429 2
6384 2
6470 2
6410 2
6466 2
6513 2
6473 2
6476 2
6520 2
6512 2
6411 2
6523 2
6548 2
6552 2
6568 2
6561 2
6546 2
6608 2
6600 2
6610 2
6589 2
6629 2
6562 2
6623 2
6550 2
6586 2
6645 2
6661 2
6663 2
6679 2
6671 2
6638 2
6690 2
6647 2
6703 2
6711 2
6722 2
6717 2
6731 2
6724 2
6744 2
6719 2
6759 2
6706 2
6776 2
6796 2
6802 2
6772 2
6810 2
6797 2
6827 2
6732 2
6800 2
6842 2
6838 2
6824 2
6806 2
6875 2
6892 2
6853 2
6906 2
6882 2
6901 2
6893 2
6869 2
6822 2
6825 2
6937 2
6939 2
6921 2
6942 2
6944 2
6913 2
6940 2
6929 2
6988 2
6989 2
6998 2
6993 2
6973 2
7013 2
7019 2
6994 2
6922 2
6957 2
7003 2
7021 2
7032 2
6995 2
7045 2
7056 2
7015 2
7057 2
7069 2
7067 2
7065 2
7078 2
7108 2
7116 2
7085 2
7096 2
7118 2
7088 2
7142 2
7072 2
7146 2
7149 2
7153 2
7124 2
7107 2
7128 2
7123 2
7168 2
7144 2
7174 2
7170 2
7158 2
7210 2
7223 2
7182 2
7241 2
7185 2
7240 2
7247 2
7233 2
7235 2
7259 2
7228 2
7200 2
7198 2
7201 2
7285 2
7214 2
7300 2
7293 2
7263 2
7276 2
7203 2
7264 2
7260 2
7311 2
7344 2
7339 2
7329 2
7327 2
7366 2
7348 2
7337 2
7318 2
7323 2
7282 2
7310 2
7373 2
7349 2
7360 2
7389 2
7393 2
7399 2
7355 2
7376 2
7322 2
7407 2
7372 2
7433 2
7380 2
7432 2
7405 2
7446 2
7440 2
7429 2
7436 2
7426 2
7447 2
7479 2
7464 2
7494 2
7495 2
7514 2
7471 2
7477 2
7531 2
7475 2
7472 2
7528 2
7496 2
7485 2
7537 2
7520 2
7545 2
7547 2
7557 2
7546 2
7506 2
7498 2
7570 2
7578 2
7575 2
7556 2
7564 2
7554 2
7548 2
7555 2
7500 2
7566 2
7591 2
7601 2
7586 2
7606 2
7594 2
7605 2
7616 2
7618 2
7628 2
7634 2
7604 2
7597 2
7638 2
7621 2
7598 2
7651 2
7664 2
7632 2
7671 2
7648 2
7692 2
7676 2
7682 2
7677 2
7673 2
7716 2
7700 2
7643 2
7724 2
7707 2
7701 2
7686 2
7698 2
7699 2
7720 2
7689 2
7609 2
7710 2
7756 2
7670 2
7764 2
7769 2
7759 2
7758 2
7715 2
7760 2
7780 2
7785 2
7691 2
7803 2
7816 2
7818 2
7752 2
7771 2
7788 2
7807 2
7831 2
7828 2
7810 2
7814 2
7804 2
7834 2
7840 2
7854 2
7865 2
7802 2
7841 2
7832 2
7857 2
7812 2
7867 2
7877 2
7847 2
7869 2
7882 2
7889 2
7866 2
7891 2
7895 2
7881 2
7899 2
7896 2
7924 2
7860 2
7833 2
7906 2
7893 2
7835 2
7938 2
7890 2
7926 2
7957 2
7861 2
7945 2
7946 2
7968 2
7939 2
7969 2
7864 2
7953 2
7982 2
7956 2
7961 2
7870 2
7990 2
8011 2
7962 2
7959 2
7999 2
7976 2
8020 2
8035 2
8026 2
8041 2
7993 2
8038 2
8018 2
8058 2
8047 2
8040 2
8070 2
8031 2
8080 2
8081 2
8016 2
8091 2
8036 2
8055 2
8101 2
8094 2
8116 2
8119 2
8104 2
8099 2
8129 2
8134 2
8092 2
8107 2
8090 2
8127 2
8111 2
8042 2
8056 2
8149 2
8143 2
8146 2
8169 2
8136 2
8147 2
8162 2
8180 2
8182 2
8138 2
8158 2
8118 2
8170 2
8219 2
8195 2
8220 2
8151 2
8213 2
8242 2
8173 2
8244 2
8223 2
8258 2
8231 2
8208 2
8276 2
8263 2
8240 2
8273 2
8275 2
8315 2
8307 2
8343 2
8350 2
8288 2
8361 2
8375 2
8324 2
8363 2
8404 2
8371 2
8418 2
8449 2
8450 2
