6669 5
6685 5
6751 5
6760 5
6775 5
6682 5
6746 5
6739 5
6780 5
6742 5
6804 5
6820 5
6757 5
6839 5
6844 5
6845 5
6848 5
6850 5
6866 5
6835 5
6860 5
6876 5
6814 5
6884 5
6871 5
6877 5
6899 5
6912 5
6902 5
6917 5
6935 5
6969 5
6951 5
6967 5
6964 5
6981 5
6990 5
6900 5
6934 5
7010 5
6960 5
7017 5
7011 5
7026 5
7030 5
7005 5
7016 5
7024 5
7062 5
7053 5
7055 5
7050 5
7071 5
7037 5
7073 5
7081 5
7043 5
7114 5
7101 5
7132 5
7136 5
7127 5
7098 5
7171 5
7172 5
7122 5
7169 5
7157 5
7180 5
7102 5
7141 5
7134 5
7224 5
7207 5
7206 5
7253 5
7186 5
7150 5
7179 5
7273 5
7176 5
7261 5
7265 5
7289 5
7294 5
7287 5
7244 5
7292 5
7188 5
7277 5
7341 5
7272 5
7364 5
7365 5
7304 5
7362 5
7313 5
7314 5
7290 5
7361 5
7346 5
7324 5
7386 5
7398 5
7392 5
7401 5
7406 5
7374 5
7414 5
7404 5
7427 5
7437 5
7466 5
7415 5
7456 5
7488 5
7484 5
7413 5
7490 5
7493 5
7452 5
7453 5
7519 5
7515 5
7527 5
7444 5
7476 5
7542 5
7457 5
7569 5
7571 5
7573 5
7526 5
7532 5
7469 5
7465 5
7541 5
7549 5
7518 5
7593 5
7544 5
7610 5
7577 5
7561 5
7623 5
7551 5
7584 5
7588 5
7644 5
7646 5
7652 5
7667 5
7619 5
7656 5
7631 5
7693 5
7706 5
7685 5
7702 5
7714 5
7697 5
7642 5
7739 5
7635 5
7778 5
7748 5
7719 5
7659 5
7731 5
7729 5
7776 5
7736 5
7704 5
7772 5
7751 5
7678 5
7746 5
7779 5
7713 5
7799 5
7705 5
7790 5
7786 5
7808 5
7789 5
7819 5
7830 5
7845 5
7846 5
7849 5
7872 5
7873 5
7886 5
7852 5
7885 5
7875 5
7905 5
7887 5
7837 5
7859 5
7862 5
7855 5
7879 5
7930 5
7898 5
7923 5
7856 5
7944 5
7933 5
7918 5
7940 5
7947 5
7958 5
7950 5
7955 5
7964 5
7927 5
7936 5
7986 5
7981 5
7973 5
7996 5
7998 5
7965 5
7977 5
7971 5
8010 5
8030 5
7992 5
8045 5
8017 5
8054 5
8046 5
8039 5
7997 5
7988 5
8015 5
8006 5
8066 5
8079 5
8043 5
8060 5
8065 5
8088 5
8048 5
8027 5
8082 5
8142 5
8093 5
8124 5
8154 5
8117 5
8163 5
8140 5
8128 5
8089 5
8135 5
8122 5
8114 5
8188 5
8171 5
8137 5
8177 5
8209 5
8150 5
8034 5
8235 5
8096 5
8211 5
8232 5
8254 5
8159 5
8204 5
8260 5
8237 5
8253 5
8262 5
8205 5
8269 5
8261 5
8247 5
8283 5
8189 5
8292 5
8330 5
8227 5
8233 5
8310 5
8243 5
8203 5
8305 5
8339 5
8352 5
8347 5
8348 5
8303 5
8290 5
8333 5
8349 5
8251 5
8360 5
8341 5
8380 5
8338 5
8358 5
8402 5
8298 5
8429 5
8394 5
8355 5
8444 5
8390 5
8441 5
8351 5
8410 5
8419 5
8455 5
8342 5
8485 5
8481 5
8461 5
8496 5
8480 5
8486 5
8465 5
8539 5
8543 5
8531 5
8560 5
8534 5
8623 5
8630 5
8581 5
8650 5
8592 5
8656 5
8561 5
8632 5
