1 2
1 18
1 67
2 98
2 111
3 4
3 71
3 98
4 29
4 111
5 6
5 17
5 29
6 72
6 190
7 8
7 9
7 190
8 72
8 166
9 10
9 198
10 11
10 168
11 199
11 202
12 13
12 199
12 207
13 14
13 227
14 200
14 232
15 16
15 206
15 234
16 195
16 196
17 74
17 196
18 19
18 31
19 20
19 110
20 21
20 32
21 22
21 100
22 33
22 142
23 24
23 30
23 33
24 26
24 35
25 26
25 101
25 1092
26 99
27 76
27 732
27 1092
28 29
28 30
28 99
30 100
31 69
31 112
32 112
32 142
33 144
34 35
34 144
34 146
35 36
36 101
36 1098
37 38
37 102
37 1098
38 39
38 150
39 151
39 277
40 42
40 531
40 1051
41 42
41 43
41 1053
42 697
43 44
43 1082
44 1020
44 1021
45 46
45 1021
45 1061
46 47
46 1088
47 48
47 1101
48 997
48 998
49 50
49 576
49 997
50 668
50 999
51 52
51 1028
51 1029
52 658
52 693
53 54
53 1035
53 1095
54 55
54 759
55 56
55 763
56 57
56 1095
57 58
57 1031
58 60
58 1078
59 918
59 1024
59 1078
60 763
60 846
61 63
61 705
61 900
62 63
62 667
62 694
63 917
64 667
64 921
64 958
65 66
65 870
65 919
66 957
67 68
67 98
68 69
68 181
69 187
70 71
70 166
70 180
71 72
73 74
73 234
73 1092
74 99
75 76
75 77
75 731
76 1081
77 78
77 991
78 375
78 1102
79 373
79 1002
79 1102
80 231
80 1002
80 1005
81 82
81 1007
81 1038
82 83
82 97
83 298
83 341
84 85
84 298
84 1040
85 86
85 341
86 87
86 296
87 332
87 334
88 90
88 205
88 343
89 90
89 333
89 335
90 91
91 92
91 179
92 93
92 354
93 249
93 302
94 95
94 250
94 251
95 355
95 398
96 386
96 399
96 1004
97 384
97 1006
100 110
101 1076
102 103
102 531
103 1076
103 1077
104 531
104 1056
104 1073
105 106
105 1073
105 1077
106 107
106 530
107 108
107 529
108 109
108 1072
109 751
109 1108
110 111
112 113
113 186
113 188
114 115
114 188
114 189
115 142
115 216
116 117
116 189
116 1012
117 118
117 188
118 119
118 186
119 120
119 259
120 121
120 194
121 122
121 240
122 123
122 507
123 124
123 260
124 125
124 221
125 126
125 421
126 127
126 221
127 274
127 403
128 129
128 403
128 472
129 130
129 392
130 131
130 470
131 291
131 361
132 133
132 290
132 291
133 134
133 407
134 135
134 141
135 136
135 543
136 137
136 141
137 138
137 559
138 140
138 563
139 140
139 289
139 566
140 141
143 144
143 208
143 217
145 146
145 208
145 222
146 147
147 148
147 223
148 149
148 1098
149 223
149 224
150 225
150 1089
151 152
151 1051
152 337
152 387
153 154
153 1020
153 1053
154 340
154 1018
155 157
155 492
155 1016
156 157
156 284
156 391
157 490
158 159
158 285
158 546
159 160
159 548
160 451
160 550
161 552
161 639
161 675
162 639
162 640
162 676
163 164
163 608
163 642
164 165
166 167
167 169
167 170
168 170
168 201
169 183
169 191
170 171
171 173
171 258
172 173
172 174
172 201
173 996
174 175
174 203
175 176
175 238
176 177
176 204
177 178
177 242
178 245
178 301
179 247
179 301
180 181
180 183
181 182
182 185
182 192
183 184
184 191
184 192
185 187
185 194
186 187
189 1011
190 196
191 258
192 193
193 194
193 256
195 197
195 206
197 198
197 200
198 199
200 206
201 202
202 236
203 204
203 236
204 299
205 300
205 301
207 237
207 294
208 275
209 226
209 270
209 275
210 211
210 226
210 995
211 212
211 330
212 278
212 346
213 214
213 278
213 337
214 215
214 346
215 280
215 393
216 217
216 1011
217 218
218 219
218 262
219 259
219 260
220 221
220 261
220 265
222 223
222 275
224 225
224 226
225 995
227 232
227 293
228 233
228 295
228 1049
229 230
229 235
229 1049
230 231
230 1081
231 1039
232 233
233 235
234 235
236 237
237 299
238 241
238 996
239 240
239 241
239 256
240 1066
241 242
242 243
243 244
243 429
244 245
244 255
245 246
246 247
246 303
247 302
248 249
248 302
248 363
249 250
250 364
251 252
251 398
252 364
252 365
253 362
253 365
253 366
254 255
254 303
254 304
255 427
256 257
257 258
257 996
259 1012
260 261
261 263
262 263
262 270
263 264
264 265
264 269
265 356
266 267
266 269
266 344
267 268
267 345
268 271
268 330
269 271
270 271
272 273
272 331
272 358
273 274
273 392
274 357
276 277
276 278
276 1089
277 337
279 338
279 387
279 388
280 347
280 349
281 282
281 348
281 390
282 283
282 351
283 284
283 287
284 285
285 286
286 287
286 567
287 352
288 289
288 397
288 487
289 290
290 397
291 395
292 293
292 295
292 332
293 294
294 342
295 296
296 297
297 1040
297 1049
298 1038
299 300
300 342
303 363
304 306
304 366
305 306
305 307
305 367
306 1050
307 493
307 542
308 309
308 493
308 541
309 310
309 495
310 311
310 424
311 312
311 628
312 313
312 672
313 495
313 609
314 579
314 609
314 670
315 316
315 317
315 540
316 578
316 580
317 327
317 462
318 460
318 462
318 1103
319 329
319 419
319 452
320 321
320 418
320 458
321 322
321 410
322 323
322 458
323 1014
323 1068
324 325
324 457
324 1069
325 382
325 383
326 327
326 457
326 540
327 328
328 329
328 453
329 1103
330 331
331 359
332 333
333 343
334 335
334 336
335 353
336 341
336 384
338 339
338 1052
339 340
339 389
340 1017
342 343
344 345
344 356
345 358
346 359
347 348
347 387
348 388
349 350
349 394
350 351
350 396
351 352
352 487
353 354
353 385
354 355
355 386
356 357
357 358
359 360
360 361
360 392
361 393
362 363
362 364
365 992
366 367
367 993
368 480
368 993
368 994
369 370
369 478
369 1022
370 431
370 461
371 372
371 430
371 431
372 373
372 415
373 374
374 375
374 376
375 377
376 413
376 417
377 412
377 1055
378 379
378 1096
378 1099
379 380
379 412
380 381
380 1070
381 382
381 581
382 1069
383 540
383 580
384 385
385 386
388 389
389 390
390 391
391 1017
393 394
394 395
395 396
396 397
398 400
399 400
399 401
400 992
401 402
401 1023
402 1003
402 1034
403 404
404 432
404 474
405 406
405 473
405 497
406 407
406 532
407 470
408 409
408 414
408 418
409 410
409 416
410 1014
411 412
411 1015
411 1070
413 414
413 415
414 416
415 420
416 417
417 1015
418 419
419 420
420 430
421 432
421 467
422 469
422 508
422 510
423 469
423 510
423 624
424 623
424 629
425 541
425 623
425 1075
426 542
426 1050
426 1075
427 428
427 1050
428 429
428 1074
429 1066
430 459
431 1034
432 481
433 475
433 482
433 568
434 435
434 572
434 695
435 436
435 678
436 437
436 734
437 746
437 808
438 758
438 808
438 810
439 440
439 680
439 810
440 441
440 823
441 442
441 682
442 443
442 748
444 445
445 447
445 632
446 447
446 448
446 634
447 485
448 449
448 638
449 573
449 612
450 489
450 612
450 613
451 567
451 613
452 453
452 454
453 456
454 455
454 458
455 456
455 1068
456 457
459 460
459 1103
460 461
461 463
462 463
463 464
464 465
464 496
465 578
465 609
466 467
466 468
466 507
467 508
468 469
468 1074
470 473
471 478
471 480
471 496
472 473
472 474
474 475
475 497
476 477
476 506
476 1037
477 577
477 1061
478 994
479 480
479 493
479 494
481 482
481 509
482 554
483 484
483 486
483 566
484 485
484 573
485 565
486 487
486 488
488 489
488 573
489 567
490 491
490 546
491 492
491 506
492 1037
494 495
494 496
497 498
498 499
498 532
499 500
499 568
500 501
500 544
501 502
501 641
502 503
502 534
503 504
503 679
504 505
504 674
505 678
505 746
506 574
507 1066
508 509
509 553
510 511
511 512
511 555
512 513
512 625
513 514
513 626
514 515
514 556
515 516
515 627
516 517
516 591
517 518
517 558
518 519
518 754
519 520
519 718
520 521
520 757
521 522
521 806
522 523
522 739
523 524
523 741
524 525
524 800
525 742
525 771
526 528
526 771
526 799
527 528
527 770
527 1093
528 713
529 530
529 773
530 713
532 543
533 534
533 544
533 559
534 535
535 536
535 562
536 537
536 681
537 545
537 747
538 539
538 545
538 749
539 594
539 650
541 542
543 544
545 562
546 547
547 548
547 574
548 549
549 551
549 597
550 551
550 552
551 655
552 614
553 554
553 555
554 570
555 556
556 557
557 558
557 572
558 695
559 560
560 561
560 593
561 562
561 594
563 564
563 593
564 565
564 566
565 595
568 569
569 571
569 641
570 571
570 572
571 673
574 596
575 576
575 596
575 657
576 577
577 997
578 579
579 643
580 581
581 1097
582 583
582 646
582 1096
583 584
583 1099
584 585
584 1080
585 1026
585 1033
586 587
586 588
586 1032
587 671
587 1026
588 631
588 708
589 628
589 631
589 709
590 592
590 630
590 716
591 592
591 718
592 677
593 610
594 611
595 610
595 632
596 597
597 598
598 599
598 657
599 600
599 656
600 601
600 659
601 602
601 707
602 603
602 656
603 604
603 687
604 605
604 654
605 606
605 753
606 607
606 703
607 608
607 676
608 686
610 611
611 648
612 615
613 614
614 622
615 616
615 638
616 618
616 622
617 618
617 619
617 621
618 640
619 620
621 636
622 639
623 624
624 625
625 626
626 627
627 677
628 630
629 630
629 677
631 672
632 633
633 648
634 635
635 636
636 638
640 642
641 674
643 645
643 1097
644 645
644 647
644 670
645 646
646 647
647 1026
648 649
649 650
650 651
651 652
651 750
652 653
654 655
654 675
655 656
657 669
658 659
658 669
659 706
660 661
660 663
660 707
661 706
661 804
662 663
662 689
662 872
663 664
664 665
664 666
665 694
665 804
666 667
666 909
668 669
668 1028
670 671
671 672
673 674
673 678
675 676
679 681
679 758
680 681
680 682
682 747
683 684
683 752
684 685
684 849
685 688
685 871
686 704
687 688
687 753
688 689
689 707
690 691
690 761
690 804
691 692
691 759
692 693
692 706
693 1035
694 761
695 755
696 1057
696 1072
696 1106
697 698
697 1056
698 699
698 1082
699 700
699 1058
700 701
700 1090
701 702
701 1120
702 933
702 1122
703 704
703 752
705 762
705 764
708 733
708 984
709 716
709 733
710 716
710 717
710 722
711 712
711 721
711 766
712 770
712 799
713 714
714 715
714 1042
715 1043
715 1077
717 718
717 719
719 720
719 765
720 721
720 806
721 805
722 723
722 724
723 765
723 1010
724 725
724 985
725 726
725 1010
726 1009
726 1027
727 729
727 988
727 1009
728 729
728 989
728 991
729 730
730 731
730 768
731 1044
732 1044
732 1076
733 985
734 735
734 755
735 736
735 756
736 737
736 738
737 787
737 808
738 740
738 811
739 740
739 757
740 812
741 742
741 812
742 743
743 774
743 817
744 745
744 774
744 818
745 776
745 781
746 758
747 748
748 749
749 750
751 773
751 807
752 753
754 755
754 756
756 757
759 760
760 762
760 764
761 762
763 764
765 766
766 769
767 769
767 770
767 1093
768 1041
768 1067
769 1008
771 772
772 773
772 775
774 775
775 776
776 777
777 778
777 807
778 779
778 801
779 780
779 781
780 782
782 783
782 802
783 784
783 821
784 785
784 819
785 815
785 850
786 787
786 811
786 891
787 788
788 809
788 876
789 847
789 876
789 880
790 791
790 899
790 910
791 792
791 907
792 793
792 911
793 794
793 907
794 878
794 914
795 796
795 884
795 916
796 855
796 895
797 798
797 855
797 926
798 943
798 1104
799 800
800 805
801 802
801 1109
802 803
803 821
803 1110
805 806
807 1109
809 810
809 847
811 813
812 816
813 814
813 816
814 815
814 852
815 820
816 817
817 820
818 819
819 820
821 822
822 850
822 1114
823 848
824 825
824 848
824 857
825 826
825 880
826 827
826 881
827 828
827 858
828 887
828 910
829 830
829 910
829 912
830 888
830 960
831 832
831 865
831 912
832 833
832 947
833 834
833 913
834 935
834 944
835 836
835 934
835 944
836 837
836 964
837 838
837 966
838 839
838 925
839 840
839 972
840 841
840 974
841 968
841 1025
842 967
842 976
842 1024
843 844
843 918
843 1024
844 845
844 902
845 846
845 918
846 900
847 848
850 851
851 852
851 874
852 853
853 854
853 893
854 882
854 883
855 962
857 858
858 859
859 860
860 861
861 862
861 887
862 863
863 969
864 865
864 955
864 960
865 866
866 947
866 953
867 868
867 953
867 956
868 869
868 949
869 870
869 956
870 920
871 872
871 890
872 897
873 898
873 919
874 882
874 1114
875 882
875 886
875 1112
876 879
877 892
877 899
877 907
878 885
878 916
879 891
879 892
880 881
881 899
883 884
883 886
884 885
885 894
886 895
887 888
888 969
889 960
889 969
891 893
892 894
893 894
895 896
896 1104
896 1116
897 898
897 908
900 901
901 902
901 917
902 903
903 904
903 959
904 905
904 967
905 906
905 922
906 925
906 968
908 909
908 919
909 920
911 912
911 913
913 914
914 915
915 916
915 935
917 959
920 958
921 922
921 959
922 923
923 924
923 951
924 925
924 946
926 942
926 961
927 929
927 939
927 1062
928 929
928 938
928 982
929 1087
930 983
930 1085
930 1086
931 932
931 1085
931 1088
932 941
932 1083
933 1048
933 1090
934 935
934 962
936 940
936 942
936 1047
937 938
937 940
937 963
938 970
939 970
939 971
940 982
941 983
941 1048
942 943
943 1054
944 945
945 948
945 966
946 950
946 966
947 948
948 949
949 950
950 951
951 958
953 954
954 955
956 957
961 962
961 963
963 965
964 965
964 971
965 970
967 968
971 972
972 973
973 974
973 1062
974 1025
975 976
975 1025
975 1064
976 977
977 979
977 1078
978 979
978 1045
978 1091
979 1031
980 981
980 1000
980 1091
981 1046
981 1065
982 983
984 986
984 1027
985 1027
986 987
986 1032
987 988
987 1071
988 989
989 1079
990 1055
990 1080
990 1099
991 1055
992 993
994 1022
995 1089
998 999
998 1046
999 1000
1000 1028
1001 1005
1001 1038
1001 1039
1002 1003
1003 1004
1004 1006
1005 1007
1006 1007
1008 1010
1008 1067
1009 1067
1011 1012
1013 1068
1013 1069
1013 1070
1014 1015
1016 1018
1016 1019
1017 1018
1019 1020
1019 1060
1021 1060
1022 1023
1023 1034
1029 1036
1029 1091
1030 1031
1030 1036
1030 1095
1032 1071
1033 1071
1033 1079
1035 1036
1037 1059
1039 1040
1041 1042
1041 1093
1042 1043
1043 1044
1045 1064
1045 1065
1046 1101
1047 1048
1047 1054
1051 1052
1052 1053
1054 1105
1056 1057
1057 1058
1058 1118
1059 1060
1059 1061
1062 1063
1063 1064
1063 1087
1065 1100
1072 1073
1074 1075
1079 1080
1081 1102
1082 1084
1083 1084
1083 1090
1084 1088
1085 1094
1086 1087
1086 1100
1094 1100
1094 1101
1096 1097
1104 1105
1105 1117
1106 1108
1106 1118
1107 1108
1107 1111
1107 1119
1109 1111
1110 1111
1110 1113
1112 1115
1112 1116
1113 1114
1113 1115
1115 1121
1116 1117
1117 1122
1118 1119
1119 1120
1120 1121
1121 1122
