1 2
1 7
1 40
2 3
2 76
3 77
3 156
4 155
4 158
4 256
5 6
5 309
5 310
7 8
7 101
8 156
8 275
9 94
9 155
9 309
10 11
10 98
10 261
11 12
11 275
12 277
12 328
13 14
13 279
13 463
14 15
14 477
15 16
15 464
16 17
16 540
17 18
17 464
18 19
18 154
19 20
19 451
20 628
20 644
21 22
21 625
21 647
22 23
22 746
23 24
23 703
24 25
24 26
25 704
25 705
26 748
26 749
27 38
27 749
27 778
28 738
28 741
28 754
29 31
29 741
29 755
30 751
30 755
30 767
31 32
31 714
32 33
32 740
33 34
33 750
34 35
34 720
35 36
35 711
36 721
36 722
37 39
37 708
37 722
38 39
38 738
39 705
40 41
40 76
41 42
41 101
42 43
42 72
43 44
43 96
44 46
44 103
45 47
45 72
45 75
46 47
46 48
47 50
48 248
48 319
49 75
49 93
49 364
50 319
50 364
51 93
51 352
51 367
52 88
52 352
52 479
53 54
53 55
53 87
54 56
54 199
55 502
55 837
56 184
56 503
57 58
57 200
57 503
58 70
58 588
59 60
59 69
59 642
60 387
60 582
61 62
61 385
61 582
62 63
62 402
63 64
63 65
64 442
64 443
65 66
65 386
66 67
66 68
67 390
67 444
68 389
68 446
69 70
69 388
70 446
71 72
71 74
71 99
73 74
73 262
73 367
74 75
76 99
77 100
77 256
78 79
78 81
78 157
79 256
79 263
80 81
80 160
80 190
81 369
82 84
82 195
82 369
83 351
83 355
83 369
84 85
84 198
85 86
85 368
86 87
86 199
87 479
88 353
88 502
89 90
89 353
89 541
90 454
90 456
91 354
91 453
91 454
92 352
92 354
92 365
93 365
94 95
94 356
95 371
96 97
96 258
97 98
97 260
98 101
99 100
100 262
102 103
102 104
102 248
103 257
104 250
104 267
105 106
105 250
105 268
106 107
106 243
107 108
107 326
108 109
108 332
109 110
109 461
110 111
110 492
111 112
111 240
112 487
112 528
113 114
113 115
113 529
114 487
114 524
115 116
115 530
116 117
116 526
117 148
117 530
118 147
118 554
118 555
119 120
119 555
119 680
120 121
120 637
121 122
121 562
122 123
122 681
123 124
123 563
124 125
124 126
125 679
125 681
126 139
126 733
127 128
127 138
127 139
128 129
128 823
129 131
129 733
130 131
130 715
130 716
131 820
132 133
132 716
132 717
133 426
133 694
134 135
134 824
134 826
135 672
135 822
136 672
136 770
136 799
137 138
137 671
137 823
138 775
139 140
140 669
140 774
141 702
141 745
141 772
142 143
142 676
142 772
143 144
143 690
144 689
144 732
145 146
145 640
145 701
146 147
146 680
147 148
148 638
149 150
149 526
149 638
150 151
150 656
151 152
151 557
152 476
152 661
153 154
153 474
153 476
154 643
155 156
157 158
157 185
158 310
159 187
159 188
160 161
160 185
161 162
161 314
162 163
162 191
163 193
163 313
164 165
164 193
164 315
165 166
166 167
166 316
167 517
167 579
168 169
168 510
168 515
169 170
169 801
170 171
170 511
171 173
171 522
172 173
172 174
172 518
173 512
174 570
174 573
175 176
175 514
175 569
176 177
176 630
177 178
177 318
178 179
178 317
179 181
179 523
180 181
180 184
180 201
181 183
182 184
182 200
182 587
183 198
183 199
185 186
186 187
186 314
187 310
188 189
188 312
190 191
190 195
191 192
192 194
192 197
193 194
194 316
195 196
196 197
196 198
197 523
200 495
201 202
201 318
202 203
202 591
203 204
203 629
204 572
204 631
205 206
205 595
205 603
206 207
206 571
207 519
207 598
208 518
208 521
208 608
209 210
209 522
209 718
210 700
210 801
211 212
212 213
212 657
213 214
214 215
214 574
215 216
215 632
216 217
216 548
218 359
219 220
219 248
219 281
220 221
220 286
221 323
221 360
222 223
222 320
222 360
223 224
223 322
224 225
224 254
225 372
225 430
226 227
226 373
226 432
227 343
227 366
228 229
228 366
228 467
229 230
229 484
230 290
230 292
231 232
231 290
231 488
232 302
232 497
233 234
233 302
233 497
234 235
234 304
235 236
235 301
236 237
236 304
237 565
237 797
238 531
238 559
238 796
239 240
239 507
239 528
240 492
241 242
241 492
241 508
242 305
242 332
243 285
243 332
244 285
244 305
244 363
245 246
245 336
245 362
246 247
246 335
247 303
247 307
249 281
249 324
249 331
250 331
251 252
251 286
251 340
252 253
252 360
253 254
253 341
254 255
255 343
255 372
257 258
257 264
258 259
259 260
259 265
260 261
261 327
262 263
263 355
264 265
264 267
265 270
266 270
266 272
266 327
267 268
268 325
269 270
269 271
269 325
271 326
271 460
272 460
272 471
273 274
273 472
273 486
274 474
274 557
275 276
276 277
276 356
277 278
278 279
278 462
279 328
280 281
280 282
280 286
282 324
282 339
283 284
283 324
283 363
284 285
284 331
287 288
287 289
287 344
288 339
288 340
289 337
289 348
290 306
291 292
291 294
291 484
292 488
293 294
293 295
293 470
294 500
295 296
295 546
296 297
296 551
297 298
297 441
298 420
298 584
299 300
299 423
299 545
300 539
300 556
301 501
301 543
302 303
303 496
304 496
305 333
306 307
306 346
307 308
308 337
308 349
311 312
311 315
312 313
313 314
315 552
316 567
317 523
317 569
318 629
319 323
320 321
320 323
321 322
321 364
322 429
325 326
327 329
328 329
329 330
330 471
330 477
333 334
333 490
334 335
334 362
335 491
336 337
336 338
338 339
338 361
340 341
341 344
342 343
342 345
342 431
344 345
345 348
346 349
346 431
348 349
350 351
350 355
350 367
351 368
353 354
356 370
357 358
357 371
358 359
358 480
361 362
361 363
365 429
366 431
368 479
370 371
370 447
372 373
373 374
374 375
374 430
375 376
375 432
376 434
376 481
377 378
377 436
377 482
378 380
378 437
379 380
379 382
379 483
380 438
381 382
381 383
381 459
382 585
383 384
383 581
384 582
384 586
385 386
385 387
386 445
387 388
388 445
389 403
389 593
390 391
390 403
391 392
391 742
392 393
392 417
393 394
393 444
394 395
394 698
395 396
395 655
396 397
396 418
397 398
397 682
398 399
398 812
399 400
399 418
400 420
400 422
401 402
401 441
401 442
402 586
403 404
404 405
404 742
405 590
405 782
406 597
406 782
406 790
407 408
407 604
407 790
408 611
408 787
409 410
409 789
409 794
410 753
410 780
411 766
411 780
411 798
412 413
412 730
412 793
413 414
413 810
414 744
414 792
415 416
415 417
415 743
416 742
416 783
417 685
418 419
419 421
419 655
420 421
421 442
422 583
422 811
423 424
423 583
424 425
424 697
425 427
425 539
426 427
426 696
427 832
428 579
429 452
430 452
432 433
433 434
433 467
434 435
435 436
435 469
436 527
437 438
437 527
438 439
439 440
439 551
440 441
440 585
443 444
443 655
445 446
447 462
447 480
448 480
448 494
449 450
449 549
449 632
450 451
450 641
451 466
452 453
453 481
454 455
455 482
455 483
456 457
456 541
457 505
457 833
458 576
458 578
458 833
459 577
459 834
460 461
461 486
462 493
463 465
463 493
464 465
465 466
466 549
467 468
468 469
468 484
469 470
470 550
471 472
472 473
473 475
473 478
474 475
475 540
476 652
477 478
478 540
481 482
483 834
485 486
485 487
485 524
488 498
489 490
489 491
489 547
490 508
491 496
493 494
494 548
495 587
495 588
497 543
498 543
498 544
499 501
499 538
499 556
500 544
500 545
501 566
502 542
503 837
504 505
504 542
504 836
505 576
506 507
506 508
506 796
507 531
509 693
509 827
510 580
510 827
511 512
511 515
512 513
513 514
513 568
514 570
515 516
516 517
516 580
517 568
518 520
519 573
519 600
520 573
520 602
521 522
521 734
524 525
525 526
525 557
527 550
528 529
529 553
530 554
531 532
532 553
532 636
533 559
533 564
533 797
534 535
534 564
534 565
535 536
535 829
536 537
536 566
537 538
537 832
538 539
541 542
544 556
545 546
546 584
547 796
547 797
548 549
550 551
553 554
555 636
558 559
558 562
558 637
560 561
560 715
560 829
561 562
561 564
563 715
563 733
565 566
567 568
567 569
570 571
571 631
572 592
572 603
575 576
575 578
575 836
577 578
577 581
579 580
581 642
583 584
585 586
587 591
588 589
589 592
589 593
590 593
590 594
591 592
594 595
594 603
595 596
596 597
596 599
597 604
598 599
598 601
599 605
600 601
600 602
601 605
602 607
604 606
605 606
606 609
607 608
607 609
608 623
609 610
610 611
610 622
611 612
612 613
612 787
613 614
613 622
614 615
614 789
615 616
615 795
616 617
616 781
617 779
617 795
618 619
618 749
618 779
619 620
619 748
620 621
620 795
621 623
621 735
622 623
624 625
624 660
624 747
625 626
626 627
626 635
627 628
627 646
628 641
629 630
630 631
632 633
633 634
633 657
634 635
634 641
635 659
636 637
638 639
639 640
639 656
640 686
642 835
643 644
643 648
644 645
645 646
645 650
646 647
647 703
648 649
648 652
649 650
649 663
650 651
651 703
651 704
652 661
653 654
653 656
653 686
654 662
654 688
657 692
658 659
658 692
658 699
659 660
660 719
661 662
662 673
663 664
663 673
664 665
664 758
665 666
665 675
666 758
666 768
667 668
667 768
667 772
668 710
668 777
669 670
669 776
670 759
670 775
671 672
671 775
673 674
674 675
674 691
675 676
676 731
677 678
677 680
677 701
678 681
678 702
679 745
679 774
682 698
682 724
683 684
683 723
683 807
684 685
684 736
685 698
686 687
687 688
687 689
688 691
689 690
690 731
691 731
693 819
694 695
694 821
695 696
695 815
696 697
697 811
699 700
699 718
701 732
702 732
704 706
705 707
706 707
706 758
707 708
708 769
709 710
709 722
709 769
710 711
711 712
712 750
712 776
713 714
713 750
713 759
714 767
716 817
717 817
717 832
718 719
719 734
720 721
720 739
721 737
723 724
723 830
724 812
725 726
725 799
725 800
726 727
726 760
727 728
727 763
728 729
728 803
729 765
729 806
730 765
730 806
734 735
735 747
736 743
736 809
737 738
737 739
739 740
740 741
743 744
744 784
745 777
746 747
746 748
751 752
751 771
752 753
752 756
753 781
754 757
754 778
755 756
756 757
757 781
759 770
760 761
760 799
761 762
761 770
762 764
762 767
763 764
763 766
764 771
765 766
768 769
771 780
773 774
773 776
773 777
778 779
782 783
783 784
784 791
785 786
785 788
785 794
786 790
786 791
787 788
788 789
791 792
792 793
793 798
794 798
800 802
800 824
801 818
802 803
802 831
803 804
804 805
804 808
805 806
805 810
807 808
807 809
808 830
809 810
811 813
812 813
813 814
814 815
814 828
815 816
816 825
816 826
817 829
818 819
819 827
820 821
820 822
821 826
822 823
824 825
825 828
828 831
830 831
833 834
835 836
835 837
