23 10
22 10
30 10
35 10
38 10
28 10
37 10
34 10
51 10
50 10
48 10
44 10
55 10
49 10
65 10
66 10
72 10
76 10
78 10
67 10
84 10
82 10
92 10
70 10
68 10
86 10
98 10
99 10
100 10
103 10
102 10
106 10
107 10
109 10
112 10
113 10
116 10
119 10
104 10
123 10
125 10
126 10
128 10
132 10
122 10
136 10
134 10
138 10
129 10
143 10
117 10
83 10
148 10
149 10
105 10
144 10
96 10
152 10
137 10
115 10
156 10
150 10
157 10
130 10
160 10
165 10
159 10
163 10
141 10
166 10
155 10
169 10
173 10
177 10
172 10
178 10
182 10
183 10
186 10
171 10
158 10
180 10
161 10
185 10
168 10
198 10
200 10
203 10
195 10
192 10
176 10
162 10
217 10
153 10
224 10
225 10
223 10
219 10
227 10
231 10
206 10
226 10
233 10
238 10
239 10
181 10
221 10
245 10
246 10
241 10
210 10
244 10
248 10
242 10
243 10
249 10
252 10
253 10
12484 10
260 10
263 10
257 10
254 10
267 10
213 10
269 10
250 10
273 10
283 10
256 10
288 10
265 10
290 10
293 10
296 10
276 10
292 10
278 10
301 10
286 10
304 10
306 10
307 10
289 10
274 10
214 10
266 10
311 10
298 10
313 10
317 10
322 10
325 10
326 10
309 10
302 10
321 10
329 10
328 10
287 10
330 10
316 10
332 10
319 10
315 10
324 10
338 10
312 10
303 10
347 10
352 10
357 10
327 10
342 10
356 10
365 10
305 10
354 10
295 10
369 10
12485 10
370 10
345 10
374 10
344 10
380 10
376 10
363 10
350 10
379 10
346 10
389 10
391 10
393 10
384 10
382 10
395 10
385 10
399 10
402 10
367 10
414 10
400 10
417 10
418 10
410 10
390 10
420 10
405 10
12486 10
425 10
429 10
388 10
431 10
412 10
359 10
424 10
448 10
450 10
452 10
401 10
447 10
454 10
456 10
422 10
457 10
436 10
416 10
423 10
465 10
458 10
469 10
471 10
463 10
453 10
467 10
478 10
479 10
522 10
474 10
488 10
476 10
461 10
491 10
489 10
492 10
441 10
455 10
419 10
481 10
496 10
504 10
386 10
506 10
508 10
515 10
519 10
510 10
460 10
490 10
512 10
525 10
507 10
530 10
499 10
532 10
503 10
533 10
538 10
518 10
535 10
497 10
536 10
549 10
550 10
553 10
559 10
531 10
547 10
528 10
541 10
487 10
440 10
500 10
563 10
571 10
568 10
573 10
564 10
576 10
539 10
558 10
583 10
574 10
585 10
579 10
582 10
569 10
555 10
588 10
556 10
591 10
597 10
587 10
572 10
602 10
578 10
600 10
608 10
605 10
619 10
554 10
621 10
622 10
598 10
625 10
596 10
545 10
627 10
616 10
636 10
637 10
641 10
584 10
642 10
607 10
635 10
630 10
651 10
654 10
657 10
644 10
646 10
615 10
639 10
659 10
660 10
663 10
664 10
604 10
672 10
638 10
634 10
673 10
678 10
679 10
681 10
682 10
688 10
676 10
690 10
685 10
680 10
692 10
695 10
687 10
696 10
699 10
697 10
668 10
700 10
702 10
703 10
707 10
708 10
683 10
686 10
713 10
714 10
726 10
661 10
711 10
712 10
721 10
716 10
710 10
733 10
735 10
737 10
734 10
729 10
740 10
738 10
722 10
731 10
741 10
750 10
751 10
728 10
705 10
758 10
757 10
765 10
752 10
730 10
768 10
764 10
769 10
771 10
761 10
776 10
762 10
745 10
767 10
782 10
759 10
747 10
784 10
787 10
766 10
779 10
792 10
795 10
802 10
794 10
805 10
808 10
786 10
801 10
788 10
789 10
809 10
814 10
816 10
819 10
822 10
804 10
828 10
830 10
824 10
839 10
817 10
832 10
847 10
846 10
821 10
841 10
854 10
855 10
859 10
845 10
863 10
864 10
869 10
818 10
871 10
837 10
874 10
851 10
877 10
879 10
881 10
844 10
884 10
886 10
829 10
893 10
883 10
892 10
901 10
897 10
899 10
887 10
911 10
910 10
909 10
878 10
920 10
919 10
926 10
928 10
929 10
927 10
895 10
934 10
930 10
936 10
917 10
924 10
938 10
931 10
905 10
914 10
940 10
944 10
916 10
952 10
932 10
954 10
912 10
945 10
963 10
964 10
965 10
947 10
951 10
971 10
967 10
975 10
939 10
953 10
956 10
977 10
980 10
981 10
966 10
989 10
961 10
990 10
986 10
995 10
970 10
1002 10
999 10
1007 10
1003 10
1009 10
1014 10
997 10
991 10
1024 10
994 10
998 10
1027 10
1028 10
1029 10
1036 10
1040 10
1038 10
1018 10
1023 10
1045 10
1046 10
1047 10
1048 10
1026 10
1011 10
1058 10
1061 10
1056 10
1062 10
1068 10
1060 10
1052 10
1073 10
1082 10
1075 10
1080 10
1087 10
1097 10
1100 10
1089 10
1109 10
1111 10
1088 10
1116 10
1059 10
1115 10
1114 10
1120 10
1124 10
1135 10
1147 10
