1 2
2 3
3 4
3 1255
4 5
4 1253
5 6
5 1362
6 1207
6 1289
7 8
7 1289
7 1359
8 9
8 1243
9 10
9 1009
10 1105
10 1209
11 12
11 1208
11 1209
12 1104
12 1107
13 1108
13 1208
13 1210
14 15
14 1005
14 1293
15 16
15 1296
16 17
16 1196
17 18
17 1266
18 1251
18 1268
19 1268
19 1326
21 1041
21 1042
21 1369
22 1042
24 25
25 26
26 27
26 431
27 28
27 347
28 346
28 433
29 30
29 346
29 877
30 31
30 873
31 32
31 950
32 33
32 1180
33 34
33 1069
34 35
34 1181
35 36
35 1072
36 147
36 1073
37 38
37 1364
37 1378
38 39
38 881
39 1075
39 1638
40 83
40 883
40 1637
41 79
41 82
41 1637
42 43
42 82
42 83
43 1588
43 1741
44 45
44 1591
44 1741
45 1589
45 1590
46 47
46 1590
46 1591
47 339
47 1526
48 49
48 1800
48 1855
49 50
49 1799
50 1652
50 1787
51 53
51 1438
51 1709
52 53
52 1920
52 1921
53 1722
54 55
54 56
54 1724
55 1723
55 2068
56 2071
56 2127
57 2053
57 2071
57 2134
58 2125
58 2134
58 2137
59 60
59 1669
59 2125
60 61
60 2057
61 62
61 1670
62 2194
62 2199
63 432
65 161
65 542
66 67
66 571
66 637
67 140
67 630
68 69
68 572
68 631
69 574
69 638
70 71
70 639
70 640
71 72
71 574
72 73
72 773
73 717
73 947
74 75
74 947
74 949
75 76
75 752
76 77
76 751
77 78
77 876
78 750
78 1050
79 80
79 607
80 81
80 1410
81 956
81 1075
82 608
83 96
84 85
84 884
84 1880
85 1631
85 1632
86 1623
86 1849
86 1897
87 88
87 90
87 1897
88 1316
88 1878
89 90
89 92
89 1895
90 1317
91 92
91 93
91 1832
92 1795
93 95
93 1854
94 95
94 1512
94 1513
95 1833
96 97
96 1852
97 98
97 884
98 99
98 1918
99 100
99 1880
100 101
100 342
101 102
101 1635
102 343
102 1850
103 1488
103 1944
103 1989
104 1911
104 1943
104 1984
105 1984
105 1985
105 1994
106 107
106 1816
106 1930
107 1988
107 1994
108 1681
108 1827
108 2043
109 110
109 1942
109 1970
110 111
110 1927
111 1613
111 1825
112 113
112 1612
112 1825
113 1585
113 1824
114 115
114 1358
114 1608
115 116
115 1705
116 117
116 1425
117 118
117 1584
118 119
118 1129
119 120
119 1481
120 121
120 1126
121 122
121 971
122 124
122 970
123 124
123 125
123 918
124 967
125 126
125 965
126 127
126 202
127 128
127 834
128 129
128 130
129 619
129 965
130 131
130 787
131 167
131 784
132 133
132 353
132 385
133 135
133 592
134 352
134 353
134 455
135 136
135 215
136 137
136 636
137 455
137 679
138 177
138 680
138 681
139 140
139 175
139 681
140 183
141 1139
142 143
142 1139
142 1140
143 144
143 1523
144 145
144 1489
145 1142
145 1490
146 147
146 1182
146 1428
147 1376
148 149
148 430
149 150
149 387
150 151
150 612
151 152
151 573
152 153
152 615
153 575
153 616
154 155
154 159
154 170
155 168
156 157
156 168
156 581
157 158
157 454
159 160
159 161
161 183
162 174
162 350
162 578
163 164
163 351
163 579
164 165
164 180
165 166
165 733
166 167
166 352
167 619
168 169
169 170
169 434
170 172
171 172
171 173
171 434
172 181
173 174
173 445
174 182
175 176
175 182
176 177
176 350
177 178
178 179
178 455
179 180
179 351
180 352
181 182
181 183
184 185
184 186
184 273
185 291
185 299
186 187
186 308
187 375
187 583
188 189
188 376
188 665
189 190
189 622
190 191
190 274
191 192
191 919
192 278
192 623
193 194
193 288
193 1086
194 1065
194 1067
195 196
195 197
195 1067
196 676
196 1186
197 675
197 799
198 199
198 795
198 796
199 793
199 1300
200 201
200 792
200 1225
201 789
201 790
202 789
202 903
203 204
203 270
203 273
204 205
204 216
205 218
205 312
206 207
206 309
206 312
207 208
207 417
208 377
208 586
209 210
209 211
209 587
210 536
210 586
211 212
211 538
212 213
212 214
213 587
213 590
214 215
214 642
215 591
216 217
216 295
217 218
217 296
218 219
219 292
219 298
220 221
220 293
220 697
221 222
221 659
222 223
222 779
223 429
223 727
224 393
224 617
224 727
225 226
225 391
225 617
226 227
226 390
227 311
227 428
228 230
228 305
228 388
229 230
229 231
229 457
230 462
231 459
231 461
232 304
232 459
232 535
233 234
233 304
233 531
234 235
234 369
235 236
235 1085
236 237
236 534
237 238
237 287
238 239
238 989
239 240
239 990
240 241
240 896
241 1337
241 1372
242 243
242 1337
242 1374
243 244
243 1345
244 245
244 1375
245 247
245 1346
246 247
246 908
246 1691
247 248
248 249
248 1467
249 250
249 1468
250 251
250 1692
251 253
251 1468
252 253
252 254
252 1472
253 1853
254 255
254 1853
255 917
255 1689
256 257
256 917
256 1925
257 1690
257 1784
258 259
258 1784
258 1926
259 2006
259 2115
260 2006
260 2097
260 2114
261 262
261 855
261 2097
262 263
262 2099
263 264
263 2091
264 2158
264 2173
265 266
265 2158
265 2171
266 853
266 2163
267 268
267 852
267 2121
268 2120
268 2159
270 271
270 299
271 272
271 294
272 310
272 427
273 309
274 741
274 919
275 276
275 857
275 919
276 277
276 671
277 278
277 1130
278 1086
279 280
279 664
279 719
280 281
280 892
281 734
281 1087
282 283
282 736
282 1088
283 284
283 734
284 285
284 893
285 286
285 735
286 895
286 1084
287 896
287 1100
288 289
288 1087
289 623
289 719
290 374
290 620
290 663
291 364
291 374
292 314
292 658
293 658
293 757
294 295
294 311
295 296
296 297
297 298
297 428
298 697
299 373
300 301
300 307
300 367
301 302
301 370
302 303
302 458
303 304
303 372
305 306
305 310
306 365
306 456
307 366
307 456
308 309
308 377
310 373
311 427
312 313
313 314
313 417
314 315
315 316
315 576
316 425
316 426
317 318
317 609
317 962
318 319
318 600
319 320
319 866
320 959
320 1350
321 322
321 959
321 1351
322 657
322 1412
323 1280
323 1379
323 1412
324 325
324 657
324 1184
325 326
325 1185
326 327
326 1379
327 328
327 1063
328 329
328 1327
329 330
329 833
330 331
330 1275
331 1121
331 1330
332 333
332 1323
332 1431
333 1329
333 1699
334 335
334 1328
334 1329
335 1279
335 1650
336 337
336 1504
336 1651
337 1528
337 1787
338 339
338 1356
338 1528
339 1865
340 1593
340 1803
340 1865
341 1812
341 1884
341 1939
342 343
342 1918
343 1954
344 345
344 430
345 614
346 756
347 348
347 877
348 349
348 1096
350 351
353 784
354 451
354 619
354 891
355 356
355 662
355 964
356 441
356 1125
357 358
357 783
357 1124
358 359
358 1189
359 360
359 821
360 361
360 1191
361 1054
361 1188
362 363
363 1188
364 365
364 366
365 373
366 367
367 663
368 370
368 372
368 892
369 371
369 1085
370 664
371 372
371 1083
374 375
375 376
376 620
377 378
378 379
378 583
379 380
379 586
380 509
380 667
381 382
381 589
381 668
382 383
382 823
383 593
383 785
384 385
384 784
384 785
385 594
386 387
386 542
387 570
388 389
388 427
389 390
389 524
390 463
391 392
391 463
392 393
392 464
393 394
394 395
394 728
395 396
395 765
396 816
396 887
397 398
397 729
397 887
398 764
398 765
399 762
399 764
399 889
400 401
400 761
400 890
401 402
401 886
402 403
402 1122
403 404
403 807
404 405
404 1214
405 808
405 1331
406 1150
406 1371
406 1419
407 1423
407 1561
407 1639
408 409
408 1202
408 1561
409 410
409 1771
410 1563
410 1774
411 412
411 1641
411 1778
412 413
412 1818
413 414
413 1569
414 415
414 1567
415 1682
415 1788
416 1565
416 1769
417 423
418 419
418 539
418 540
419 420
419 597
420 421
420 599
421 422
421 809
422 600
422 609
423 424
423 536
424 425
424 539
425 540
426 541
426 577
428 618
429 617
429 618
430 612
431 432
432 433
433 614
434 435
435 580
435 581
436 437
436 447
436 452
437 438
437 699
438 439
438 448
439 440
439 781
440 441
440 449
441 783
442 443
442 453
442 454
443 444
443 700
445 446
445 580
446 447
446 578
447 661
448 449
448 661
449 662
450 451
450 662
450 964
451 733
452 580
452 718
453 581
453 718
456 457
457 458
458 459
460 461
460 462
460 525
461 582
462 523
463 522
464 465
464 545
465 466
465 765
466 546
466 763
467 468
467 762
467 763
468 469
468 547
469 470
469 760
470 556
470 758
471 473
471 693
471 723
472 473
472 712
472 769
473 726
474 475
474 726
474 801
475 476
475 769
476 477
476 931
477 653
477 829
478 479
478 829
478 1026
479 481
479 1006
480 481
480 996
480 1057
481 482
482 483
482 1068
483 484
483 1103
484 485
484 508
485 486
485 1068
486 487
486 1105
487 1009
487 1324
488 489
488 508
488 1324
489 490
489 1398
490 1240
490 1241
491 492
491 1233
491 1241
492 1240
492 1338
493 494
493 1187
493 1239
494 495
494 1227
495 496
495 926
496 497
496 923
497 498
497 1187
498 499
498 1101
499 921
499 930
500 501
500 828
500 1101
501 503
501 827
502 503
502 504
502 1102
503 826
504 505
504 1178
505 506
505 1058
506 1177
506 1193
507 508
507 1103
507 1177
509 588
509 589
510 511
510 527
510 707
511 512
511 552
512 708
512 720
513 514
513 625
513 709
514 515
514 710
515 516
515 624
516 517
516 561
517 518
517 585
518 554
518 558
519 550
519 554
519 555
520 521
520 550
520 610
521 545
521 546
522 544
522 545
523 524
523 548
524 543
525 526
525 551
526 527
526 582
527 528
528 529
528 739
529 530
529 738
530 531
530 535
531 532
532 533
532 702
533 534
533 986
534 988
535 582
536 537
537 539
537 595
538 595
538 641
540 541
541 809
542 571
543 544
543 553
544 550
546 547
547 610
548 549
548 551
549 553
549 585
551 552
552 584
553 554
555 558
555 611
556 557
556 723
557 611
557 655
558 559
559 560
559 561
560 645
560 655
561 562
562 563
562 645
563 646
563 710
564 565
564 627
564 648
565 566
565 824
566 743
566 929
567 629
567 920
567 930
568 766
568 920
568 927
569 720
569 767
569 835
570 571
570 572
572 573
573 575
574 575
576 658
576 722
577 722
577 963
578 579
579 701
583 665
584 585
584 624
587 588
588 590
589 593
590 591
591 592
592 594
593 594
595 596
596 597
596 643
597 598
598 599
598 654
599 644
600 601
601 602
601 865
602 603
602 860
603 604
603 867
604 747
604 861
605 606
605 1410
605 1411
606 607
606 872
607 608
608 1588
609 810
610 611
612 613
613 614
613 714
615 714
615 716
616 716
616 773
618 697
620 621
621 622
621 719
622 623
624 708
625 626
625 628
626 627
626 743
627 710
628 629
628 766
629 743
630 637
630 681
631 632
631 637
632 633
632 680
633 634
633 685
634 635
634 679
635 636
635 684
636 682
638 639
638 685
639 689
640 755
640 947
641 642
641 643
642 682
643 690
644 744
644 865
645 692
646 647
646 694
647 648
647 721
648 649
649 768
649 825
650 651
650 652
650 768
651 800
651 858
652 996
652 1056
653 800
653 858
654 690
654 744
655 691
656 811
656 812
656 963
657 958
659 811
659 814
660 813
660 833
660 1063
661 701
663 664
665 666
666 667
666 741
667 668
668 742
669 670
669 788
669 857
670 671
670 1225
671 672
672 673
672 1130
673 674
673 1300
674 675
674 1205
675 796
676 1401
676 1469
677 678
677 1402
677 1469
678 907
678 908
679 680
682 683
683 684
683 711
684 685
686 687
686 690
686 711
687 688
687 745
688 689
688 770
689 711
691 692
691 693
692 694
693 712
694 713
695 696
695 712
695 713
696 769
696 800
698 699
698 718
698 1055
699 819
700 1055
701 733
702 703
702 738
703 704
703 987
704 705
704 740
705 706
705 738
706 739
706 740
707 720
707 739
708 709
709 767
713 721
714 756
715 716
715 756
715 873
717 875
717 948
721 768
722 757
723 724
724 725
724 758
725 726
725 774
727 728
728 818
729 888
729 1082
730 731
730 1197
730 1430
731 732
731 1440
732 1215
732 1414
734 735
735 995
736 737
736 1186
737 894
737 1401
740 822
741 742
742 856
744 745
745 771
746 771
746 859
746 865
747 748
747 1269
748 749
748 1411
749 750
749 1410
750 751
751 862
752 753
752 862
753 754
753 859
754 755
754 772
755 770
757 811
758 778
759 760
759 778
759 885
760 761
761 762
763 764
766 767
770 772
771 772
773 948
774 777
774 864
775 776
775 777
775 778
776 804
776 885
777 802
779 780
779 818
780 813
780 831
781 782
781 819
782 783
782 821
785 786
786 787
786 788
787 834
788 823
789 834
790 791
790 903
791 792
791 1127
792 793
793 794
794 795
794 1357
795 1442
796 797
797 799
797 905
798 799
798 906
798 1469
801 863
801 946
802 803
802 864
803 1064
803 1077
804 805
804 1064
805 807
805 886
806 807
806 808
806 1114
808 1151
809 810
810 957
812 961
812 1062
813 814
814 1062
815 816
815 818
815 831
816 817
817 887
817 1081
819 820
820 821
820 1054
822 835
822 897
823 856
824 825
824 827
825 826
826 1056
827 828
828 929
829 830
830 858
830 996
831 832
832 833
832 1081
835 927
836 837
836 897
836 928
837 838
837 901
838 839
838 1090
839 840
839 902
840 841
840 1220
841 842
841 925
842 1221
842 1222
843 1222
843 1226
843 1463
844 1403
844 1463
844 1509
845 846
845 1507
845 1581
846 848
846 1583
847 848
847 1684
847 1703
848 1730
849 850
849 2109
849 2111
850 851
850 1738
851 1737
851 2121
852 853
852 2111
853 854
854 855
854 2114
855 2158
856 857
859 860
860 861
861 862
863 864
863 1052
866 867
866 868
867 1269
868 869
868 1350
869 870
869 1399
870 1269
870 1368
871 872
871 1525
871 1589
872 1368
873 874
874 948
874 950
875 949
875 951
876 949
876 1048
877 878
878 1095
878 1180
879 1132
879 1180
879 1181
880 881
880 1628
880 1629
881 1076
882 883
882 1076
882 1740
883 884
885 886
888 889
888 1099
889 890
890 1098
891 965
891 967
892 995
893 894
893 895
894 1345
895 1336
896 1336
897 898
898 899
898 987
899 901
899 994
900 901
900 902
900 1203
902 1218
903 918
904 905
904 906
904 1443
905 1442
906 907
907 1491
908 909
909 1642
909 1691
910 911
910 1473
910 1496
911 1445
911 1891
912 913
912 1479
912 2035
913 1447
913 1922
914 915
914 916
914 1476
915 1472
915 1475
916 917
916 1983
918 1126
920 921
921 922
922 923
922 1089
923 924
924 925
924 1090
925 926
926 1226
927 928
928 1089
929 930
931 932
931 1026
932 946
932 1032
933 1001
933 1046
933 1270
934 1036
934 1270
934 1319
935 936
935 1322
935 1341
936 937
936 1042
937 938
937 1342
938 1344
939 1344
940 942
940 1462
941 942
941 1566
941 1568
942 1461
943 944
943 1120
943 1574
944 1288
944 1560
945 1149
945 1421
945 1639
946 1045
950 952
951 952
951 1047
952 1069
953 954
953 1047
953 1070
954 955
954 1049
955 956
955 1074
956 1050
957 960
957 963
958 959
958 962
960 961
960 962
961 1184
964 966
966 967
966 968
968 969
968 1125
969 970
969 1235
970 971
971 972
972 973
972 1236
973 974
973 1406
974 975
974 1174
975 976
975 1407
976 977
976 1164
977 978
977 1515
978 979
978 1162
979 980
979 981
980 983
980 1160
981 1514
981 1854
982 983
982 1586
982 1793
983 1318
984 985
985 1792
985 1793
986 987
986 988
988 989
989 994
990 1204
990 1216
991 992
991 1373
991 1597
992 1219
992 1575
993 1508
993 1688
993 1703
994 1204
995 1083
997 998
997 1026
997 1027
998 999
998 1032
999 1000
999 1028
1000 1035
1000 1110
1001 1033
1001 1061
1002 1003
1002 1033
1002 1036
1003 1092
1003 1093
1004 1005
1004 1111
1004 1195
1005 1108
1006 1007
1006 1027
1007 1008
1007 1068
1008 1104
1008 1106
1009 1010
1010 1011
1010 1324
1011 1012
1011 1359
1012 1398
1012 1459
1013 1014
1013 1234
1013 1497
1014 1015
1014 1546
1015 1016
1015 1017
1016 1019
1016 1547
1017 1553
1017 1830
1018 1019
1018 1021
1018 1397
1019 1831
1020 1022
1020 1644
1020 1842
1021 1022
1021 1887
1022 1023
1023 1879
1023 1900
1024 1902
1024 1915
1024 1916
1025 2002
1027 1028
1028 1029
1029 1030
1029 1106
1030 1109
1030 1110
1031 1040
1031 1267
1032 1059
1033 1034
1034 1035
1034 1091
1035 1059
1036 1037
1037 1039
1037 1320
1038 1039
1038 1040
1038 1093
1039 1043
1040 1044
1041 1043
1041 1044
1043 1321
1044 1370
1045 1051
1045 1060
1046 1061
1046 1112
1047 1048
1048 1049
1049 1050
1051 1052
1051 1112
1052 1080
1053 1079
1053 1123
1053 1284
1054 1055
1056 1057
1057 1058
1058 1103
1059 1060
1060 1061
1062 1183
1063 1185
1064 1078
1065 1088
1065 1186
1066 1067
1066 1086
1066 1205
1069 1072
1070 1071
1070 1072
1071 1073
1071 1074
1073 1365
1074 1427
1075 1427
1076 1638
1077 1078
1077 1080
1078 1079
1079 1114
1080 1123
1081 1121
1082 1121
1082 1198
1083 1084
1084 1100
1085 1100
1087 1088
1089 1090
1091 1092
1091 1111
1092 1195
1093 1094
1094 1196
1094 1266
1095 1096
1095 1133
1096 1097
1098 1099
1098 1122
1099 1197
1101 1102
1102 1131
1104 1105
1106 1107
1107 1109
1108 1109
1110 1111
1112 1113
1113 1123
1113 1271
1114 1285
1115 1116
1115 1285
1115 1286
1116 1117
1116 1284
1117 1118
1117 1213
1118 1119
1118 1392
1119 1273
1119 1381
1120 1273
1120 1392
1122 1214
1124 1125
1124 1153
1126 1128
1127 1128
1127 1424
1128 1129
1129 1425
1130 1205
1131 1179
1131 1187
1132 1133
1132 1135
1133 1144
1134 1135
1134 1136
1134 1182
1135 1366
1136 1137
1136 1428
1137 1138
1137 1367
1138 1489
1138 1523
1139 1617
1140 1490
1140 1645
1141 1143
1141 1490
1141 1647
1142 1143
1142 1502
1143 1628
1144 1145
1145 1366
1146 1147
1146 1367
1147 1524
1148 1150
1148 1152
1148 1286
1149 1150
1149 1288
1151 1152
1151 1285
1152 1371
1153 1154
1153 1235
1154 1165
1154 1347
1155 1167
1155 1172
1155 1174
1156 1167
1156 1168
1156 1173
1157 1168
1157 1169
1157 1176
1158 1159
1158 1586
1160 1161
1160 1586
1161 1162
1161 1171
1162 1163
1163 1164
1163 1170
1164 1172
1165 1166
1165 1189
1166 1167
1166 1175
1168 1192
1169 1170
1169 1171
1170 1173
1172 1173
1174 1347
1175 1189
1175 1191
1176 1192
1177 1240
1178 1179
1178 1193
1179 1237
1181 1182
1183 1184
1183 1185
1188 1190
1190 1191
1190 1192
1193 1194
1194 1238
1194 1338
1195 1196
1197 1198
1198 1330
1199 1439
1199 1440
1199 1441
1200 1201
1200 1335
1200 1418
1201 1202
1201 1770
1202 1423
1203 1204
1203 1217
1206 1207
1206 1243
1206 1244
1207 1252
1208 1260
1209 1243
1210 1211
1210 1262
1211 1247
1211 1293
1212 1213
1212 1272
1212 1284
1213 1381
1214 1215
1215 1332
1216 1217
1216 1373
1217 1218
1218 1219
1219 1220
1220 1221
1221 1508
1222 1223
1223 1224
1223 1507
1224 1463
1224 1578
1225 1300
1226 1227
1227 1228
1228 1229
1228 1403
1229 1239
1229 1393
1230 1232
1230 1238
1230 1404
1231 1232
1231 1394
1231 1464
1232 1338
1233 1234
1233 1464
1234 1242
1235 1236
1236 1347
1237 1238
1237 1239
1241 1242
1242 1398
1244 1260
1244 1363
1245 1261
1245 1263
1245 1290
1246 1247
1246 1262
1246 1263
1247 1248
1248 1249
1249 1295
1249 1301
1250 1251
1250 1296
1250 1298
1251 1297
1252 1253
1252 1363
1253 1254
1254 1255
1254 1256
1255 1426
1256 1257
1256 1265
1257 1307
1258 1292
1258 1306
1259 1325
1260 1261
1261 1262
1263 1291
1264 1265
1264 1290
1264 1363
1265 1349
1266 1267
1267 1268
1270 1271
1271 1272
1272 1339
1273 1274
1274 1461
1274 1573
1275 1276
1275 1283
1276 1277
1276 1281
1277 1278
1277 1327
1278 1323
1278 1328
1279 1413
1279 1551
1280 1380
1280 1550
1281 1282
1281 1283
1282 1323
1282 1430
1283 1330
1286 1287
1287 1288
1287 1392
1289 1361
1290 1348
1291 1292
1291 1294
1292 1348
1293 1295
1295 1296
1297 1299
1297 1326
1298 1299
1298 1303
1299 1305
1301 1302
1302 1303
1303 1304
1307 1408
1308 1309
1309 1310
1309 1838
1310 1312
1310 1558
1311 1312
1311 1313
1311 1864
1313 1314
1313 1836
1314 1315
1314 1877
1315 1316
1315 1837
1316 1797
1317 1318
1317 1797
1318 1795
1319 1320
1319 1339
1320 1321
1321 1322
1322 1340
1327 1389
1328 1413
1329 1700
1331 1332
1331 1371
1332 1333
1333 1416
1333 1420
1334 1335
1334 1417
1334 1420
1335 1422
1336 1337
1339 1340
1340 1390
1341 1342
1341 1391
1342 1343
1343 1344
1343 1462
1345 1346
1346 1402
1348 1349
1350 1351
1351 1352
1352 1354
1352 1399
1353 1354
1353 1355
1353 1400
1354 1526
1355 1356
1355 1503
1356 1505
1357 1358
1357 1424
1358 1442
1359 1360
1360 1382
1360 1459
1361 1362
1361 1382
1362 1501
1364 1365
1364 1427
1365 1376
1366 1367
1368 1411
1372 1373
1372 1374
1374 1466
1375 1466
1375 1467
1376 1377
1377 1378
1377 1502
1378 1628
1379 1380
1380 1389
1381 1390
1382 1383
1383 1500
1383 1519
1384 1385
1384 1501
1384 1521
1385 1386
1387 1522
1389 1413
1390 1391
1391 1460
1393 1403
1393 1404
1394 1395
1394 1405
1395 1465
1395 1510
1396 1397
1396 1510
1396 1547
1397 1644
1399 1525
1400 1412
1400 1503
1401 1402
1404 1405
1405 1579
1406 1407
1406 1480
1407 1548
1408 1409
1408 1426
1414 1416
1414 1440
1415 1417
1415 1418
1415 1441
1416 1417
1418 1531
1419 1420
1419 1421
1421 1422
1422 1423
1424 1425
1428 1429
1429 1489
1429 1502
1430 1439
1431 1439
1431 1529
1432 1434
1432 1506
1432 1529
1433 1434
1433 1530
1433 1657
1434 1655
1435 1436
1435 1654
1435 1655
1436 1437
1436 1656
1437 1438
1437 1920
1438 1653
1441 1506
1443 1444
1443 1491
1444 1493
1444 1609
1445 1615
1445 1893
1446 1876
1446 1891
1446 1893
1447 1448
1447 1910
1448 1449
1448 1972
1449 1974
1449 2035
1450 1975
1450 2007
1450 2034
1451 2008
1451 2009
1451 2117
1452 1675
1452 2161
1452 2162
1453 1455
1453 1675
1453 1676
1454 1455
1454 2117
1454 2161
1455 1677
1456 1678
1456 2116
1456 2117
1457 1678
1457 1679
1457 1720
1458 1679
1458 2043
1458 2044
1459 1497
1460 1461
1460 1462
1464 1465
1465 1546
1466 1597
1467 1704
1468 1704
1470 1471
1470 1472
1470 1473
1471 1643
1471 1692
1473 1474
1474 1475
1474 1923
1475 1477
1476 1477
1476 1924
1477 1478
1478 2003
1478 2039
1479 2003
1479 2004
1480 1481
1480 1517
1481 1606
1482 1483
1482 1517
1482 1607
1483 1511
1483 1819
1484 1512
1484 1604
1484 1820
1485 1486
1485 1604
1485 1833
1486 1487
1486 1834
1487 1914
1487 1917
1488 1917
1488 1945
1491 1492
1492 1493
1492 1642
1493 1494
1494 1495
1494 1614
1495 1496
1495 1615
1496 1643
1497 1500
1498 1499
1498 1520
1498 1552
1499 1522
1500 1552
1501 1519
1503 1549
1504 1505
1504 1559
1505 1549
1506 1530
1507 1703
1508 1575
1509 1578
1509 1579
1510 1580
1511 1512
1511 1518
1513 1514
1513 1518
1514 1515
1515 1548
1516 1517
1516 1518
1516 1548
1519 1520
1520 1521
1523 1524
1525 1527
1526 1527
1527 1590
1528 1867
1529 1701
1530 1531
1531 1532
1532 1533
1532 1747
1533 1534
1533 1770
1534 1535
1534 1749
1535 1755
1535 1772
1536 1537
1536 1773
1536 1881
1537 1775
1537 1777
1538 1539
1538 1775
1538 1882
1539 1540
1539 1779
1540 1541
1540 1543
1541 1753
1541 1757
1542 1543
1542 1544
1542 1762
1543 1754
1544 1545
1544 1966
1546 1547
1549 1550
1550 1551
1551 1559
1552 1553
1553 1554
1554 1555
1554 1739
1555 1830
1555 1863
1556 1557
1559 1651
1560 1572
1560 1639
1561 1562
1562 1563
1562 1571
1563 1640
1564 1594
1565 1595
1565 1682
1566 1567
1566 1594
1567 1682
1568 1569
1568 1573
1569 1570
1570 1572
1570 1574
1571 1572
1571 1641
1573 1574
1575 1683
1576 1577
1576 1599
1576 1853
1577 1687
1577 1780
1578 1581
1579 1580
1580 1600
1581 1582
1582 1600
1582 1842
1583 1842
1583 1843
1584 1606
1584 1616
1585 1695
1585 1707
1588 1589
1591 1593
1592 1696
1592 1744
1592 1939
1593 1745
1594 1595
1595 1596
1597 1598
1598 1599
1598 1683
1599 1704
1600 1644
1601 1602
1601 1693
1601 1706
1602 1694
1602 1819
1603 1820
1603 1821
1603 1856
1604 1605
1605 1856
1605 1857
1606 1607
1607 1693
1608 1609
1608 1708
1609 1614
1610 1611
1610 1612
1610 1708
1611 1614
1611 1615
1612 1613
1613 1893
1616 1693
1616 1705
1617 1645
1618 1645
1618 1646
1618 1838
1619 1621
1619 1646
1619 1859
1620 1621
1620 1648
1620 1845
1621 1861
1622 1623
1622 1634
1622 1848
1623 1892
1624 1625
1624 1849
1624 1898
1625 1626
1625 1896
1626 1627
1626 1851
1627 1945
1627 1990
1629 1630
1629 1647
1630 1740
1630 1845
1631 1740
1631 1847
1632 1636
1632 1848
1633 1634
1633 1636
1633 1850
1634 1849
1635 1636
1635 1880
1637 1638
1640 1641
1640 1778
1642 1643
1646 1648
1647 1648
1649 1650
1649 1653
1649 1709
1650 1652
1651 1652
1653 1654
1654 1700
1655 1701
1656 1657
1656 1873
1657 1746
1658 1729
1658 1747
1658 1748
1659 1660
1659 1948
1659 1949
1660 1661
1660 1756
1661 1662
1661 1758
1662 1950
1662 2079
1663 1952
1663 2081
1663 2083
1664 1963
1664 2037
1664 2083
1665 1666
1665 1963
1665 2137
1666 1667
1666 2186
1668 1669
1668 2137
1669 1670
1670 2185
1671 1672
1671 2167
1671 2179
1672 2049
1672 2130
1673 1674
1673 2048
1673 2130
1674 2047
1674 2107
1675 2147
1676 1716
1676 1717
1677 1678
1677 1718
1679 1680
1680 1681
1680 1721
1681 1817
1683 1687
1684 1688
1684 1702
1685 1686
1685 1702
1685 1733
1686 1735
1686 1782
1687 1688
1689 1690
1689 1780
1690 1997
1691 1692
1694 1695
1694 1821
1695 1824
1696 1697
1696 1743
1697 1698
1697 1852
1698 1899
1698 1935
1699 1700
1699 1701
1702 1780
1705 1706
1706 1707
1707 1708
1709 1710
1710 1798
1710 1804
1711 1712
1711 1804
1711 2067
1712 1805
1712 1806
1713 1805
1713 2076
1713 2078
1714 1715
1714 2133
1714 2147
1715 1716
1715 2129
1716 2131
1717 1718
1717 2132
1718 1719
1719 1720
1719 2122
1720 1721
1721 2101
1722 1723
1722 1804
1723 2067
1724 1921
1724 2074
1725 1726
1725 1921
1725 2073
1726 1874
1726 1875
1727 1728
1727 1958
1727 1959
1728 1940
1728 1956
1729 1948
1729 1956
1730 1733
1730 1843
1731 1732
1731 1734
1731 1879
1732 1901
1732 1915
1733 1734
1734 1735
1735 1968
1736 1737
1736 2000
1736 2069
1737 2119
1738 2069
1738 2108
1739 1786
1741 1742
1742 1743
1742 1852
1743 1745
1744 1745
1744 1884
1746 1747
1746 1941
1748 1749
1748 1947
1749 1750
1750 1751
1750 1755
1751 1752
1751 1947
1752 1756
1752 1882
1753 1759
1755 1881
1756 1757
1757 1758
1758 1759
1759 1760
1760 2079
1761 1762
1761 1763
1761 1779
1762 1967
1763 1764
1763 1913
1764 1765
1764 1790
1765 1766
1765 1885
1766 1767
1766 1789
1767 1768
1768 1788
1768 1818
1769 1788
1770 1771
1771 1772
1772 1773
1773 1774
1774 1777
1775 1776
1776 1779
1776 1791
1777 1862
1778 1862
1781 1782
1781 1997
1781 2108
1782 1969
1783 2084
1783 2108
1783 2109
1784 1785
1785 1997
1785 2084
1786 1863
1787 1855
1789 1790
1789 1818
1790 1791
1791 1862
1792 1796
1793 1794
1794 1797
1794 1837
1795 1854
1796 1836
1796 1837
1798 1799
1798 1806
1799 1800
1800 1871
1801 1802
1801 1866
1801 1870
1802 1883
1802 1919
1803 1883
1803 1884
1805 1807
1806 1872
1807 1808
1807 1869
1808 2075
1808 2123
1809 1810
1809 1919
1809 2075
1810 1811
1810 2045
1811 1812
1811 1883
1812 1813
1813 1814
1813 2065
1814 1937
1814 2061
1815 1816
1815 1817
1815 2033
1816 1980
1817 2101
1819 1820
1821 1822
1822 1828
1822 1912
1823 1824
1823 1828
1823 1932
1825 1826
1826 1927
1826 1932
1827 1929
1827 1930
1828 1911
1829 1894
1829 1911
1829 1932
1832 1833
1832 1834
1834 1835
1835 1896
1835 1914
1838 1839
1839 1859
1839 1864
1840 1841
1840 1864
1840 1877
1841 1860
1841 1892
1843 1879
1844 1916
1844 1999
1845 1846
1846 1847
1846 1861
1847 1848
1850 1851
1851 1934
1855 1867
1856 1912
1857 1858
1857 1917
1858 1912
1858 1943
1859 1860
1860 1861
1865 1866
1866 1867
1868 1869
1868 1870
1868 1919
1869 1872
1870 1871
1871 1872
1873 1874
1873 1941
1874 1920
1875 1940
1875 1959
1876 1910
1876 1970
1877 1878
1878 1892
1881 1882
1886 2081
1886 2082
1887 1888
1887 1900
1888 1889
1888 1903
1889 1890
1891 1909
1894 1931
1894 1984
1895 1896
1895 1898
1897 1898
1899 1918
1899 1976
1900 1901
1901 1953
1902 1905
1902 1953
1903 1904
1903 1953
1904 1905
1906 1907
1906 1908
1908 2001
1909 1910
1909 1923
1913 1967
1914 1945
1915 1998
1922 1923
1922 2003
1924 1983
1924 2058
1925 1926
1925 1983
1926 2060
1927 1928
1928 1931
1928 1942
1929 1942
1929 2042
1930 1993
1931 1993
1933 1954
1933 1955
1933 1976
1934 1946
1934 1954
1935 1936
1935 1938
1936 1976
1936 1981
1937 1938
1937 1981
1938 1939
1940 1941
1943 1944
1944 1985
1946 1990
1946 1992
1947 1948
1949 1950
1949 1957
1950 1951
1951 1965
1951 2080
1952 2036
1952 2037
1955 1977
1955 1991
1956 1957
1957 1964
1958 1964
1958 2036
1959 1960
1960 1961
1960 2072
1961 1962
1961 2037
1962 1963
1962 2124
1964 1965
1965 2036
1966 1967
1968 1969
1968 1998
1969 2069
1970 1971
1971 1972
1971 2042
1972 1973
1973 1974
1973 2044
1974 1975
1975 2128
1977 1978
1977 1995
1978 1979
1978 1991
1979 1980
1979 1996
1980 1988
1981 1995
1982 1995
1982 1996
1982 2061
1985 1986
1986 1987
1986 1988
1987 1989
1987 1992
1989 1990
1991 1992
1993 1994
1996 2070
1998 1999
1999 2000
2000 2001
2001 2002
2002 2119
2004 2038
2004 2112
2005 2040
2005 2059
2005 2135
2006 2096
2007 2008
2007 2136
2008 2128
2009 2010
2009 2144
2010 2011
2010 2161
2011 2012
2011 2146
2012 2013
2012 2165
2013 2014
2013 2143
2014 2015
2014 2175
2015 2016
2015 2100
2016 2017
2016 2176
2017 2018
2017 2188
2018 2019
2018 2093
2019 2020
2019 2197
2020 2021
2020 2183
2021 2022
2021 2174
2022 2023
2022 2183
2024 2025
2024 2026
2024 2066
2025 2045
2025 2065
2026 2027
2026 2104
2027 2028
2027 2095
2028 2029
2028 2129
2029 2030
2029 2131
2030 2031
2030 2095
2031 2032
2031 2122
2032 2094
2032 2103
2033 2070
2033 2102
2034 2035
2034 2112
2038 2039
2038 2059
2039 2058
2040 2041
2040 2112
2041 2088
2041 2136
2042 2043
2044 2116
2045 2046
2046 2075
2046 2104
2047 2054
2047 2076
2048 2054
2048 2055
2049 2050
2049 2055
2050 2051
2050 2178
2051 2052
2051 2057
2052 2053
2052 2127
2053 2125
2054 2078
2055 2126
2056 2057
2056 2178
2056 2187
2058 2087
2059 2087
2060 2087
2060 2096
2061 2063
2062 2064
2062 2070
2062 2103
2063 2064
2063 2065
2064 2094
2066 2094
2066 2095
2067 2077
2068 2077
2068 2126
2071 2074
2072 2073
2072 2124
2073 2074
2076 2123
2077 2078
2079 2080
2080 2184
2081 2184
2082 2083
2082 2186
2084 2085
2085 2110
2085 2115
2086 2110
2086 2111
2086 2113
2088 2089
2088 2138
2089 2099
2089 2135
2090 2091
2090 2099
2090 2139
2091 2092
2092 2093
2092 2100
2093 2173
2096 2098
2097 2098
2098 2135
2100 2141
2101 2102
2102 2103
2104 2106
2105 2106
2105 2123
2105 2133
2106 2129
2107 2133
2107 2157
2109 2110
2113 2114
2113 2115
2116 2128
2118 2119
2118 2120
2118 2121
2122 2132
2124 2134
2126 2127
2130 2150
2131 2132
2136 2142
2138 2139
2138 2142
2139 2140
2140 2141
2140 2145
2141 2143
2142 2145
2143 2146
2144 2145
2144 2146
2147 2148
2148 2157
2148 2162
2149 2155
2149 2156
2149 2164
2150 2151
2150 2156
2151 2166
2151 2167
2152 2153
2152 2166
2152 2182
2153 2175
2153 2176
2154 2155
2154 2165
2154 2175
2155 2166
2156 2157
2159 2160
2159 2163
2162 2164
2163 2172
2164 2165
2167 2182
2168 2169
2168 2172
2170 2171
2170 2174
2171 2172
2173 2174
2176 2177
2177 2181
2177 2190
2178 2179
2179 2180
2180 2181
2180 2191
2181 2182
2187 2191
2187 2199
2188 2190
2188 2198
2189 2192
2189 2197
2190 2200
2191 2200
2193 2203
2194 2205
2197 2198
2198 2204
2199 2201
2200 2202
2202 2204
2203 2204
