1 396
1 400
2 3
2 397
2 401
3 4
3 400
4 5
4 443
5 6
5 363
6 402
6 403
7 10
7 402
7 459
8 9
8 440
8 481
9 63
9 480
10 11
10 481
11 401
11 402
12 13
12 136
13 126
13 139
14 15
14 127
14 138
15 16
15 137
16 18
16 130
17 18
17 20
17 140
18 226
19 20
19 141
19 225
20 21
21 22
21 232
22 23
22 243
23 25
23 251
24 25
24 27
24 335
25 250
26 27
26 304
26 327
27 294
28 29
28 123
28 304
29 124
29 350
30 32
30 389
30 417
31 32
31 33
31 419
32 395
33 432
33 509
34 210
34 394
34 432
35 36
35 210
35 354
36 38
36 586
37 38
37 462
37 507
38 39
39 40
39 588
40 41
40 632
41 539
41 641
42 540
42 576
42 640
43 576
43 635
43 672
44 538
44 575
44 576
45 416
45 434
45 472
46 47
46 335
46 347
47 341
47 380
48 50
48 251
48 335
49 50
49 51
49 242
50 334
51 236
51 305
52 53
52 234
52 260
53 54
55 173
56 132
57 58
57 405
57 407
59 407
59 408
59 439
60 61
60 62
60 439
61 409
61 456
62 496
62 498
63 65
63 96
64 65
64 66
64 480
65 564
66 100
66 578
67 100
67 615
67 661
68 69
68 615
68 719
69 70
69 545
70 658
70 679
71 574
71 584
71 680
72 584
72 694
72 720
73 547
73 712
73 720
74 75
74 711
74 712
75 598
75 721
76 77
76 377
76 702
77 78
77 689
78 79
78 375
79 80
79 618
80 81
80 373
81 82
81 83
82 550
82 603
83 513
83 581
84 513
84 550
84 565
85 86
85 367
85 549
86 87
86 514
87 88
87 378
88 89
88 158
89 90
89 333
90 156
90 178
91 92
91 332
91 365
92 177
92 178
93 150
93 155
93 332
94 95
94 102
94 149
96 97
96 457
97 98
97 510
98 99
98 543
99 564
99 614
100 564
101 102
102 150
103 104
103 150
103 299
104 105
104 332
105 311
105 365
106 298
106 310
107 108
108 359
109 110
109 142
110 111
110 220
111 112
111 146
112 145
112 174
113 114
113 145
113 211
114 115
114 252
115 116
115 171
116 117
116 253
117 118
117 172
118 120
118 281
119 120
119 223
119 246
120 295
121 246
121 247
121 295
122 247
122 248
122 304
123 124
123 309
124 259
125 126
125 136
125 143
126 127
127 128
128 129
128 144
129 137
129 147
130 221
130 233
132 133
132 141
133 134
133 173
134 225
134 229
135 151
137 221
138 139
138 140
140 141
142 143
142 144
144 146
145 170
146 147
147 170
148 149
148 151
149 153
151 152
152 153
152 220
153 154
154 155
154 175
155 177
156 157
156 180
157 158
157 182
158 159
159 160
159 184
160 161
160 514
161 162
161 589
162 190
162 406
163 164
163 619
163 652
164 165
164 194
165 591
165 654
166 195
166 591
166 592
167 168
167 594
167 609
168 169
168 620
169 493
169 610
170 224
171 172
171 224
172 222
173 228
174 175
174 220
175 185
176 177
176 185
176 300
178 179
179 180
179 186
180 181
181 182
181 188
182 184
183 184
183 189
183 190
185 211
186 300
186 301
187 188
187 189
187 342
188 301
189 343
190 191
191 344
191 346
192 193
192 406
192 652
193 194
193 219
194 195
195 607
196 197
196 493
196 494
197 388
197 492
198 199
198 388
198 553
199 428
199 490
200 201
200 429
200 490
202 203
203 204
204 671
205 206
205 524
205 670
206 207
206 542
207 208
207 604
208 209
208 279
209 522
209 523
210 585
211 212
212 213
212 252
213 300
213 302
214 215
214 302
214 342
215 253
215 280
216 254
216 355
216 420
217 420
217 444
217 482
218 344
218 482
218 531
219 345
219 608
221 224
222 223
222 227
223 244
225 230
226 232
226 233
227 233
227 244
228 234
229 230
229 235
230 231
231 242
231 251
232 243
234 236
235 236
235 242
237 238
237 285
238 337
239 240
239 338
239 340
240 241
241 292
243 245
244 245
245 249
246 249
247 294
248 296
248 309
249 250
250 294
252 253
254 255
254 280
255 282
255 297
256 382
256 383
256 433
257 258
257 282
257 308
258 259
258 381
259 389
260 283
260 303
261 305
261 306
261 357
262 306
262 356
262 358
263 264
263 348
263 358
264 265
264 454
265 436
265 534
266 267
266 473
266 536
267 448
267 567
268 269
268 477
268 636
269 479
269 677
270 272
270 479
270 631
271 272
271 696
271 700
272 274
273 275
273 699
274 275
274 630
275 276
276 628
277 278
277 651
277 673
278 279
278 604
279 642
280 281
281 297
282 433
284 285
284 303
284 313
285 286
286 287
286 379
287 288
287 337
288 289
288 339
289 290
289 414
290 291
290 410
291 292
291 339
292 408
293 407
295 296
296 307
297 307
298 299
299 311
301 302
303 312
305 312
306 334
307 308
308 309
310 311
310 396
312 313
313 314
314 315
314 357
315 316
315 379
316 317
316 455
317 413
317 495
318 469
318 495
318 500
319 320
319 512
319 559
320 321
320 566
321 544
321 572
322 663
322 688
322 691
323 324
323 665
323 691
324 546
324 667
325 326
325 667
326 715
326 723
327 341
327 350
328 329
328 349
328 442
329 418
329 504
330 331
330 415
330 442
331 465
331 474
333 365
333 378
334 347
336 341
336 416
336 434
337 338
338 339
342 355
343 344
343 444
345 346
345 606
346 406
347 348
348 435
349 417
349 441
350 441
351 352
351 418
351 419
352 353
352 508
353 354
353 507
354 509
355 444
356 357
356 445
358 453
359 360
359 400
360 443
361 362
361 364
361 443
362 404
363 403
363 404
366 367
366 378
366 399
367 398
368 369
368 549
368 565
369 481
369 497
370 371
370 578
370 661
371 513
371 581
372 580
372 581
372 675
373 374
373 675
374 375
374 693
375 376
376 377
376 694
377 721
379 414
380 434
380 435
381 382
381 390
382 421
383 483
383 525
384 483
384 485
384 530
385 485
385 530
385 602
386 387
386 533
386 602
387 552
387 646
388 645
389 390
390 395
391 392
391 421
391 430
392 393
392 423
393 517
393 551
394 518
394 541
395 430
396 399
397 398
397 399
398 497
401 497
403 458
404 405
405 438
408 409
409 410
410 411
411 412
411 456
412 413
412 499
413 414
415 416
415 441
417 418
419 509
420 433
421 422
422 423
422 525
423 424
424 425
424 527
425 427
425 551
426 427
426 489
426 521
427 528
428 429
428 489
429 622
430 431
431 432
431 517
435 436
436 437
437 472
437 536
438 439
438 458
440 457
440 496
442 464
445 446
445 455
446 453
446 467
447 454
447 467
447 558
448 449
448 535
449 561
449 568
450 560
450 561
450 570
451 452
451 566
451 570
452 572
452 686
453 454
455 470
456 498
457 501
458 459
459 496
460 461
460 464
460 503
461 463
461 529
462 463
462 539
463 505
464 465
465 466
466 529
466 575
467 471
468 469
468 471
468 557
469 511
470 471
470 495
472 473
473 474
474 475
475 476
475 575
476 537
476 567
477 538
477 672
478 479
478 629
478 672
480 577
482 483
484 485
484 525
484 526
486 487
486 526
486 552
487 488
487 528
488 489
488 553
490 491
491 492
491 707
492 555
493 555
494 532
494 609
498 501
499 500
499 501
500 510
502 510
502 511
502 543
503 504
503 505
504 508
505 506
506 507
506 508
511 512
512 571
514 515
515 516
515 548
516 589
516 603
517 518
518 519
519 520
519 522
520 521
520 551
521 623
522 541
523 542
523 623
524 542
524 671
526 527
527 528
529 540
530 531
531 606
532 533
532 645
533 607
534 535
534 536
535 558
537 538
537 676
539 540
541 585
543 562
544 545
544 571
545 563
546 681
546 710
547 681
547 708
548 549
548 550
552 602
553 646
554 555
554 613
556 557
556 558
556 561
557 559
559 560
560 566
562 571
562 614
563 573
563 679
565 577
567 569
568 569
568 570
569 662
572 573
573 669
574 669
574 688
577 578
579 580
579 661
579 719
580 683
582 659
582 660
582 675
583 659
583 660
583 680
584 692
585 642
586 587
586 643
587 588
587 647
588 624
589 616
590 591
590 654
590 655
592 609
592 656
593 594
593 595
593 620
594 657
595 596
595 724
596 704
596 705
597 598
597 599
597 704
598 703
599 600
599 722
600 601
600 711
603 617
604 605
606 608
607 608
610 613
611 612
614 615
616 617
616 652
617 618
618 619
619 653
620 621
622 623
622 644
624 632
624 649
625 626
625 633
625 649
626 627
626 634
627 628
628 630
629 631
629 635
630 631
632 633
633 641
634 635
634 640
636 664
636 676
637 638
637 677
637 684
638 639
638 666
639 695
639 714
640 641
642 643
643 651
644 671
645 646
647 648
647 651
648 650
648 673
649 650
650 682
653 654
653 689
655 656
655 690
656 706
657 704
657 706
658 659
658 683
660 693
662 663
662 676
663 687
664 684
664 687
665 666
665 713
666 718
667 709
669 686
677 695
678 698
679 680
681 692
683 719
684 713
686 688
687 713
689 690
690 702
691 692
693 694
695 696
696 697
697 698
697 701
699 700
700 701
702 703
703 706
705 722
705 724
708 710
708 712
709 710
709 715
711 716
714 718
715 716
716 717
720 721
