8405 6
8415 6
8430 6
8435 6
8459 6
8453 6
8403 6
8501 6
8509 6
8511 6
8518 6
8447 6
8491 6
8526 6
8499 6
8538 6
8520 6
8553 6
8550 6
8517 6
8559 6
8578 6
8577 6
8568 6
8558 6
8599 6
8591 6
8621 6
8622 6
8593 6
8609 6
8636 6
8635 6
8633 6
8662 6
8664 6
8672 6
8674 6
8675 6
8682 6
8687 6
8657 6
8616 6
8697 6
8661 6
8713 6
8715 6
8673 6
8637 6
8669 6
8716 6
8730 6
8729 6
8720 6
8654 6
8748 6
8755 6
8699 6
8758 6
8693 6
8757 6
8761 6
8766 6
8742 6
8771 6
8756 6
8743 6
8768 6
8786 6
8791 6
8754 6
8794 6
8779 6
8776 6
8801 6
8797 6
8793 6
8824 6
8825 6
8769 6
8790 6
8770 6
8827 6
8760 6
8856 6
8876 6
8859 6
8847 6
8861 6
8854 6
8866 6
8895 6
8863 6
8902 6
8838 6
8898 6
8833 6
8909 6
8901 6
8893 6
8924 6
8823 6
8922 6
8917 6
8885 6
8932 6
8880 6
8943 6
8957 6
8944 6
8963 6
8945 6
8879 6
8867 6
8968 6
8911 6
8933 6
8970 6
8980 6
8984 6
8988 6
8994 6
9001 6
9004 6
9010 6
8931 6
9021 6
9027 6
9005 6
8939 6
9041 6
9048 6
9043 6
9051 6
9050 6
9057 6
9063 6
8996 6
9014 6
9071 6
9046 6
9081 6
9047 6
9087 6
9089 6
9056 6
9023 6
9076 6
9067 6
9101 6
9070 6
9116 6
9123 6
9109 6
9120 6
9088 6
9127 6
9137 6
9125 6
9139 6
9154 6
9119 6
9108 6
9141 6
9159 6
9148 6
9138 6
9185 6
9168 6
9193 6
9199 6
9181 6
9122 6
9167 6
9178 6
9211 6
9220 6
9206 6
9233 6
9208 6
9240 6
9183 6
9246 6
9251 6
9194 6
9267 6
9265 6
9276 6
9293 6
9294 6
9291 6
9191 6
9308 6
9144 6
9214 6
9288 6
9312 6
9331 6
9336 6
9339 6
9340 6
9307 6
9327 6
9352 6
9350 6
9356 6
9314 6
9345 6
9365 6
9342 6
9305 6
9367 6
9373 6
9375 6
9393 6
9346 6
9369 6
9396 6
9390 6
9412 6
9389 6
9452 6
9395 6
9445 6
9471 6
9404 6
9480 6
9475 6
9484 6
9462 6
9478 6
9379 6
9485 6
9477 6
9388 6
9488 6
9476 6
9511 6
9402 6
9502 6
9449 6
9489 6
9510 6
9514 6
9526 6
9479 6
9549 6
9534 6
9545 6
9546 6
9556 6
9602 6
9586 6
9623 6
9593 6
9629 6
9631 6
9641 6
9655 6
9590 6
9669 6
9649 6
9675 6
9676 6
9618 6
9644 6
9685 6
9600 6
9634 6
9588 6
9687 6
9696 6
9714 6
9663 6
9666 6
9729 6
9740 6
9610 6
9759 6
9765 6
9769 6
9748 6
9783 6
9800 6
9780 6
9813 6
9804 6
9836 6
9762 6
9847 6
9793 6
9854 6
9863 6
9823 6
9814 6
9861 6
9881 6
9812 6
9895 6
9889 6
9756 6
9912 6
9903 6
9843 6
9925 6
9937 6
9940 6
9943 6
9927 6
9956 6
9938 6
9948 6
9973 6
9962 6
9978 6
9944 6
9967 6
9980 6
9961 6
10001 6
10029 6
10040 6
9982 6
10017 6
10034 6
10051 6
10053 6
10044 6
9992 6
10009 6
10054 6
9968 6
10078 6
10073 6
10084 6
10094 6
10101 6
10105 6
10114 6
10133 6
10153 6
10122 6
10117 6
10160 6
10164 6
10156 6
10107 6
10165 6
10162 6
10172 6
10127 6
10210 6
10212 6
10198 6
10197 6
10222 6
10246 6
10233 6
10258 6
10254 6
10268 6
