1 3
2 3
2 96
2 128
3 4
4 158
5 148
5 158
5 271
6 7
6 271
6 396
7 8
7 154
8 9
8 272
9 10
9 396
10 341
10 451
11 12
11 676
11 678
12 13
12 490
13 14
13 677
14 15
14 475
15 16
15 543
16 525
16 544
17 18
17 523
17 544
18 406
18 538
19 406
19 496
19 539
20 456
20 548
20 557
21 22
21 23
21 456
22 66
22 480
23 67
23 681
24 25
24 561
24 681
25 559
25 680
26 27
26 558
26 682
27 28
27 365
28 510
28 520
29 469
29 510
29 531
30 31
30 468
30 469
31 32
31 590
32 467
32 531
33 34
33 291
33 530
34 35
34 467
35 36
35 290
36 37
36 376
37 373
37 439
38 39
38 372
38 375
39 214
39 380
40 379
40 484
40 485
41 579
41 580
41 616
43 44
44 129
44 144
45 46
45 129
45 684
46 131
46 161
47 48
47 131
47 166
48 132
48 162
49 132
49 167
49 246
50 170
50 249
50 368
51 52
51 368
51 369
52 53
52 412
53 413
53 434
54 55
54 174
54 340
55 433
55 500
56 57
56 502
56 508
57 58
57 563
58 59
58 529
59 60
59 566
60 61
60 609
61 62
61 566
62 63
62 597
63 610
63 619
64 304
64 418
64 584
65 514
65 515
65 585
66 561
66 585
67 68
67 454
68 70
68 681
69 70
69 459
69 474
70 71
71 73
71 680
72 74
72 274
72 459
73 74
73 679
74 75
75 76
75 482
76 77
76 307
77 78
77 308
78 79
78 482
79 279
79 362
80 81
80 278
80 284
81 82
81 223
82 243
82 305
83 159
83 221
83 222
84 154
84 272
84 344
85 86
85 675
86 522
86 524
87 89
87 147
88 89
88 90
88 400
89 141
90 402
90 403
91 92
91 163
91 402
92 143
92 428
93 94
93 143
93 248
94 368
94 429
96 139
96 156
97 139
97 155
97 165
98 99
98 164
98 221
99 134
99 135
100 135
100 223
100 243
101 102
101 224
101 285
102 138
102 245
103 260
103 277
103 309
104 105
104 310
104 325
105 106
105 311
106 107
106 126
107 108
107 326
108 327
108 371
109 110
109 111
109 371
110 319
110 328
111 112
111 393
112 381
112 391
113 114
113 399
113 436
114 442
115 116
115 572
116 550
116 551
117 118
117 186
117 550
118 119
118 492
119 551
121 437
121 491
122 124
122 492
122 493
123 124
123 125
123 389
124 183
125 382
125 383
126 361
126 382
127 128
127 129
128 684
130 131
130 139
130 684
132 133
133 164
133 166
134 164
134 167
135 136
136 247
136 256
137 245
137 267
137 275
138 225
138 276
140 141
140 147
140 161
141 162
142 143
142 163
142 246
144 145
145 146
146 147
146 161
148 149
149 150
150 271
151 152
151 341
151 396
152 153
154 160
155 156
155 160
156 158
157 159
157 160
157 222
159 344
162 163
165 166
165 222
167 168
168 246
168 247
169 251
169 267
169 269
170 250
170 339
171 172
171 251
171 280
172 173
172 358
173 174
173 253
174 175
175 360
175 445
176 177
176 385
176 445
177 447
177 502
178 179
178 387
178 397
179 180
179 449
180 334
180 370
181 182
181 361
181 386
182 183
182 382
183 184
184 185
184 492
185 186
185 398
186 187
187 188
187 550
188 189
188 388
189 190
189 448
190 191
190 572
191 504
191 505
192 193
192 575
192 615
193 195
193 576
194 195
194 615
194 628
195 645
196 197
196 591
196 594
197 200
197 628
198 199
198 600
198 608
199 200
199 201
200 202
201 203
201 600
202 664
202 665
203 635
203 667
204 205
204 639
204 668
205 206
205 654
206 207
206 671
207 666
207 674
208 611
208 670
208 674
209 232
209 236
209 553
210 211
210 232
210 462
211 212
211 379
212 213
212 231
213 230
213 380
214 215
214 483
215 230
215 316
216 217
216 226
216 443
217 228
217 483
218 219
218 228
218 315
219 220
219 324
220 348
220 349
221 243
223 244
224 284
224 336
225 314
225 345
226 227
226 315
227 286
227 314
228 316
229 230
229 231
229 317
231 461
232 233
233 234
233 578
234 379
234 484
235 236
235 537
235 614
236 577
237 614
238 239
238 650
239 240
239 657
241 242
241 672
241 673
244 269
244 270
245 270
247 248
248 249
249 256
250 256
250 269
251 339
252 253
252 266
252 281
253 360
254 255
254 331
254 385
255 370
255 447
257 275
257 276
257 282
258 259
258 276
258 313
259 260
259 283
260 261
261 262
261 329
262 263
262 332
263 264
263 333
264 331
264 370
265 266
265 360
265 385
266 330
267 268
268 275
268 280
270 284
272 458
273 274
273 452
273 458
274 307
277 313
277 322
278 279
278 308
279 336
280 281
281 282
282 283
283 330
285 335
285 367
286 287
286 438
287 288
287 345
288 289
288 351
289 291
289 465
290 291
290 439
292 376
292 377
292 467
293 295
293 377
293 590
294 295
294 378
294 630
295 296
296 297
296 642
297 298
297 589
298 299
298 606
299 300
299 468
300 301
300 605
301 302
301 471
302 303
302 623
303 304
303 624
304 518
305 306
305 308
306 307
306 344
309 310
309 323
310 332
311 312
311 332
312 333
312 361
313 314
315 322
316 349
317 350
317 353
318 440
318 460
318 473
319 347
319 440
320 321
320 392
320 495
321 394
321 521
322 323
323 324
324 325
325 326
326 348
327 346
327 350
328 347
328 350
329 330
329 331
333 334
334 386
335 337
335 338
336 337
337 362
338 352
338 363
339 357
340 358
340 359
341 342
342 343
342 678
345 367
346 348
346 353
347 461
349 353
351 352
351 367
352 466
354 401
354 403
355 356
355 401
356 523
356 524
357 358
357 369
359 369
359 434
362 435
363 364
363 466
364 365
364 435
365 520
366 435
366 482
366 679
371 383
372 373
372 483
373 443
374 375
374 487
374 586
375 376
377 586
378 533
378 613
380 485
381 383
381 389
386 397
387 388
387 398
388 448
389 390
390 391
390 493
391 436
392 393
392 440
393 399
394 395
394 399
395 499
397 398
402 444
403 404
404 405
404 523
405 406
405 444
407 408
407 496
407 497
408 540
408 541
409 410
409 420
409 497
410 411
410 430
411 412
411 429
412 506
413 414
413 507
414 415
414 432
415 416
415 433
416 417
416 427
417 567
417 568
418 424
418 582
419 582
419 583
419 610
420 421
420 541
421 422
421 430
422 548
422 555
423 479
423 481
423 556
424 481
424 568
425 426
425 567
425 581
426 427
426 564
427 500
428 441
428 488
429 441
430 506
431 432
431 507
431 556
432 568
433 434
436 437
437 442
438 439
438 443
441 497
444 488
445 446
446 501
446 502
447 508
448 509
449 503
449 509
450 451
450 453
450 458
451 683
452 453
452 459
453 489
454 455
454 474
455 457
455 478
456 457
457 546
460 461
460 462
462 463
463 473
463 553
464 521
464 534
465 466
465 519
468 589
469 470
470 471
470 511
471 518
472 473
472 495
472 534
474 476
475 489
475 490
476 477
476 489
477 543
477 547
478 546
478 547
479 480
479 585
480 557
481 584
484 612
485 487
486 578
486 612
486 616
487 532
488 496
490 683
491 493
491 494
495 521
498 499
500 501
501 563
503 508
503 529
504 509
504 570
505 573
505 592
506 507
510 562
511 512
511 517
512 513
512 562
513 514
513 516
514 560
515 516
515 584
516 517
517 518
519 520
519 530
524 525
525 526
526 528
526 677
527 528
527 675
528 676
529 569
530 531
532 533
532 586
533 627
534 535
535 536
535 537
537 553
538 539
538 542
539 540
540 554
541 549
542 545
542 554
543 545
544 545
546 549
547 554
548 549
551 552
555 556
555 557
558 559
558 562
559 560
560 561
563 564
564 565
565 566
565 581
567 582
569 571
569 609
570 571
570 591
571 593
572 573
573 574
574 575
574 587
575 588
576 646
577 578
577 579
579 614
580 644
580 651
581 610
583 619
583 624
589 590
591 592
592 615
593 594
593 595
594 608
595 596
595 609
596 597
596 608
597 598
598 599
598 621
599 600
599 601
601 602
601 635
602 604
602 621
603 604
603 605
603 623
604 636
605 606
606 607
607 638
607 642
612 627
613 626
613 633
616 617
617 618
617 647
618 650
618 651
619 620
620 621
620 622
622 623
622 624
625 626
625 627
625 647
626 634
628 629
629 658
629 664
630 633
630 643
631 632
631 633
631 634
632 640
632 653
634 653
635 636
636 637
637 638
637 639
638 641
639 640
640 641
641 643
642 643
645 646
645 658
647 648
648 652
648 655
649 652
649 656
649 671
650 655
652 654
653 654
655 656
656 657
657 672
658 659
659 660
660 662
661 662
661 664
661 669
662 663
665 667
665 669
666 668
666 670
667 668
669 670
671 673
673 674
676 677
678 683
679 682
680 682
