1 1049
1 1115
2 3
2 1143
2 1153
3 4
3 1032
4 5
4 1180
5 1030
5 1104
6 850
6 996
6 1105
7 744
7 850
7 1038
8 1097
8 1161
8 1162
9 10
9 1097
9 1182
10 1019
10 1029
11 12
11 1095
11 1113
12 978
12 1094
13 1093
13 1103
13 1145
14 15
14 429
14 1093
15 959
15 960
16 183
16 473
16 844
17 18
17 469
17 618
18 617
18 770
19 306
19 879
19 976
20 21
20 785
20 977
21 22
21 1018
22 23
22 784
23 299
23 745
24 299
24 308
24 748
25 26
25 308
25 747
26 28
26 667
27 28
27 29
27 77
28 286
29 30
29 433
30 31
30 311
31 285
31 289
32 34
32 284
32 394
33 34
33 35
33 544
34 292
35 641
35 645
36 37
36 292
36 641
37 38
37 647
38 396
38 398
39 66
39 173
39 400
40 41
40 543
40 546
41 42
41 724
42 43
42 800
43 541
43 543
44 45
44 390
44 542
45 46
45 402
46 389
46 406
47 48
47 360
47 392
48 409
48 462
49 51
49 360
49 614
50 51
50 52
50 600
51 537
52 358
52 608
53 54
53 697
53 799
54 609
54 986
55 56
55 688
55 986
56 57
56 777
57 457
57 966
58 1034
58 1035
58 1101
59 333
59 1033
59 1035
60 913
60 1200
60 1201
61 62
61 386
61 605
62 540
62 1042
63 64
63 843
63 859
64 736
64 902
65 66
65 730
65 735
66 722
67 68
67 127
68 69
68 482
69 70
69 126
70 71
70 483
71 72
71 765
72 96
72 126
73 74
73 96
73 763
74 75
74 476
75 76
75 751
76 77
76 114
77 746
78 79
79 80
80 81
80 995
81 82
81 120
82 122
82 1013
83 903
83 1014
83 1086
84 210
84 945
84 1036
85 86
85 903
85 1086
86 209
86 637
87 88
87 377
87 638
88 371
88 387
89 104
89 371
89 636
90 123
90 132
90 372
91 97
91 123
91 185
92 97
92 105
94 95
94 118
94 124
95 96
95 107
97 100
98 99
98 127
100 185
101 102
101 184
102 103
103 186
103 721
104 184
104 186
105 108
105 123
106 107
106 110
106 118
107 435
108 109
109 110
109 112
110 435
111 112
111 128
111 132
112 113
113 114
113 433
114 476
115 116
115 118
116 117
119 120
119 721
120 121
121 122
121 635
122 903
124 125
124 126
125 127
128 129
128 212
129 130
129 434
130 211
130 281
131 281
131 288
131 311
132 206
133 134
133 143
133 342
134 142
134 337
135 136
135 142
135 338
136 137
136 141
137 138
137 139
138 257
138 317
139 140
139 148
140 141
140 146
141 142
143 174
143 187
144 174
144 342
144 363
145 146
145 147
145 349
146 342
147 148
147 453
148 149
149 150
149 352
150 334
150 455
151 152
151 353
151 777
152 154
152 688
153 154
153 155
153 454
154 356
155 351
155 354
156 350
156 354
156 459
157 158
157 362
157 460
158 160
158 368
159 160
159 161
159 364
160 465
161 162
161 466
162 468
162 618
163 164
163 465
163 470
164 165
164 408
165 616
165 617
166 167
166 407
166 615
167 168
167 300
168 170
168 405
169 170
169 296
169 374
170 403
171 172
171 374
171 403
172 173
172 398
173 647
174 175
175 176
175 365
176 177
176 214
177 190
177 547
178 179
178 668
178 701
179 180
179 418
180 181
180 846
181 182
181 620
182 183
182 881
183 960
184 185
186 633
187 213
187 215
188 192
188 213
188 344
189 190
189 411
189 664
190 668
191 193
191 341
191 345
192 193
192 410
193 412
194 195
194 196
194 341
195 414
195 503
196 197
196 501
197 340
197 451
198 199
198 496
198 498
199 200
199 491
200 450
200 452
201 202
201 439
201 452
202 489
202 491
203 441
203 621
203 775
204 205
204 224
204 554
205 313
205 438
206 212
206 372
207 208
207 283
207 377
208 378
208 699
209 210
209 737
210 904
211 212
211 387
213 214
214 411
215 337
215 343
216 217
216 444
216 448
217 218
217 219
218 343
218 361
219 346
219 447
220 221
220 312
220 346
221 222
221 447
222 223
222 313
223 224
223 314
224 225
225 226
225 553
226 227
226 556
227 228
227 436
228 826
228 852
229 269
229 854
229 1009
230 231
230 1379
230 1424
231 232
231 1377
232 1066
232 1067
233 592
233 593
233 1319
234 235
234 1477
234 1494
235 1478
235 1502
236 237
236 1332
236 1477
237 1407
237 1488
238 239
238 1259
238 1402
239 240
239 1215
240 241
240 1257
241 242
241 1214
242 243
242 876
243 244
243 874
244 245
244 1261
245 246
245 898
246 872
246 1092
247 248
247 769
247 811
248 249
248 650
249 738
249 781
250 251
250 653
250 781
251 802
251 864
252 253
252 864
252 970
253 255
253 861
254 255
254 862
255 968
256 337
256 338
256 448
257 258
257 338
258 278
258 443
259 260
259 277
259 280
260 261
260 318
261 276
261 320
262 264
262 265
262 320
263 265
263 687
263 1007
264 704
264 706
265 835
266 267
266 1263
266 1379
267 270
267 1377
268 269
268 270
268 856
269 1263
270 271
271 1040
271 1248
272 273
272 854
272 1008
273 827
273 852
274 275
274 852
274 853
275 436
275 684
276 277
276 686
277 685
278 280
278 488
279 445
279 488
279 683
280 317
281 282
282 376
282 393
283 284
283 544
284 393
285 286
285 290
286 287
287 430
287 667
288 289
288 393
289 291
290 291
290 309
291 394
292 395
293 295
293 296
293 375
294 295
294 309
294 310
295 397
296 297
297 301
297 310
298 307
298 431
298 432
299 783
300 302
300 304
301 302
301 431
302 432
303 304
303 305
303 615
304 782
305 306
305 743
306 785
307 308
307 667
309 388
310 430
311 434
312 313
312 339
314 315
314 553
315 316
315 445
316 437
316 683
317 335
318 335
318 336
319 320
319 336
319 1041
321 705
321 1234
321 1292
322 323
322 1425
322 1428
323 1295
323 1297
324 325
324 1459
324 1473
325 326
325 1300
326 1302
326 1461
327 328
327 1431
327 1436
328 916
328 1206
329 330
329 331
329 1460
330 1206
330 1207
331 332
331 1386
332 333
332 1372
333 1204
334 335
334 598
336 456
339 348
339 461
340 341
340 348
343 344
344 347
345 347
345 348
346 361
347 361
349 350
349 362
350 453
351 352
351 453
352 454
353 455
353 598
354 356
355 366
355 459
355 535
356 535
357 536
357 688
357 799
358 359
358 799
359 536
359 537
360 369
362 363
363 364
364 365
365 475
366 367
366 537
367 368
367 369
368 460
369 370
370 409
370 465
371 372
373 375
373 397
373 398
374 375
376 377
376 387
378 379
378 544
379 645
379 779
380 381
380 904
380 945
381 644
381 905
382 383
382 843
382 905
383 384
383 907
384 385
384 860
385 909
385 1176
386 988
386 1243
388 394
388 395
389 390
389 464
390 538
391 463
391 538
391 612
392 463
392 614
395 396
396 397
399 400
399 403
399 404
400 545
401 402
401 542
401 545
402 404
404 405
405 407
406 407
406 408
408 471
409 471
410 411
410 412
412 413
413 414
413 664
414 415
415 665
415 739
416 417
416 666
416 810
417 418
417 659
418 845
419 420
419 845
419 980
420 663
420 882
421 422
421 901
421 1175
422 424
422 1213
423 424
423 1269
423 1358
424 1175
425 886
425 1239
425 1269
426 427
426 1114
426 1239
427 1236
427 1237
428 429
428 1144
428 1236
429 1099
430 431
432 783
433 434
435 476
436 437
437 553
438 439
438 449
439 440
440 441
440 554
441 490
442 443
442 444
442 488
443 448
444 446
445 446
446 447
449 452
449 461
450 451
450 461
451 496
454 455
456 599
456 702
457 458
457 967
458 702
458 703
459 460
462 463
462 464
464 471
466 467
466 475
467 468
467 549
468 469
469 474
470 617
470 618
472 473
472 549
472 620
473 474
474 771
475 547
477 478
477 482
477 487
478 479
478 766
479 480
479 550
480 481
481 552
482 483
483 484
484 765
484 766
485 767
485 817
485 1003
486 999
486 1000
486 1004
489 490
489 596
490 669
491 492
492 498
492 504
493 494
493 504
493 632
494 521
494 523
495 522
495 738
495 802
496 497
497 499
497 522
498 521
499 500
499 501
500 738
500 769
501 502
502 503
502 768
503 739
504 595
505 597
505 622
505 794
506 507
506 625
506 795
507 508
507 529
508 509
508 943
509 531
509 939
510 820
510 887
510 940
511 512
511 513
511 1107
512 891
512 1026
513 515
513 566
514 515
514 568
514 1403
515 1262
516 517
516 569
516 1404
517 1118
517 1309
518 520
518 570
518 1399
519 520
519 1317
519 1432
520 1455
521 522
523 801
523 803
524 525
524 803
524 862
525 958
526 631
526 803
526 804
527 528
527 623
527 837
528 529
528 625
529 530
530 531
530 837
531 626
532 533
532 626
532 840
533 534
533 627
534 858
535 536
538 539
539 541
539 607
540 729
540 734
541 689
542 543
545 546
546 722
547 548
548 549
548 619
550 551
550 767
551 552
551 999
554 555
555 556
555 621
556 557
557 558
557 826
558 621
558 829
559 560
559 775
559 829
560 830
560 833
561 682
561 1082
561 1119
562 563
562 825
562 1119
563 565
563 984
564 565
564 566
564 1241
565 1107
566 567
567 568
567 1312
568 1314
569 1446
569 1495
570 582
570 1455
571 572
571 583
571 1118
572 1116
573 1487
573 1505
574 1485
574 1504
574 1505
575 577
575 1481
575 1504
576 577
576 578
576 1503
577 1470
578 1340
578 1493
579 1335
579 1474
579 1493
580 581
580 1337
580 1474
582 584
582 1495
583 1486
583 1495
584 594
584 1482
585 586
585 594
585 1506
586 1479
586 1501
587 588
587 1479
587 1484
588 1501
588 1502
589 1420
589 1494
589 1500
590 591
590 1074
590 1494
591 592
591 1502
592 1073
593 1457
593 1501
594 1457
595 596
595 630
596 597
597 670
598 599
599 777
600 601
600 613
601 606
601 608
602 603
602 692
602 698
603 604
603 695
604 605
604 734
605 987
606 611
606 691
607 611
607 690
608 698
609 695
609 697
610 989
610 1028
610 1101
611 612
612 613
613 614
615 616
616 743
619 620
619 668
622 624
622 630
623 631
623 838
624 625
624 797
626 820
627 628
627 819
628 629
630 632
631 632
633 634
633 721
634 635
634 636
635 637
636 638
637 640
638 639
639 640
639 699
640 737
641 642
642 643
642 648
643 649
643 841
644 646
644 649
645 646
646 780
647 648
648 735
649 842
650 741
650 812
651 655
651 741
651 1091
652 871
652 1090
652 1091
653 654
653 865
654 742
654 1090
655 660
655 873
656 657
656 660
656 877
657 658
657 934
658 659
658 810
659 980
660 661
661 875
661 934
662 663
662 901
662 981
663 884
664 701
665 666
665 808
666 701
669 670
669 776
670 671
671 672
671 794
672 673
672 679
673 674
673 796
674 675
674 823
675 676
675 798
676 941
676 1006
677 678
677 985
677 1006
678 891
678 1005
679 680
679 832
680 823
680 834
681 682
681 831
681 834
682 825
683 685
684 685
684 686
686 687
687 853
689 690
689 693
690 691
691 692
692 694
693 694
693 728
694 734
695 696
696 987
696 1028
697 698
699 700
700 737
700 779
702 1041
703 1100
703 1230
704 1041
704 1230
705 706
705 1231
706 1360
707 708
707 1296
707 1297
708 1326
708 1363
709 710
709 1325
709 1489
710 712
710 1496
711 712
711 713
711 1490
712 1414
713 714
713 1225
714 1397
714 1445
715 716
715 1277
715 1392
716 717
716 1290
717 719
717 1272
718 720
718 1238
718 1290
719 720
719 1271
720 1270
722 723
723 724
723 725
724 727
725 726
725 730
726 727
726 778
727 800
728 729
728 800
729 778
730 902
731 732
731 859
731 902
732 733
732 778
733 860
733 1042
735 736
736 841
739 807
740 768
740 807
740 811
741 742
742 781
743 878
744 998
744 1021
745 1021
745 1022
746 786
746 815
747 750
747 815
748 749
748 1021
749 750
749 998
750 997
751 787
751 788
752 753
752 787
752 816
753 754
753 789
754 756
754 816
755 756
755 757
755 791
756 1003
757 1031
757 1057
758 759
758 1004
758 1057
759 760
759 1048
760 761
760 1058
761 762
761 1047
762 1002
762 1153
763 764
763 787
764 765
764 817
766 767
768 769
770 772
770 878
771 772
771 844
772 774
773 774
773 959
773 1093
774 814
775 776
776 832
779 780
780 904
782 784
782 785
783 784
786 788
786 847
788 789
789 790
790 791
790 848
791 792
792 793
792 1030
793 996
793 1104
794 797
795 796
795 797
796 798
798 943
801 802
801 861
804 805
804 958
805 806
805 838
806 857
807 808
808 809
809 810
809 877
811 812
812 877
813 814
813 879
813 1023
814 1102
815 847
816 817
818 819
818 822
819 821
820 821
821 851
822 851
823 824
824 825
824 983
826 827
827 828
828 829
828 830
830 831
831 1081
832 833
833 834
835 836
835 1009
836 1263
836 1360
837 840
838 839
839 840
839 858
841 842
842 843
844 959
845 846
846 880
847 848
848 849
849 996
849 997
850 1043
853 1008
854 855
855 856
855 1081
856 1040
857 858
857 892
859 860
861 862
864 865
865 867
866 867
866 868
866 970
867 1089
868 869
868 972
869 870
869 974
870 871
870 1089
871 1187
872 873
872 874
873 1092
874 875
875 876
876 900
878 879
880 881
880 882
881 961
882 883
883 885
883 1098
884 885
884 1175
885 886
886 1114
887 888
888 889
888 1039
890 891
890 1039
890 1106
892 944
893 894
894 972
894 973
895 974
895 975
895 1187
896 897
896 1246
896 1405
897 1186
897 1258
898 1186
898 1261
899 900
899 901
899 1213
900 935
905 906
906 907
906 932
907 908
908 909
908 930
909 910
910 911
910 1251
911 912
911 1199
912 1305
912 1348
913 914
913 1178
914 1201
914 1373
915 1205
915 1368
915 1374
916 1400
916 1431
917 919
917 1208
917 1381
918 1208
918 1400
918 1430
919 920
919 1152
920 1369
920 1380
921 922
921 957
921 1376
922 923
922 1351
923 1286
923 1288
924 1286
924 1305
924 1350
925 1192
925 1285
925 1352
926 927
926 928
926 1306
927 951
927 1122
928 950
928 1244
929 931
929 949
929 1244
930 931
930 1191
931 932
932 933
933 946
933 947
934 935
935 981
936 937
936 1025
937 938
937 1227
938 1024
938 1026
939 940
939 942
940 1027
941 942
941 943
942 1005
945 946
946 1052
947 949
947 1052
948 949
948 950
948 1054
950 1121
951 1254
951 1256
952 1017
952 1256
952 1306
953 1016
953 1017
953 1181
954 955
954 1166
954 1284
955 1164
955 1265
956 1195
956 1265
956 1288
957 1266
957 1369
960 961
961 1098
962 963
962 1106
963 964
963 1025
965 966
965 986
965 1028
966 967
967 1100
968 970
968 971
969 971
971 972
973 1179
973 1327
974 1179
975 1185
975 1246
976 977
976 1023
977 979
978 979
978 1023
979 1020
980 981
982 999
982 1001
982 1044
983 984
983 1006
984 985
985 1107
987 988
988 989
989 990
990 1033
990 1200
991 992
991 1134
992 993
994 1010
995 1012
997 1043
998 1043
1000 1044
1000 1048
1002 1115
1002 1141
1003 1004
1005 1027
1007 1008
1007 1009
1011 1012
1012 1083
1013 1014
1013 1083
1014 1085
1015 1016
1015 1157
1015 1193
1016 1255
1017 1166
1018 1022
1018 1029
1019 1022
1019 1037
1020 1029
1020 1095
1024 1025
1024 1106
1026 1262
1027 1039
1030 1031
1031 1032
1032 1059
1033 1202
1034 1232
1034 1235
1035 1371
1036 1051
1036 1087
1037 1038
1037 1097
1038 1162
1040 1188
1042 1176
1044 1045
1045 1050
1045 1060
1046 1047
1046 1050
1046 1115
1047 1048
1049 1050
1051 1052
1051 1053
1053 1054
1053 1088
1054 1055
1055 1056
1055 1121
1056 1167
1056 1209
1057 1058
1058 1059
1059 1153
1061 1119
1061 1120
1061 1189
1062 1063
1062 1247
1062 1347
1063 1242
1063 1315
1064 1065
1064 1317
1064 1347
1065 1066
1065 1432
1066 1250
1067 1068
1067 1078
1068 1069
1068 1462
1069 1433
1069 1434
1070 1071
1070 1464
1070 1466
1071 1072
1071 1433
1072 1073
1072 1319
1073 1320
1074 1320
1074 1500
1075 1076
1075 1416
1075 1465
1076 1077
1076 1500
1077 1420
1077 1421
1078 1424
1078 1467
1079 1080
1079 1324
1079 1467
1080 1363
1080 1424
1081 1082
1082 1188
1083 1084
1084 1108
1084 1109
1085 1109
1085 1111
1086 1087
1087 1088
1088 1112
1089 1090
1091 1092
1094 1102
1094 1113
1095 1096
1096 1183
1096 1184
1098 1099
1099 1114
1100 1101
1102 1103
1103 1171
1104 1156
1105 1155
1105 1181
1108 1154
1109 1110
1110 1111
1110 1138
1111 1112
1112 1167
1113 1174
1116 1117
1117 1118
1117 1310
1120 1190
1120 1241
1121 1122
1122 1254
1123 1209
1123 1253
1123 1254
1124 1128
1124 1158
1124 1253
1125 1129
1125 1140
1126 1127
1126 1134
1127 1130
1127 1168
1128 1169
1128 1209
1129 1130
1130 1131
1131 1142
1131 1160
1132 1133
1132 1143
1132 1180
1133 1157
1133 1160
1134 1135
1135 1136
1135 1137
1136 1139
1136 1169
1137 1138
1137 1154
1138 1139
1139 1167
1140 1141
1141 1142
1142 1143
1144 1145
1144 1146
1145 1170
1146 1147
1146 1236
1147 1148
1147 1289
1148 1149
1148 1170
1149 1345
1149 1364
1150 1151
1150 1152
1150 1341
1151 1173
1151 1198
1152 1307
1155 1163
1155 1165
1156 1180
1156 1193
1157 1158
1158 1159
1159 1160
1159 1168
1161 1182
1161 1194
1162 1163
1163 1164
1164 1165
1165 1166
1168 1169
1170 1171
1171 1172
1172 1173
1172 1345
1173 1174
1174 1184
1176 1199
1177 1178
1177 1199
1177 1243
1178 1348
1179 1245
1181 1193
1182 1197
1183 1197
1183 1267
1184 1268
1185 1186
1185 1187
1188 1189
1189 1190
1190 1247
1191 1251
1191 1264
1192 1252
1192 1264
1194 1197
1194 1265
1195 1266
1195 1267
1196 1198
1196 1266
1196 1307
1198 1268
1200 1243
1201 1202
1202 1203
1203 1204
1203 1374
1204 1205
1205 1206
1207 1437
1207 1461
1208 1343
1210 1327
1211 1212
1212 1328
1212 1353
1213 1214
1214 1282
1215 1216
1215 1282
1216 1217
1216 1402
1217 1218
1217 1273
1218 1219
1218 1422
1219 1220
1219 1275
1220 1221
1220 1278
1221 1222
1221 1423
1222 1223
1222 1280
1223 1224
1223 1412
1224 1225
1224 1281
1225 1414
1226 1227
1226 1240
1226 1359
1227 1228
1228 1229
1228 1262
1229 1308
1230 1231
1231 1232
1232 1233
1233 1234
1233 1387
1234 1383
1235 1371
1235 1387
1237 1238
1237 1289
1238 1239
1241 1242
1242 1312
1244 1264
1245 1246
1245 1330
1247 1248
1248 1249
1249 1250
1249 1347
1250 1377
1251 1252
1252 1305
1253 1255
1255 1256
1257 1259
1257 1261
1258 1259
1258 1260
1260 1406
1260 1409
1267 1268
1269 1270
1270 1271
1271 1274
1272 1277
1272 1370
1273 1274
1273 1358
1274 1370
1275 1276
1275 1370
1276 1277
1276 1279
1278 1279
1278 1280
1279 1394
1280 1281
1281 1396
1282 1358
1283 1293
1283 1360
1283 1378
1284 1285
1284 1287
1285 1306
1286 1352
1287 1288
1287 1352
1289 1291
1290 1291
1291 1304
1292 1294
1292 1425
1293 1294
1293 1361
1294 1295
1295 1296
1296 1362
1297 1298
1298 1325
1298 1472
1299 1472
1299 1473
1299 1489
1300 1301
1300 1302
1301 1473
1301 1491
1302 1303
1303 1437
1303 1444
1304 1346
1304 1393
1307 1369
1308 1309
1308 1404
1309 1310
1310 1311
1312 1313
1313 1314
1313 1315
1314 1398
1315 1316
1316 1317
1316 1399
1318 1319
1318 1456
1318 1463
1320 1466
1321 1322
1321 1465
1321 1466
1322 1468
1322 1469
1323 1325
1323 1326
1323 1469
1324 1326
1324 1468
1327 1328
1328 1329
1329 1330
1329 1355
1330 1408
1331 1332
1331 1357
1331 1408
1332 1333
1333 1357
1333 1476
1334 1335
1334 1356
1334 1483
1335 1336
1336 1337
1336 1354
1337 1435
1338 1339
1338 1475
1339 1340
1339 1474
1340 1470
1341 1343
1341 1345
1342 1343
1342 1344
1342 1364
1344 1365
1344 1430
1346 1364
1346 1365
1348 1349
1349 1350
1349 1366
1350 1351
1351 1367
1353 1354
1353 1435
1354 1355
1355 1356
1356 1357
1361 1362
1361 1378
1362 1363
1365 1439
1366 1373
1366 1390
1367 1376
1367 1390
1368 1375
1368 1401
1371 1372
1372 1389
1373 1375
1374 1375
1376 1380
1378 1379
1380 1381
1381 1391
1382 1429
1382 1439
1382 1443
1383 1384
1383 1388
1384 1425
1384 1426
1385 1386
1385 1389
1385 1426
1386 1458
1387 1388
1388 1389
1390 1391
1391 1401
1392 1393
1392 1394
1393 1438
1394 1395
1395 1396
1395 1440
1396 1397
1397 1442
1398 1399
1398 1446
1400 1401
1402 1410
1403 1404
1403 1446
1405 1407
1405 1408
1406 1407
1406 1417
1409 1410
1409 1418
1410 1411
1411 1422
1411 1448
1412 1452
1412 1498
1413 1414
1413 1497
1413 1498
1415 1416
1415 1465
1415 1497
1416 1499
1417 1418
1417 1419
1418 1447
1419 1449
1419 1488
1420 1488
1421 1449
1421 1499
1422 1423
1423 1452
1426 1427
1427 1428
1427 1459
1428 1472
1429 1430
1429 1431
1432 1462
1433 1463
1434 1464
1434 1467
1436 1437
1436 1443
1438 1439
1438 1440
1440 1441
1441 1442
1441 1443
1442 1444
1444 1445
1445 1491
1447 1448
1447 1450
1448 1451
1449 1450
1450 1453
1451 1452
1451 1453
1453 1454
1454 1498
1454 1499
1455 1456
1456 1457
1458 1459
1458 1460
1460 1461
1462 1463
1464 1468
1469 1496
1470 1471
1476 1477
1476 1483
1478 1484
1478 1492
1479 1480
1480 1481
1480 1503
1481 1506
1482 1486
1482 1506
1483 1492
1484 1503
1485 1486
1489 1490
1490 1491
1492 1493
1496 1497
