5191 4
5194 4
5196 4
5206 4
5216 4
5217 4
5226 4
5221 4
5234 4
5214 4
5229 4
5244 4
5220 4
5257 4
5248 4
5258 4
5259 4
5274 4
5270 4
5284 4
5301 4
5266 4
5292 4
5308 4
5307 4
5321 4
5337 4
5311 4
5342 4
5303 4
5346 4
5327 4
5356 4
5363 4
5357 4
5373 4
5362 4
5361 4
5360 4
5388 4
5395 4
5398 4
5386 4
5391 4
5383 4
5414 4
5425 4
5427 4
5411 4
5432 4
5437 4
5429 4
5401 4
5408 4
5404 4
5385 4
5455 4
5441 4
5460 4
5445 4
5458 4
5467 4
5402 4
5368 4
5479 4
5397 4
5476 4
5452 4
5493 4
5487 4
5496 4
5501 4
5494 4
5511 4
5469 4
5503 4
5502 4
5495 4
5519 4
5440 4
5520 4
5524 4
5525 4
5528 4
5535 4
5490 4
5513 4
5533 4
5536 4
5543 4
5542 4
5555 4
5545 4
5556 4
5489 4
5498 4
5546 4
5549 4
5560 4
5537 4
5552 4
5584 4
5530 4
5573 4
5590 4
5595 4
5561 4
5568 4
5565 4
5599 4
5553 4
5577 4
5606 4
5612 4
5589 4
5615 4
5618 4
5481 4
5624 4
5613 4
5632 4
5633 4
5622 4
5629 4
5588 4
5644 4
5643 4
5631 4
5657 4
5674 4
5675 4
5671 4
5628 4
5694 4
5676 4
5673 4
5698 4
5637 4
5651 4
5627 4
5682 4
5611 4
5703 4
5723 4
5677 4
5725 4
5687 4
5688 4
5701 4
5730 4
5706 4
5711 4
5732 4
5681 4
5727 4
5735 4
5666 4
5663 4
5737 4
5739 4
5752 4
5757 4
5760 4
5714 4
5764 4
5722 4
5768 4
5776 4
5765 4
5770 4
5780 4
5771 4
5781 4
5790 4
5734 4
5795 4
5744 4
5762 4
5801 4
5718 4
5793 4
5807 4
5803 4
5816 4
5820 4
5789 4
5763 4
5825 4
5798 4
5813 4
5742 4
5809 4
5830 4
5831 4
5833 4
5715 4
5841 4
5826 4
5791 4
5829 4
5824 4
5800 4
5794 4
5828 4
5811 4
5848 4
5852 4
5851 4
5844 4
5835 4
5856 4
5855 4
5861 4
5854 4
5868 4
5863 4
5838 4
5872 4
5881 4
5879 4
5840 4
5893 4
5885 4
5897 4
5873 4
5888 4
5889 4
5880 4
5907 4
5910 4
5906 4
5911 4
5899 4
5862 4
5916 4
5917 4
5925 4
5931 4
5892 4
5939 4
5932 4
5940 4
5920 4
5943 4
5936 4
5938 4
5942 4
5971 4
5946 4
5944 4
5988 4
5970 4
5991 4
5987 4
5995 4
5964 4
5982 4
6000 4
5990 4
5977 4
5958 4
6017 4
6021 4
6028 4
6027 4
6042 4
6041 4
5993 4
6056 4
6014 4
6058 4
6062 4
6048 4
6068 4
6054 4
6008 4
6079 4
6030 4
6022 4
6065 4
6003 4
6093 4
6063 4
6089 4
6069 4
6104 4
6057 4
6102 4
6106 4
6016 4
6099 4
6117 4
6112 4
6134 4
6139 4
6138 4
6136 4
6149 4
6088 4
6146 4
6169 4
6170 4
6185 4
6165 4
6180 4
6178 4
6199 4
6200 4
6171 4
6206 4
6195 4
6217 4
6219 4
6202 4
6144 4
6157 4
6209 4
6229 4
6193 4
6205 4
6245 4
6250 4
6258 4
6248 4
6260 4
6266 4
6268 4
6262 4
6285 4
6210 4
6279 4
6299 4
6281 4
6304 4
6291 4
6201 4
6295 4
6293 4
6319 4
6324 4
6278 4
6331 4
6342 4
6350 4
6271 4
6346 4
6356 4
6357 4
6364 4
6369 4
6377 4
6387 4
6388 4
6379 4
6374 4
6404 4
6334 4
6418 4
6428 4
6407 4
6415 4
6367 4
6439 4
6421 4
6453 4
6449 4
6448 4
6462 4
6389 4
6434 4
6474 4
6484 4
6489 4
6432 4
6497 4
6486 4
6505 4
6499 4
6519 4
6524 4
6525 4
6464 4
6507 4
6538 4
6541 4
6535 4
6549 4
6529 4
6556 4
6518 4
6565 4
6571 4
6560 4
6583 4
6585 4
6591 4
6575 4
6559 4
6611 4
6612 4
6592 4
6620 4
6601 4
6625 4
6630 4
6503 4
6602 4
6641 4
6648 4
6622 4
6654 4
6656 4
6651 4
6686 4
6692 4
6650 4
6698 4
6702 4
6694 4
6712 4
6733 4
6749 4
