2589 12
2573 12
2563 12
2608 12
2610 12
2612 12
2605 12
2616 12
2597 12
2626 12
2602 12
2643 12
2595 12
2645 12
2658 12
2656 12
2661 12
2633 12
2659 12
2663 12
2619 12
2650 12
2668 12
2655 12
2636 12
2665 12
2684 12
2667 12
2693 12
2664 12
2697 12
2679 12
2689 12
2707 12
2696 12
2695 12
2681 12
2720 12
2686 12
2698 12
2717 12
2712 12
2729 12
2677 12
2738 12
2700 12
2718 12
2716 12
2728 12
2734 12
2721 12
2747 12
2754 12
2755 12
2756 12
2732 12
2749 12
2705 12
2750 12
2761 12
2727 12
2765 12
2739 12
2772 12
2771 12
2719 12
2778 12
2730 12
2784 12
2758 12
2788 12
2709 12
2782 12
2770 12
2779 12
2766 12
2787 12
2795 12
2759 12
2798 12
2796 12
2805 12
2811 12
2812 12
2804 12
2814 12
2815 12
2816 12
2793 12
2824 12
2818 12
2835 12
2808 12
2832 12
2841 12
2825 12
2843 12
2827 12
2848 12
2850 12
2846 12
2852 12
2855 12
2802 12
2857 12
2836 12
2859 12
2853 12
2833 12
2864 12
2801 12
2817 12
2813 12
2869 12
2822 12
2878 12
2839 12
2820 12
2872 12
2888 12
2879 12
2881 12
2823 12
2858 12
2894 12
2898 12
2845 12
2875 12
2903 12
2905 12
2906 12
2874 12
2882 12
2912 12
2904 12
2885 12
2918 12
2897 12
2919 12
2916 12
2909 12
2910 12
2924 12
2856 12
2911 12
2907 12
2930 12
2929 12
2934 12
2936 12
2942 12
2926 12
2923 12
2953 12
2950 12
2943 12
2935 12
2955 12
2920 12
2956 12
2957 12
2966 12
2962 12
2970 12
2972 12
2941 12
2975 12
2969 12
2980 12
2981 12
2984 12
2987 12
2989 12
2938 12
2990 12
2959 12
2985 12
2993 12
2948 12
2998 12
2949 12
2992 12
3009 12
3010 12
3014 12
3012 12
3000 12
3019 12
2971 12
3001 12
3004 12
3007 12
3022 12
2994 12
3003 12
2997 12
3034 12
3011 12
3036 12
3047 12
3020 12
3045 12
3021 12
3054 12
3029 12
3038 12
3051 12
3056 12
3044 12
3027 12
3048 12
3067 12
3058 12
3072 12
3083 12
3078 12
3085 12
3074 12
3088 12
3049 12
3060 12
3076 12
3073 12
3092 12
3090 12
3079 12
3107 12
3086 12
3087 12
3042 12
3102 12
3097 12
3106 12
3110 12
3103 12
3082 12
3112 12
3098 12
3069 12
3113 12
3117 12
3089 12
3100 12
3122 12
3131 12
3134 12
3127 12
3130 12
3137 12
3125 12
3140 12
3132 12
3157 12
3123 12
3165 12
3146 12
3159 12
3172 12
3175 12
3164 12
3160 12
3111 12
3153 12
3174 12
3143 12
3189 12
3186 12
3161 12
3196 12
3197 12
3192 12
3167 12
3188 12
3184 12
3173 12
3199 12
3206 12
3163 12
3213 12
3190 12
3215 12
3180 12
3183 12
3205 12
3162 12
3208 12
3222 12
3214 12
3211 12
3229 12
3195 12
3219 12
3244 12
3232 12
3242 12
3247 12
3248 12
3237 12
3202 12
3253 12
3216 12
3243 12
3223 12
3245 12
3224 12
3256 12
3264 12
3252 12
3269 12
3262 12
3255 12
3261 12
3277 12
3290 12
3292 12
3263 12
3259 12
3265 12
3258 12
3304 12
3270 12
3301 12
3278 12
3282 12
3305 12
3287 12
3291 12
3281 12
3307 12
3300 12
3322 12
3246 12
3324 12
3308 12
3315 12
3299 12
3298 12
3318 12
3321 12
3286 12
3296 12
3312 12
3320 12
3339 12
3337 12
3335 12
3330 12
3325 12
3294 12
3328 12
3358 12
3319 12
3351 12
3369 12
3340 12
3348 12
3349 12
3370 12
3295 12
3383 12
3384 12
3353 12
3387 12
3391 12
3364 12
3368 12
3362 12
3393 12
3394 12
3377 12
3363 12
3386 12
3374 12
3385 12
3388 12
3414 12
3417 12
3413 12
3382 12
3400 12
3395 12
3366 12
3412 12
3419 12
3406 12
3437 12
3423 12
3445 12
3446 12
3422 12
3430 12
3429 12
3434 12
3420 12
3440 12
3404 12
3418 12
3397 12
3449 12
3455 12
3466 12
3399 12
3444 12
3452 12
3456 12
3435 12
3428 12
3464 12
3409 12
3443 12
3475 12
3469 12
3471 12
3481 12
3459 12
3485 12
3474 12
3484 12
3496 12
3476 12
3438 12
3492 12
3503 12
3508 12
3465 12
3513 12
3468 12
3506 12
3494 12
3518 12
3498 12
3502 12
3515 12
3522 12
3488 12
3530 12
3514 12
3541 12
3490 12
3526 12
3557 12
3556 12
3553 12
3511 12
3562 12
3558 12
3524 12
3550 12
3486 12
3560 12
3559 12
3538 12
3565 12
3564 12
3549 12
3504 12
3576 12
3577 12
3578 12
3533 12
3574 12
3547 12
3572 12
3519 12
3591 12
3552 12
3535 12
3604 12
3593 12
3587 12
3592 12
3585 12
3501 12
3611 12
3595 12
3619 12
3613 12
3589 12
3612 12
3586 12
3601 12
3602 12
3600 12
3631 12
3580 12
3632 12
3579 12
3621 12
3648 12
3652 12
3608 12
3643 12
3636 12
3634 12
3657 12
3614 12
3664 12
3628 12
3667 12
3658 12
3656 12
3647 12
3638 12
3659 12
3671 12
3650 12
3666 12
3672 12
3674 12
3630 12
3618 12
3655 12
3692 12
3695 12
3684 12
3689 12
3662 12
3644 12
3663 12
3726 12
3676 12
3702 12
3679 12
3681 12
3682 12
3735 12
3718 12
3704 12
3733 12
3737 12
3720 12
3690 12
3719 12
3731 12
3722 12
3711 12
3730 12
3736 12
3683 12
3746 12
3738 12
3773 12
3755 12
3775 12
3761 12
3699 12
3748 12
3754 12
3752 12
3713 12
3790 12
3708 12
3751 12
3784 12
3774 12
3757 12
3740 12
3749 12
3797 12
3782 12
3789 12
3796 12
3776 12
3780 12
3705 12
3745 12
3795 12
3806 12
3816 12
3772 12
3821 12
3824 12
3812 12
3805 12
3798 12
3828 12
3833 12
3830 12
3840 12
3800 12
3836 12
3810 12
3847 12
3794 12
3848 12
3808 12
3860 12
3855 12
3868 12
3876 12
3809 12
3813 12
3881 12
3841 12
3859 12
3842 12
3869 12
3856 12
3874 12
3850 12
3875 12
3845 12
3884 12
3892 12
3838 12
3894 12
3871 12
3866 12
3898 12
3861 12
3844 12
3896 12
3901 12
3853 12
3885 12
3886 12
3872 12
3906 12
3907 12
3882 12
3910 12
3819 12
3883 12
3915 12
3905 12
3902 12
3920 12
3912 12
3867 12
3916 12
3947 12
3878 12
3919 12
3923 12
3941 12
3940 12
3926 12
3945 12
3930 12
3952 12
3948 12
3964 12
3963 12
3962 12
3955 12
3981 12
3928 12
3935 12
3956 12
3951 12
3933 12
3995 12
3972 12
3953 12
3968 12
3982 12
3961 12
3990 12
3971 12
3988 12
3992 12
3967 12
4006 12
3986 12
4026 12
4003 12
4007 12
4019 12
3978 12
3991 12
4032 12
3985 12
4013 12
4025 12
4036 12
4020 12
4012 12
4018 12
3999 12
4016 12
3975 12
4028 12
4033 12
4021 12
4059 12
4062 12
4061 12
4050 12
4056 12
4069 12
4076 12
12498 12
4079 12
4048 12
4022 12
4086 12
4087 12
4077 12
4060 12
4090 12
4123 12
4065 12
4105 12
4085 12
4096 12
4071 12
12499 12
4089 12
4104 12
4088 12
4116 12
4091 12
4113 12
4074 12
4110 12
4109 12
4044 12
4057 12
4102 12
4072 12
4115 12
12494 12
4126 12
4100 12
4118 12
4142 12
12500 12
4103 12
4149 12
4120 12
4157 12
4128 12
4130 12
4114 12
4131 12
4125 12
4165 12
4146 12
4170 12
4047 12
4161 12
4169 12
4180 12
4145 12
4043 12
4154 12
4173 12
12492 12
4187 12
4189 12
4147 12
4176 12
4196 12
4151 12
4197 12
4199 12
4190 12
4168 12
4205 12
4171 12
4164 12
4213 12
4177 12
4201 12
4224 12
4227 12
4220 12
4226 12
4216 12
4188 12
4230 12
4214 12
4167 12
4240 12
4236 12
4219 12
4185 12
4233 12
4245 12
4247 12
4217 12
4248 12
4256 12
4242 12
4264 12
4268 12
4269 12
4255 12
4272 12
4273 12
4270 12
4228 12
4250 12
4277 12
4229 12
4280 12
4239 12
4283 12
4287 12
4276 12
4306 12
4308 12
4307 12
4299 12
4291 12
4312 12
4284 12
4302 12
4313 12
4265 12
4267 12
4260 12
4315 12
4294 12
4296 12
4254 12
4304 12
4333 12
4278 12
4336 12
4326 12
4341 12
4347 12
4310 12
4320 12
4368 12
4330 12
4371 12
4349 12
4314 12
4305 12
4377 12
4380 12
4285 12
4381 12
4350 12
4388 12
4370 12
4387 12
4357 12
4401 12
4389 12
4374 12
4363 12
4339 12
4410 12
4340 12
4407 12
4364 12
4396 12
4358 12
4348 12
4397 12
4415 12
4433 12
4435 12
4436 12
4406 12
4390 12
4448 12
4432 12
4421 12
4402 12
4472 12
4478 12
4485 12
4481 12
4479 12
4480 12
4447 12
4463 12
4498 12
4501 12
4438 12
4502 12
4504 12
4437 12
4486 12
4496 12
4462 12
4455 12
4531 12
4522 12
4514 12
4500 12
4543 12
4469 12
4539 12
4475 12
4532 12
4545 12
4552 12
4520 12
4564 12
4566 12
4527 12
4529 12
4546 12
4571 12
4577 12
4579 12
4578 12
4581 12
4513 12
4553 12
4492 12
4580 12
4587 12
4600 12
4547 12
4573 12
4603 12
4610 12
4602 12
4612 12
4619 12
4604 12
4632 12
4631 12
4634 12
4556 12
4591 12
4652 12
4640 12
4668 12
4676 12
4644 12
4684 12
4685 12
4656 12
4653 12
4648 12
4654 12
4706 12
4692 12
4672 12
4688 12
4711 12
4678 12
4669 12
4704 12
4659 12
4696 12
4683 12
4664 12
4686 12
4677 12
4714 12
4746 12
4749 12
4662 12
4758 12
4760 12
4717 12
4743 12
4754 12
4772 12
4764 12
4782 12
4725 12
4777 12
4757 12
4765 12
4762 12
4795 12
4797 12
4813 12
4806 12
4799 12
4825 12
4817 12
4801 12
4785 12
4786 12
4832 12
4847 12
4850 12
4822 12
4859 12
4860 12
4816 12
4848 12
4840 12
4869 12
4857 12
4846 12
4901 12
4904 12
4922 12
4930 12
4863 12
4937 12
4914 12
4903 12
4897 12
4921 12
4941 12
4938 12
4882 12
4993 12
4844 12
4963 12
5000 12
5017 12
4981 12
5035 12
4892 12
4910 12
4977 12
5057 12
5062 12
5067 12
5050 12
5009 12
5071 12
5080 12
5076 12
5074 12
5125 12
5137 12
5141 12
5116 12
5170 12
5123 12
5135 12
5142 12
5114 12
5209 12
5172 12
5189 12
5212 12
5253 12
5313 12
5305 12
5254 12
5252 12
5300 12
5339 12
5335 12
5325 12
5347 12
5412 12
5406 12
5392 12
5298 12
5405 12
5227 12
5454 12
5464 12
5462 12
5371 12
5522 12
5448 12
5461 12
5526 12
5564 12
5516 12
5603 12
5538 12
5582 12
5593 12
5680 12
5672 12
5709 12
5649 12
5667 12
5740 12
5620 12
5719 12
5597 12
5661 12
5753 12
5784 12
5819 12
5799 12
5847 12
5846 12
5601 12
5869 12
5930 12
5950 12
5935 12
5966 12
5974 12
5975 12
5979 12
5955 12
5948 12
5997 12
6025 12
6004 12
6075 12
6018 12
6092 12
6051 12
6074 12
6109 12
6119 12
6037 12
6163 12
6132 12
6189 12
6198 12
