1033 11
1006 11
1076 11
1053 11
1079 11
1077 11
1072 11
1091 11
1065 11
1102 11
1086 11
1092 11
1101 11
1117 11
1119 11
1067 11
1122 11
1125 11
1132 11
1133 11
1129 11
1143 11
1134 11
1148 11
1146 11
1158 11
1161 11
1139 11
1154 11
1160 11
1166 11
1171 11
1173 11
1162 11
1177 11
1178 11
1164 11
1152 11
1170 11
1159 11
1185 11
1140 11
1181 11
1187 11
1184 11
1137 11
1186 11
1189 11
1195 11
1193 11
1194 11
1204 11
1205 11
1207 11
1208 11
1202 11
1176 11
1209 11
1219 11
1218 11
1216 11
1214 11
1222 11
1224 11
1228 11
1206 11
1234 11
1215 11
1230 11
1236 11
1231 11
1240 11
1244 11
1249 11
1238 11
1245 11
1237 11
1250 11
1251 11
1229 11
1259 11
1262 11
1267 11
1254 11
1268 11
1269 11
1261 11
1265 11
1275 11
1247 11
1276 11
1258 11
1272 11
1280 11
1283 11
1289 11
1246 11
1290 11
1291 11
1297 11
1295 11
1292 11
1303 11
1310 11
1304 11
1293 11
1308 11
1305 11
1313 11
1306 11
1299 11
1314 11
1315 11
1325 11
1329 11
1307 11
1309 11
1323 11
1330 11
1334 11
1339 11
1342 11
1346 11
1343 11
1348 11
1356 11
1341 11
1357 11
1345 11
1347 11
1365 11
1351 11
1350 11
1359 11
1360 11
1367 11
1352 11
1332 11
1362 11
1368 11
1318 11
1381 11
1377 11
1393 11
1392 11
1386 11
1391 11
1390 11
1398 11
1399 11
1382 11
1388 11
1400 11
1406 11
1407 11
1396 11
1413 11
1415 11
1401 11
1411 11
1384 11
1409 11
1402 11
1419 11
1422 11
1426 11
1432 11
1417 11
1423 11
1438 11
1446 11
1449 11
1429 11
1427 11
1450 11
1456 11
1441 11
1437 11
1455 11
1463 11
1459 11
1428 11
1464 11
1460 11
1447 11
1421 11
1473 11
1453 11
1457 11
1472 11
1474 11
1434 11
1471 11
1462 11
1486 11
1451 11
1491 11
1470 11
1461 11
1481 11
1467 11
1485 11
1489 11
1498 11
1507 11
1504 11
1515 11
1516 11
1520 11
1506 11
1484 11
1499 11
1511 11
1518 11
1500 11
1530 11
1527 11
1503 11
1534 11
1512 11
1536 11
1541 11
1540 11
1521 11
1535 11
1522 11
1509 11
1553 11
1539 11
1528 11
1533 11
1547 11
1560 11
1531 11
1563 11
1565 11
1549 11
1568 11
1564 11
1524 11
1550 11
1555 11
1548 11
1566 11
1575 11
1583 11
1567 11
1586 11
1597 11
1595 11
1606 11
1601 11
1581 11
1605 11
1579 11
1613 11
1594 11
1612 11
1589 11
1600 11
1592 11
1620 11
1614 11
1602 11
1593 11
1619 11
1608 11
1623 11
1626 11
1631 11
1618 11
1630 11
1633 11
1621 11
1576 11
1634 11
1598 11
1628 11
1644 11
1635 11
1648 11
1637 11
1650 11
1636 11
1653 11
1652 11
1660 11
1669 11
1668 11
1639 11
1659 11
1643 11
1673 11
1675 11
1647 11
1664 11
1688 11
1662 11
1685 11
1684 11
1705 11
1640 11
1703 11
1698 11
1694 11
1715 11
1690 11
1680 11
1718 11
1725 11
1691 11
1689 11
1696 11
1723 11
1728 11
1655 11
1709 11
1708 11
1716 11
1707 11
1693 11
1681 11
1745 11
1747 11
1750 11
1717 11
1721 11
1748 11
1759 11
1737 11
1744 11
1765 11
1764 11
1732 11
1757 11
1734 11
1777 11
1729 11
1760 11
1770 11
1768 11
1719 11
1753 11
1785 11
1778 11
1786 11
1742 11
1782 11
1789 11
1792 11
1784 11
1800 11
1762 11
1795 11
1805 11
1788 11
1780 11
1797 11
1794 11
1775 11
1816 11
1809 11
1804 11
1814 11
1781 11
1811 11
1822 11
1796 11
1798 11
1813 11
1826 11
1839 11
1850 11
1845 11
1841 11
1851 11
1837 11
1838 11
1833 11
1847 11
1835 11
1852 11
1846 11
1861 11
1820 11
1854 11
1857 11
1858 11
1870 11
1873 11
1874 11
1879 11
1878 11
1887 11
1881 11
1863 11
1865 11
1890 11
1883 11
1884 11
1856 11
1855 11
1866 11
1876 11
1895 11
1892 11
1894 11
1903 11
1901 11
1872 11
1897 11
1885 11
1926 11
1922 11
1905 11
1907 11
1871 11
1932 11
1911 11
1935 11
1938 11
1896 11
1940 11
1937 11
1936 11
1943 11
1920 11
1951 11
1945 11
1952 11
1946 11
1941 11
1909 11
1959 11
1953 11
1954 11
1925 11
1956 11
1934 11
1947 11
1961 11
1960 11
1972 11
1958 11
1966 11
1987 11
1971 11
1994 11
1995 11
1955 11
1993 11
1944 11
1998 11
1991 11
1988 11
2016 11
2007 11
2002 11
2011 11
2022 11
2019 11
1992 11
2020 11
2010 11
2014 11
1973 11
2036 11
2031 11
2028 11
2040 11
2015 11
2043 11
2044 11
2033 11
2041 11
1986 11
1985 11
2045 11
1997 11
2053 11
2056 11
1989 11
2042 11
2049 11
2063 11
2052 11
2074 11
2060 11
2077 11
2081 11
2075 11
2087 11
2088 11
2080 11
2090 11
2092 11
2054 11
2051 11
2067 11
2064 11
2105 11
2104 11
2084 11
2098 11
2110 11
2113 11
2112 11
2108 11
2124 11
2095 11
2117 11
2127 11
2101 11
2136 11
2137 11
2119 11
2096 11
2118 11
2134 11
2099 11
2147 11
2078 11
2138 11
2120 11
2107 11
2153 11
2129 11
2151 11
2143 11
2150 11
2163 11
2139 11
2125 11
2167 11
2170 11
2173 11
2174 11
2158 11
2169 11
2149 11
2183 11
2188 11
2122 11
2190 11
2198 11
2201 11
2164 11
2204 11
2193 11
2206 11
2168 11
2185 11
2211 11
2175 11
2205 11
2202 11
2212 11
2216 11
2220 11
2195 11
2213 11
2221 11
2208 11
2215 11
2232 11
2241 11
2236 11
2230 11
2231 11
2248 11
2242 11
2217 11
2253 11
2238 11
2244 11
2247 11
2254 11
2237 11
2249 11
2267 11
2265 11
2235 11
2263 11
2261 11
2257 11
2260 11
2272 11
2288 11
2285 11
2278 11
2274 11
2275 11
2293 11
2250 11
2289 11
2301 11
2297 11
2303 11
2282 11
2300 11
2305 11
2320 11
2298 11
2284 11
2279 11
2332 11
2323 11
2335 11
2334 11
2333 11
2313 11
2310 11
2311 11
2312 11
2345 11
2340 11
2330 11
2354 11
2346 11
2359 11
2352 11
2343 11
2327 11
2355 11
2336 11
2358 11
2361 11
2374 11
2294 11
2349 11
2369 11
2370 11
2382 11
2364 11
2389 11
2386 11
2396 11
2397 11
2378 11
2380 11
2331 11
2368 11
2395 11
2404 11
2356 11
2392 11
2416 11
2399 11
2405 11
2403 11
2413 11
2417 11
2402 11
2400 11
2415 11
2424 11
2437 11
2441 11
2432 11
2427 11
2385 11
2434 11
2408 11
2430 11
2438 11
2428 11
2443 11
2418 11
2447 11
2455 11
2439 11
2464 11
2458 11
2470 11
2420 11
2456 11
2473 11
2448 11
2482 11
2467 11
2468 11
2466 11
2491 11
2479 11
2481 11
2495 11
2503 11
2506 11
2509 11
2507 11
2514 11
2471 11
2515 11
2521 11
2518 11
2460 11
2520 11
2525 11
2505 11
2534 11
2508 11
2536 11
2537 11
2504 11
2541 11
2535 11
2527 11
2489 11
2533 11
2498 11
2551 11
2529 11
2539 11
2487 11
2530 11
2546 11
2531 11
2554 11
2568 11
2557 11
2574 11
2538 11
2578 11
2564 11
2575 11
2549 11
2570 11
2572 11
2586 11
2598 11
2592 11
2594 11
2601 11
2587 11
2565 11
2620 11
2593 11
2606 11
2615 11
2618 11
2640 11
2629 11
2654 11
2657 11
2625 11
2628 11
2652 11
2660 11
2676 11
2666 11
2688 11
