6587 15
6534 15
6537 15
6526 15
6557 15
6605 15
6606 15
6569 15
6542 15
6609 15
6631 15
6637 15
6616 15
6642 15
6598 15
6643 15
6635 15
6644 15
6626 15
6640 15
6639 15
6646 15
6582 15
6659 15
6658 15
6667 15
6666 15
6655 15
6670 15
6676 15
6660 15
6681 15
6683 15
6672 15
6689 15
6687 15
6668 15
6677 15
6696 15
6624 15
6680 15
6653 15
6688 15
6708 15
6710 15
6693 15
6684 15
6714 15
6709 15
6715 15
6718 15
6721 15
6673 15
6716 15
6699 15
6727 15
6729 15
6730 15
6697 15
6713 15
6734 15
6736 15
6738 15
6723 15
6735 15
6726 15
6740 15
6741 15
6745 15
6747 15
6750 15
6754 15
6728 15
6743 15
6748 15
6756 15
6678 15
6758 15
6763 15
6700 15
6766 15
6764 15
6767 15
6771 15
6737 15
6773 15
6761 15
6779 15
6782 15
6705 15
6777 15
6755 15
6781 15
6785 15
6778 15
6752 15
6786 15
6770 15
6789 15
6787 15
6792 15
6769 15
6788 15
6753 15
6774 15
6783 15
6795 15
6762 15
6799 15
6794 15
6801 15
6790 15
6808 15
6768 15
6803 15
6793 15
6813 15
6815 15
6784 15
6809 15
6819 15
6798 15
6823 15
6811 15
6791 15
6826 15
6829 15
6828 15
6831 15
6812 15
6834 15
6836 15
6830 15
6840 15
6765 15
6841 15
6816 15
6843 15
6846 15
6847 15
6833 15
6849 15
6821 15
6832 15
6852 15
6805 15
6807 15
6817 15
6837 15
6854 15
6856 15
6858 15
6859 15
6862 15
6865 15
6863 15
6857 15
6867 15
6872 15
6878 15
6851 15
6880 15
6868 15
6861 15
6818 15
6887 15
6888 15
6891 15
6890 15
6895 15
6896 15
6897 15
6879 15
6881 15
6874 15
6898 15
6873 15
6894 15
6889 15
6905 15
6885 15
6910 15
6916 15
6870 15
6909 15
6907 15
6883 15
6919 15
6920 15
6924 15
6927 15
6904 15
6923 15
6918 15
6933 15
6911 15
6931 15
6915 15
6932 15
6855 15
6925 15
6914 15
6945 15
6930 15
6946 15
6908 15
6948 15
6941 15
6947 15
6936 15
6864 15
6886 15
6949 15
6943 15
6952 15
6903 15
6950 15
6953 15
6956 15
6958 15
6963 15
6955 15
6962 15
6970 15
6965 15
6959 15
6974 15
6938 15
6954 15
6979 15
6980 15
6984 15
6987 15
6961 15
6976 15
6975 15
6968 15
6982 15
6991 15
6996 15
6928 15
7000 15
7001 15
6997 15
6972 15
7002 15
6966 15
6999 15
7004 15
6985 15
6992 15
6978 15
6971 15
6977 15
7007 15
7009 15
7006 15
6983 15
6926 15
6986 15
7018 15
7031 15
7008 15
7040 15
7036 15
7022 15
7020 15
7012 15
7042 15
7034 15
7038 15
7046 15
7048 15
7029 15
7033 15
7044 15
7054 15
7049 15
7058 15
7025 15
7051 15
7039 15
7027 15
7052 15
7014 15
7063 15
7061 15
7070 15
7059 15
7035 15
7060 15
7028 15
7074 15
7075 15
7023 15
7041 15
7076 15
7080 15
7084 15
7066 15
7064 15
7091 15
7093 15
7094 15
7099 15
7077 15
7104 15
7087 15
7082 15
7110 15
7111 15
7068 15
7092 15
7115 15
7079 15
7086 15
7047 15
7095 15
7120 15
7103 15
7105 15
7112 15
7106 15
7117 15
7126 15
7130 15
7131 15
7097 15
7090 15
7133 15
7135 15
7100 15
7139 15
7089 15
7137 15
7145 15
7151 15
7140 15
7119 15
7109 15
7161 15
7160 15
7162 15
7156 15
7165 15
7125 15
7166 15
7143 15
7121 15
7129 15
7113 15
7167 15
7173 15
7163 15
7175 15
7177 15
7138 15
7083 15
7148 15
7178 15
7152 15
7155 15
7164 15
7147 15
7191 15
7192 15
7194 15
7199 15
7154 15
7196 15
7183 15
7205 15
7190 15
7197 15
7211 15
7212 15
7189 15
7202 15
7181 15
7208 15
7216 15
7218 15
7193 15
7215 15
7221 15
7217 15
7195 15
7159 15
7227 15
7213 15
7230 15
7209 15
7232 15
7229 15
7238 15
7187 15
7243 15
7231 15
7225 15
7236 15
7246 15
7249 15
7250 15
7252 15
7234 15
7219 15
7239 15
7256 15
7258 15
7251 15
7262 15
7254 15
7248 15
7242 15
7266 15
7237 15
7267 15
7222 15
7271 15
7257 15
7278 15
7280 15
7270 15
7283 15
7284 15
7245 15
7279 15
7288 15
7291 15
7184 15
7268 15
7296 15
7220 15
7226 15
7297 15
7295 15
7204 15
7269 15
7286 15
7302 15
7281 15
7255 15
7308 15
7306 15
7312 15
7274 15
7315 15
7303 15
7305 15
7316 15
7320 15
7326 15
7328 15
7332 15
7336 15
7321 15
7275 15
7330 15
7342 15
7335 15
7299 15
7331 15
7345 15
7301 15
7343 15
7298 15
7334 15
7319 15
7317 15
7352 15
7354 15
7333 15
7356 15
7359 15
7351 15
7340 15
7307 15
7353 15
7309 15
7370 15
7325 15
7357 15
7363 15
7371 15
7383 15
7377 15
7347 15
7388 15
7385 15
7382 15
7390 15
7369 15
7381 15
7338 15
7394 15
7396 15
7395 15
7367 15
7350 15
7387 15
7368 15
7410 15
7412 15
7418 15
7416 15
7400 15
7375 15
7422 15
7378 15
7424 15
7419 15
7402 15
7411 15
7358 15
7379 15
7434 15
7397 15
7435 15
7428 15
7439 15
7408 15
7438 15
7391 15
7421 15
7403 15
7445 15
7430 15
7425 15
7423 15
7443 15
7431 15
7451 15
7455 15
7441 15
7458 15
7384 15
7448 15
7417 15
7468 15
7459 15
7409 15
7470 15
7420 15
7450 15
7478 15
7487 15
7491 15
7454 15
7483 15
7442 15
7474 15
7462 15
7481 15
7486 15
7480 15
7504 15
7505 15
7467 15
7503 15
7482 15
7511 15
7502 15
7507 15
7489 15
7510 15
7461 15
7449 15
7508 15
7499 15
7524 15
7525 15
7473 15
7529 15
7501 15
7533 15
7534 15
7535 15
7536 15
7538 15
7460 15
7463 15
7516 15
7517 15
7553 15
7543 15
7567 15
7530 15
7565 15
7521 15
7560 15
7550 15
7522 15
7568 15
7574 15
7579 15
7558 15
7580 15
7552 15
7492 15
7539 15
7523 15
7513 15
7559 15
7563 15
7590 15
7587 15
7540 15
7596 15
7509 15
7512 15
7600 15
7572 15
7603 15
7576 15
7497 15
7607 15
7602 15
7595 15
7613 15
7583 15
7611 15
7615 15
7582 15
7622 15
7624 15
7625 15
7626 15
7630 15
7617 15
7608 15
7614 15
7636 15
7620 15
7581 15
7562 15
7585 15
7645 15
7633 15
7592 15
7654 15
7612 15
7655 15
7657 15
7639 15
7653 15
7662 15
7650 15
7663 15
7668 15
7669 15
7658 15
7637 15
7672 15
7647 15
7675 15
7660 15
7679 15
7680 15
7683 15
7687 15
7690 15
7694 15
7695 15
7674 15
7629 15
7661 15
7703 15
7641 15
7709 15
7708 15
7717 15
7684 15
7723 15
7627 15
7681 15
7727 15
7728 15
7640 15
7666 15
7665 15
7649 15
7721 15
7722 15
7730 15
7599 15
7738 15
7589 15
7732 15
7740 15
7688 15
7742 15
7743 15
7745 15
7741 15
7711 15
7733 15
7747 15
7712 15
7726 15
7754 15
7749 15
7755 15
7753 15
7737 15
7768 15
7744 15
7763 15
7750 15
7718 15
7762 15
7696 15
7766 15
7775 15
7773 15
7757 15
7781 15
7765 15
7761 15
7782 15
7783 15
7767 15
7735 15
7793 15
7734 15
7794 15
7796 15
7787 15
7797 15
7770 15
7777 15
7805 15
7801 15
7806 15
7809 15
7813 15
7784 15
7725 15
7824 15
7774 15
7811 15
7820 15
7827 15
7800 15
7791 15
7823 15
7815 15
7829 15
7825 15
7839 15
7792 15
7798 15
7822 15
7848 15
7795 15
7821 15
7871 15
7844 15
7838 15
7817 15
7888 15
7843 15
7878 15
7858 15
7892 15
7894 15
7842 15
7836 15
7868 15
7826 15
7902 15
7876 15
7904 15
7851 15
7907 15
7908 15
7874 15
7850 15
7853 15
7920 15
7921 15
7922 15
7883 15
7928 15
7884 15
7914 15
7931 15
7897 15
7900 15
7925 15
7901 15
7909 15
7932 15
7942 15
7935 15
7943 15
7863 15
7954 15
7911 15
7910 15
7903 15
7880 15
7919 15
7951 15
7941 15
7937 15
7934 15
7949 15
7912 15
7952 15
7960 15
7970 15
7913 15
7967 15
7915 15
7948 15
7972 15
7989 15
7979 15
7978 15
7980 15
7974 15
7917 15
7995 15
7975 15
8003 15
8005 15
8004 15
8012 15
7985 15
7916 15
8007 15
7963 15
8023 15
7966 15
7929 15
7984 15
8028 15
8025 15
8019 15
8014 15
8053 15
8024 15
8057 15
8059 15
8037 15
8061 15
8063 15
8013 15
8033 15
8022 15
8008 15
8051 15
8032 15
8001 15
7991 15
8052 15
8067 15
8064 15
8072 15
7987 15
8000 15
8075 15
8062 15
8083 15
8021 15
8074 15
8002 15
8044 15
8009 15
8077 15
8086 15
8085 15
8087 15
8095 15
8068 15
8102 15
8049 15
8100 15
8078 15
8076 15
8106 15
8113 15
8073 15
7983 15
8050 15
8110 15
8098 15
8069 15
8029 15
8109 15
8103 15
8071 15
7994 15
8105 15
8115 15
8145 15
8144 15
8097 15
8126 15
8139 15
8148 15
8131 15
8125 15
8120 15
8084 15
8133 15
8157 15
8132 15
8130 15
8141 15
8167 15
8166 15
8155 15
8123 15
8160 15
8112 15
8168 15
8183 15
8156 15
8121 15
8164 15
8200 15
8152 15
8199 15
8108 15
8172 15
8178 15
8210 15
8187 15
8218 15
8197 15
8216 15
8192 15
8226 15
8176 15
8225 15
8207 15
8198 15
8206 15
8194 15
8214 15
8217 15
8179 15
8175 15
8186 15
8196 15
8236 15
8248 15
8181 15
8234 15
8238 15
8201 15
8185 15
8161 15
8190 15
8221 15
8257 15
8264 15
8174 15
8272 15
8222 15
8259 15
8250 15
8229 15
8256 15
8287 15
8293 15
8279 15
8295 15
8246 15
8300 15
8289 15
8301 15
8274 15
8267 15
8286 15
8239 15
8294 15
8306 15
8297 15
8304 15
8282 15
8284 15
8316 15
8268 15
8296 15
8323 15
8277 15
8299 15
8312 15
8322 15
8265 15
8327 15
8271 15
8255 15
8331 15
8334 15
8319 15
8308 15
8344 15
8329 15
8326 15
8314 15
8311 15
8328 15
8383 15
8369 15
8354 15
8387 15
8381 15
8353 15
8391 15
8357 15
8396 15
8386 15
8406 15
8378 15
8317 15
8388 15
8367 15
8285 15
8397 15
8280 15
8332 15
8411 15
8420 15
8398 15
8313 15
8359 15
8416 15
8366 15
8364 15
8413 15
8440 15
8433 15
8428 15
8393 15
8389 15
8431 15
8385 15
8417 15
8448 15
8379 15
8443 15
8446 15
8399 15
8422 15
8425 15
8395 15
8407 15
8437 15
8365 15
8424 15
8458 15
8466 15
8490 15
8492 15
8409 15
8423 15
8482 15
8488 15
8442 15
8503 15
8478 15
8473 15
8477 15
8457 15
8373 15
8474 15
8513 15
8493 15
8506 15
8463 15
8483 15
8489 15
8484 15
8475 15
8505 15
8487 15
8460 15
8516 15
8536 15
8537 15
8519 15
8495 15
8502 15
8462 15
8427 15
8471 15
8551 15
8514 15
8567 15
8508 15
8529 15
8523 15
8572 15
8528 15
8557 15
8525 15
8544 15
8552 15
8590 15
8582 15
8569 15
8602 15
8595 15
8565 15
8608 15
8605 15
8579 15
8597 15
8570 15
8600 15
8588 15
8610 15
8586 15
8573 15
8532 15
8638 15
8576 15
8642 15
8540 15
8640 15
8648 15
8651 15
8613 15
8535 15
8564 15
8639 15
8604 15
8594 15
8670 15
8681 15
8679 15
8684 15
8619 15
8663 15
8625 15
8574 15
8626 15
8620 15
8692 15
8688 15
8612 15
8677 15
8667 15
8666 15
8641 15
8629 15
8694 15
8721 15
8689 15
8644 15
8717 15
8634 15
8683 15
8710 15
8719 15
8714 15
8696 15
8723 15
8643 15
8747 15
8706 15
8751 15
8752 15
8745 15
8764 15
8750 15
8759 15
8727 15
8783 15
8753 15
8789 15
8796 15
8816 15
8818 15
8702 15
8817 15
8821 15
8802 15
8814 15
8808 15
8834 15
8705 15
8837 15
8860 15
8828 15
8822 15
8806 15
8737 15
8842 15
8813 15
8865 15
8873 15
8781 15
8803 15
8852 15
8875 15
8883 15
8811 15
8877 15
8912 15
8913 15
8918 15
8890 15
8910 15
8952 15
8900 15
8951 15
8942 15
8995 15
8954 15
8990 15
8983 15
8987 15
8969 15
9003 15
9011 15
8986 15
8964 15
