1 2
1 1414
2 3
2 1416
3 4
3 1436
4 5
4 1437
5 1418
5 1553
6 7
6 1381
6 1552
7 1382
7 1531
8 10
8 1721
8 1726
9 11
9 1533
9 1730
10 12
10 1376
11 12
11 13
12 1841
13 1536
13 1538
14 1351
14 1536
14 1966
15 16
15 1356
15 2048
16 1353
16 1968
17 18
17 2048
17 2119
18 1357
18 2217
19 20
19 21
19 2217
20 1358
20 1462
21 1433
21 2298
22 23
22 1433
22 2353
23 24
23 2298
24 25
24 2290
25 2231
25 2364
26 27
26 1663
26 2169
27 1661
27 2331
28 29
28 30
28 2332
29 1661
29 2291
30 31
30 2268
31 2330
31 2350
32 33
32 2197
32 2330
33 34
33 2401
34 35
34 2350
35 36
35 2387
36 37
36 2259
37 39
37 2159
38 39
38 40
38 2375
39 2296
40 41
40 2366
41 42
41 2414
42 43
42 1606
43 44
43 2422
44 45
44 2204
45 46
45 2424
46 47
46 2133
47 2323
47 2342
48 49
48 2322
48 2342
49 50
49 2348
50 51
50 2389
51 2341
51 2388
52 53
52 1927
52 1928
53 54
53 2297
54 55
54 2305
55 56
55 2085
56 57
56 2228
57 2041
57 2162
58 59
58 2161
58 2162
59 2041
59 2094
60 1858
60 1985
61 1749
62 1955
62 1985
62 2034
63 1955
63 2036
64 65
65 1102
66 619
66 1185
67 68
67 618
70 71
70 911
71 72
71 913
72 1135
73 74
74 75
74 188
75 233
75 350
76 77
76 233
76 234
77 78
77 231
78 232
78 452
79 446
79 453
79 523
80 82
80 447
80 523
81 83
81 453
81 634
82 83
82 524
83 84
84 85
84 673
85 86
85 331
86 87
86 88
87 756
87 791
88 327
88 328
89 90
89 91
89 327
90 791
90 815
91 92
91 324
92 93
92 94
93 179
93 815
94 95
94 817
95 96
95 304
96 291
96 709
97 99
97 291
97 738
98 100
98 703
98 736
99 100
99 837
100 101
101 277
101 278
102 292
102 293
102 485
103 104
103 484
103 584
104 576
104 577
105 106
105 499
105 574
106 107
106 503
107 108
107 464
108 109
108 460
109 457
109 481
110 111
110 458
110 481
111 478
111 600
112 781
112 798
112 857
113 114
113 747
113 857
114 115
114 745
115 116
115 750
116 117
116 860
117 118
117 1020
118 119
118 323
119 120
119 750
120 121
120 748
121 874
121 1017
122 124
122 563
122 1026
123 124
123 126
123 1095
124 1028
125 126
125 128
125 213
126 1029
127 128
127 214
128 1188
130 131
132 826
132 864
132 1065
133 134
133 864
133 1035
134 786
134 928
135 349
135 783
135 926
136 138
136 349
136 1005
137 138
137 196
137 1021
138 346
139 140
139 196
139 689
140 197
140 1011
141 773
141 1012
141 1122
142 776
142 834
142 1122
143 144
143 834
143 1125
144 145
144 1121
145 147
145 1077
146 147
146 977
146 1125
147 148
148 149
148 1220
149 150
149 1183
150 976
150 1301
151 152
151 955
151 1395
152 153
152 1359
153 572
153 1396
154 155
154 566
154 568
155 156
155 1421
156 157
156 1293
157 158
157 1296
158 159
158 1446
159 160
159 1297
160 161
160 1573
161 162
161 1208
162 971
162 1209
163 1211
163 1213
163 1832
164 165
164 1212
164 1832
165 166
165 1597
166 168
166 1212
167 168
167 1912
168 1407
169 170
170 171
170 337
171 336
171 392
172 173
172 336
172 865
173 391
173 866
174 867
174 871
174 979
175 177
175 526
175 527
176 177
176 792
176 816
177 793
178 179
178 816
178 840
179 303
180 181
180 301
180 1000
181 300
181 795
182 183
182 794
182 795
183 184
183 851
184 185
184 528
185 527
185 793
186 251
187 188
188 240
189 351
189 354
189 355
190 191
190 229
190 354
191 192
191 727
192 636
192 726
193 344
193 726
193 820
194 195
194 345
194 693
195 346
195 692
196 692
197 198
197 772
198 199
198 773
199 200
199 774
200 686
200 869
201 774
201 777
201 887
202 203
202 778
202 888
203 204
203 321
204 205
204 1076
205 986
205 1073
206 208
206 985
206 1074
207 209
207 565
207 569
208 209
208 876
209 1096
210 211
210 1096
210 1302
211 223
211 1206
212 222
212 223
213 214
213 1198
214 223
215 1282
216 1282
217 218
218 1207
219 220
219 1283
219 1295
220 1207
220 1402
221 1294
221 1295
221 1362
222 1206
222 1281
224 353
225 226
225 699
225 700
226 241
227 228
227 370
227 699
228 354
228 727
229 230
229 341
230 231
230 454
231 350
232 234
232 446
233 243
234 245
235 236
235 249
235 445
236 360
236 383
237 238
237 456
237 701
238 603
239 242
239 244
240 351
240 355
241 352
241 370
242 243
242 246
244 247
244 251
245 246
245 249
246 247
247 248
248 249
248 359
250 356
250 371
252 801
253 254
254 554
254 593
255 256
255 592
255 593
256 257
256 554
257 258
257 509
258 512
258 633
259 260
259 595
259 633
260 261
260 512
261 502
261 516
262 263
262 480
262 517
263 264
263 519
264 265
264 482
265 266
265 798
266 600
266 635
267 268
267 635
267 781
268 269
268 743
269 270
269 599
270 723
270 741
271 272
271 597
271 687
272 462
272 711
273 274
273 276
273 462
274 705
274 730
275 276
275 506
275 704
276 505
277 586
277 704
278 279
278 292
279 280
279 733
280 293
280 734
281 282
281 734
281 909
282 283
282 733
283 285
283 850
284 285
284 884
284 909
285 286
286 287
286 1000
287 288
287 850
288 289
288 302
289 290
289 839
290 304
290 854
291 854
292 585
293 294
294 295
294 487
295 735
295 891
296 882
296 892
296 1061
297 298
297 882
297 909
298 883
298 1062
299 883
299 993
299 996
300 992
300 1001
301 302
301 851
302 303
303 304
305 306
305 759
305 809
306 307
306 717
307 308
307 758
308 715
308 716
309 310
309 712
309 713
310 311
310 680
311 312
311 764
312 313
312 682
313 314
313 769
314 315
314 768
315 740
315 855
316 317
316 319
316 868
317 318
317 855
318 742
318 744
319 779
319 859
320 321
320 885
320 886
321 1072
322 984
322 1019
322 1078
323 1017
323 1019
324 325
324 809
325 326
325 327
326 717
326 719
328 329
328 719
329 673
329 674
330 340
330 634
330 670
331 332
331 524
332 450
332 525
333 451
333 666
333 836
334 335
334 664
334 818
335 382
335 870
336 390
337 338
337 849
339 340
339 341
339 454
340 722
341 342
342 343
342 726
343 672
343 797
344 345
344 636
345 348
346 348
347 348
347 349
347 783
350 351
352 353
355 370
356 357
356 359
357 358
357 456
358 371
358 604
359 360
360 372
361 362
362 602
363 364
363 522
363 788
364 365
364 873
365 366
365 872
366 367
366 912
367 368
367 914
368 369
368 748
369 874
369 1025
372 373
372 456
373 374
373 384
374 386
374 701
375 388
375 603
375 701
376 377
376 386
376 387
377 378
377 661
378 379
378 580
379 380
379 662
380 381
380 848
381 389
381 664
382 389
382 865
383 384
383 463
384 385
385 386
385 447
387 388
387 580
389 390
390 849
391 393
391 1002
392 925
392 1003
393 394
393 866
394 395
394 1092
395 397
395 1039
396 397
396 398
396 1040
397 1093
398 1087
398 1189
399 400
399 1086
399 1087
400 1088
400 1218
401 402
401 1087
401 1191
402 403
402 1186
403 404
403 1192
404 405
404 1187
405 406
405 1155
406 407
406 1298
407 408
407 1270
408 1274
408 1415
410 411
411 412
412 1982
412 1983
413 414
413 1900
413 2160
414 2086
414 2100
415 1964
415 2066
415 2100
416 2026
416 2027
416 2066
417 418
417 1678
417 1935
418 1984
418 2027
419 420
419 1849
419 1891
420 1704
420 1844
421 422
421 1524
421 1845
422 1712
422 1719
423 424
423 1718
423 1744
424 1329
424 1713
425 427
425 1326
425 1614
426 427
426 1059
426 1234
427 428
428 429
428 1467
429 1314
429 1484
430 1312
430 1313
430 1485
431 432
431 1312
431 1667
432 433
432 1487
433 434
433 1665
434 1682
434 1784
435 436
435 1610
435 1784
436 438
436 1839
437 438
437 439
437 1394
438 1783
439 440
439 1120
440 441
440 1840
441 442
441 1750
442 443
442 1813
443 1613
444 1336
445 446
445 463
447 448
448 449
448 661
449 450
449 524
450 451
451 789
452 453
452 455
454 455
455 634
457 557
457 558
458 459
458 558
459 599
459 635
460 504
460 557
461 462
461 505
461 596
463 523
464 476
464 497
465 466
465 499
465 575
466 467
466 606
467 468
467 639
468 469
468 588
469 470
469 659
470 607
470 807
471 607
471 790
471 807
472 473
472 475
472 790
473 609
473 629
474 475
474 594
475 801
476 481
476 556
477 478
477 501
477 556
478 479
479 480
479 502
480 482
482 600
483 700
484 485
484 658
485 486
486 487
486 729
487 579
488 880
488 919
488 1047
489 918
489 919
489 922
490 491
490 890
490 1147
491 492
491 493
492 612
492 1004
493 647
493 922
494 495
494 644
494 889
495 643
495 877
496 579
496 877
496 891
497 498
497 555
498 499
498 605
500 555
500 589
500 605
501 502
501 595
503 504
503 583
504 505
506 583
506 586
508 510
509 510
509 553
510 511
511 513
512 513
513 515
514 515
514 559
514 560
515 516
516 517
517 518
518 519
518 560
519 754
520 521
520 561
520 754
521 724
521 753
522 724
522 755
525 666
525 756
526 665
526 804
527 819
528 529
528 806
529 530
529 794
530 531
530 978
531 907
531 980
532 907
532 1080
532 1137
533 534
533 1137
533 1164
534 535
534 1224
535 537
535 1044
536 537
536 1138
536 1225
537 1156
538 539
538 1225
538 1288
539 1157
539 1323
540 1321
540 1324
540 1325
541 542
541 1322
541 1419
542 1257
542 1555
543 544
543 1258
543 1695
544 1521
544 1522
545 546
545 1483
545 1521
546 547
546 1707
547 1482
547 1685
548 549
548 1480
548 1668
549 550
549 1463
550 551
550 1526
551 552
551 1463
552 1491
555 556
557 596
558 598
560 601
561 601
561 602
562 601
563 874
563 875
564 875
564 876
564 1095
565 567
565 1302
566 567
566 1292
567 1293
568 1391
568 1399
569 570
569 1292
570 1074
570 1075
571 573
571 1075
571 1291
572 573
572 1300
573 1339
574 575
574 576
575 638
576 582
577 638
577 658
578 579
578 643
578 729
580 581
581 848
582 583
582 584
584 585
585 586
587 588
587 590
587 606
588 667
589 590
589 595
590 591
591 592
591 633
592 668
593 669
594 669
594 790
596 597
597 598
598 599
602 725
605 606
607 667
608 609
608 610
608 628
609 814
610 613
610 648
611 612
611 647
611 648
612 613
613 614
614 615
614 649
615 616
615 651
616 617
616 656
617 652
617 653
618 620
618 1082
619 620
619 621
620 1169
621 1101
621 1102
622 623
622 1143
623 624
623 1245
624 625
624 1145
625 626
626 627
626 1331
627 1146
628 630
628 649
629 630
629 800
630 852
631 632
631 650
631 852
636 637
637 782
637 783
638 639
639 640
640 641
640 803
641 642
641 728
642 643
642 802
644 645
644 802
645 646
645 921
646 647
646 660
648 808
649 650
650 651
651 652
652 881
654 656
654 1004
654 1099
655 1004
655 1099
655 1147
656 1081
657 881
658 728
659 660
659 808
660 803
661 789
662 663
662 789
663 664
663 836
665 666
665 757
667 668
668 669
670 671
670 673
671 675
671 722
672 696
672 722
674 675
674 719
675 676
676 716
676 718
677 678
677 695
677 718
678 679
678 713
679 765
679 767
680 681
680 765
681 682
681 688
682 684
683 684
683 685
683 858
684 769
685 686
685 771
686 770
687 720
687 723
688 690
688 858
689 691
689 772
690 691
690 766
691 692
693 694
693 766
694 767
694 820
695 696
695 767
696 797
697 698
697 799
697 813
698 821
698 863
699 812
700 799
702 703
702 730
702 736
703 704
705 706
705 710
706 732
706 761
707 708
707 732
707 759
708 709
708 817
709 738
710 711
710 760
711 720
712 762
712 764
713 714
714 715
714 718
715 762
716 717
720 763
721 760
721 763
721 764
723 739
724 725
727 811
728 729
730 731
731 732
731 737
733 837
734 735
735 882
736 737
737 738
739 740
739 768
740 741
741 742
742 743
743 780
744 745
744 780
745 859
746 747
746 749
746 750
747 751
748 749
749 872
751 755
751 873
752 753
752 755
752 857
753 810
754 810
756 757
757 792
758 759
758 796
760 761
761 796
762 796
763 768
765 766
769 856
770 856
770 868
771 772
771 858
773 775
774 775
775 776
776 1121
777 778
777 923
778 886
779 885
779 924
780 781
782 784
782 811
784 785
784 861
785 786
785 926
786 862
787 788
791 792
793 840
794 1030
795 991
797 820
798 810
800 801
800 835
802 803
804 818
804 836
805 806
805 819
805 870
806 978
807 814
808 814
809 817
811 812
812 813
813 861
815 816
818 819
821 841
821 842
822 823
822 847
822 1034
823 824
823 1036
824 825
824 843
825 826
825 940
826 1035
827 828
827 930
827 1035
828 829
828 928
829 931
829 1148
830 831
830 1006
830 1071
831 1008
831 1170
832 1008
832 1014
832 1023
833 834
833 1014
833 1124
837 838
838 839
838 850
839 854
840 851
842 1033
842 1065
843 1065
843 1097
844 845
844 846
845 944
845 1036
848 849
852 853
855 856
859 860
860 982
861 862
862 863
863 864
865 871
866 867
867 1038
868 869
869 923
870 871
872 873
875 1018
876 1079
877 879
878 879
878 880
878 918
879 893
880 1045
883 884
884 1001
885 982
886 924
887 888
887 1121
888 1076
889 918
889 921
890 920
890 1105
891 892
892 894
893 894
893 896
894 1060
895 896
895 1045
895 1179
896 1063
897 898
897 1179
897 1241
898 899
898 1063
899 900
899 1103
900 1180
900 1242
901 902
901 1165
901 1272
902 903
902 1228
903 904
903 1240
904 905
904 1160
905 906
905 1224
906 1032
906 1137
907 908
908 1030
908 1031
910 911
911 912
912 913
913 914
914 1024
915 916
915 1024
915 1135
916 917
916 1027
917 1029
919 920
920 1048
921 922
923 924
926 927
927 929
927 1005
928 929
929 1071
930 931
930 940
931 933
932 933
932 1131
932 1149
933 934
934 1126
934 1127
935 936
935 1130
935 1215
936 972
936 1408
937 950
937 1408
937 1552
938 939
938 1214
938 1264
939 1128
939 1131
940 1149
941 942
941 1149
941 1184
942 943
942 1036
943 1134
943 1184
944 1134
944 1269
945 946
946 947
946 1269
947 1268
947 1363
948 949
948 1266
948 1413
949 1414
949 1416
950 1285
950 1417
951 952
951 1217
951 1286
952 953
952 1284
953 954
953 1364
954 974
954 1365
955 957
955 1341
956 958
956 1342
956 1343
957 958
957 1395
958 1427
959 1426
959 1490
959 1632
960 961
960 1424
960 1631
961 1448
961 1449
962 963
962 1565
962 1723
963 964
963 1562
964 965
964 1827
965 1830
965 1870
966 967
966 1562
966 1870
967 968
967 1589
968 969
968 1575
969 970
969 1722
970 1724
970 1725
971 1573
971 1574
972 1216
972 1409
973 1216
973 1217
973 1377
974 975
974 977
975 1010
975 1284
976 977
976 1340
978 979
979 980
980 981
981 1038
981 1080
982 1020
983 1019
983 1020
983 1072
984 1072
984 1073
985 1073
985 1079
986 1074
986 1219
987 991
987 1030
987 1098
988 989
988 1161
988 1162
989 997
989 1104
990 1104
990 1166
990 1180
991 992
992 993
993 994
994 995
994 1094
995 996
995 1162
996 997
997 998
998 999
998 1062
999 1064
999 1103
1000 1001
1002 1003
1002 1083
1003 1066
1005 1006
1006 1007
1007 1022
1007 1023
1008 1015
1009 1010
1009 1016
1009 1173
1010 1123
1011 1012
1011 1021
1012 1070
1013 1014
1013 1070
1013 1122
1015 1016
1015 1124
1016 1171
1017 1018
1018 1078
1021 1022
1022 1069
1023 1069
1024 1025
1025 1026
1026 1027
1027 1028
1028 1029
1031 1032
1031 1098
1032 1159
1033 1037
1033 1097
1034 1097
1038 1039
1039 1150
1040 1041
1040 1150
1041 1043
1041 1189
1042 1043
1042 1163
1042 1164
1043 1151
1044 1164
1044 1251
1045 1046
1046 1047
1046 1175
1047 1048
1048 1167
1049 1050
1049 1167
1049 1175
1050 1051
1050 1177
1051 1052
1051 1197
1052 1053
1052 1275
1053 1054
1053 1178
1054 1055
1054 1303
1055 1056
1055 1262
1056 1057
1056 1202
1057 1058
1057 1388
1058 1059
1058 1466
1059 1204
1060 1061
1060 1064
1061 1062
1063 1064
1067 1084
1068 1085
1068 1088
1069 1070
1071 1148
1075 1182
1076 1077
1077 1219
1078 1079
1080 1163
1081 1082
1082 1099
1083 1084
1083 1092
1084 1085
1085 1086
1086 1093
1088 1089
1089 1090
1089 1218
1090 1091
1092 1093
1094 1098
1094 1158
1095 1198
1096 1198
1100 1139
1100 1147
1100 1169
1101 1169
1101 1205
1102 1142
1103 1104
1105 1139
1105 1168
1106 1107
1106 1168
1106 1197
1107 1108
1107 1140
1108 1221
1108 1247
1109 1110
1109 1247
1109 1275
1110 1222
1110 1249
1111 1112
1111 1223
1111 1250
1112 1113
1112 1330
1113 1114
1113 1385
1114 1330
1114 1332
1115 1116
1115 1332
1115 1387
1116 1117
1116 1334
1117 1118
1117 1679
1118 1119
1118 1611
1119 1120
1119 1680
1120 1750
1123 1124
1123 1125
1126 1148
1126 1170
1127 1128
1127 1172
1128 1129
1129 1130
1129 1214
1130 1287
1131 1132
1132 1184
1132 1263
1133 1134
1133 1263
1133 1267
1135 1136
1138 1224
1138 1240
1139 1140
1140 1205
1141 1142
1141 1205
1141 1221
1142 1143
1143 1144
1144 1145
1144 1223
1145 1330
1150 1163
1151 1152
1151 1190
1152 1153
1152 1251
1153 1154
1153 1192
1154 1155
1154 1252
1155 1194
1156 1253
1156 1319
1157 1320
1157 1321
1158 1159
1158 1162
1159 1160
1160 1161
1161 1166
1165 1166
1165 1181
1167 1168
1170 1171
1171 1172
1172 1173
1173 1174
1174 1284
1174 1286
1175 1199
1176 1177
1176 1199
1176 1200
1177 1178
1178 1261
1179 1199
1180 1181
1181 1244
1182 1183
1182 1220
1183 1300
1186 1187
1186 1218
1187 1270
1189 1190
1190 1191
1191 1192
1193 1194
1193 1195
1193 1235
1194 1298
1195 1238
1195 1400
1196 1299
1196 1415
1196 1463
1197 1247
1200 1241
1200 1261
1201 1202
1201 1243
1201 1262
1202 1203
1203 1204
1203 1231
1204 1233
1206 1360
1207 1208
1208 1209
1209 1411
1210 1211
1210 1411
1210 1412
1211 1724
1212 1213
1213 1404
1214 1215
1215 1285
1216 1287
1217 1364
1219 1220
1221 1222
1222 1223
1225 1226
1226 1227
1226 1240
1227 1228
1227 1288
1228 1229
1229 1230
1229 1290
1230 1232
1230 1272
1231 1232
1231 1273
1232 1337
1233 1234
1233 1337
1234 1325
1235 1237
1235 1254
1236 1237
1236 1255
1236 1445
1237 1238
1238 1239
1239 1260
1239 1481
1241 1242
1242 1243
1243 1273
1244 1272
1244 1273
1248 1249
1248 1275
1248 1276
1249 1250
1250 1384
1251 1252
1252 1253
1253 1254
1254 1255
1255 1319
1256 1257
1256 1322
1256 1445
1257 1259
1258 1259
1258 1555
1259 1260
1260 1483
1261 1262
1263 1264
1264 1265
1265 1266
1265 1285
1266 1268
1267 1268
1267 1269
1270 1271
1271 1274
1276 1277
1276 1303
1277 1278
1277 1384
1278 1279
1278 1304
1279 1306
1279 1386
1280 1608
1280 1679
1280 1680
1281 1282
1281 1362
1283 1362
1286 1287
1288 1289
1289 1290
1289 1323
1290 1338
1291 1292
1291 1391
1293 1361
1294 1296
1294 1361
1295 1402
1296 1297
1297 1402
1298 1299
1299 1400
1300 1359
1301 1340
1301 1359
1302 1360
1303 1401
1304 1305
1304 1401
1305 1306
1305 1464
1306 1392
1307 1392
1307 1465
1307 1664
1308 1309
1308 1492
1308 1664
1309 1310
1309 1318
1310 1556
1310 1666
1311 1312
1311 1556
1311 1667
1313 1314
1313 1512
1314 1316
1315 1317
1315 1390
1315 1467
1316 1317
1316 1511
1317 1493
1318 1493
1318 1527
1319 1320
1320 1445
1321 1322
1323 1324
1324 1338
1325 1419
1326 1327
1326 1419
1327 1328
1327 1554
1328 1329
1328 1615
1329 1716
1331 1332
1331 1333
1333 1334
1333 1489
1334 1611
1335 1336
1335 1488
1335 1613
1337 1338
1339 1391
1339 1398
1340 1341
1341 1365
1342 1365
1342 1367
1343 1367
1343 1490
1344 1369
1344 1371
1344 1468
1345 1373
1345 1470
1345 1471
1346 1348
1346 1472
1346 1742
1347 1348
1347 1376
1347 1841
1348 1473
1349 1350
1349 1474
1349 1841
1350 1477
1350 1842
1351 1352
1351 1842
1352 1354
1352 1476
1353 1354
1353 1966
1354 1355
1355 1356
1355 1910
1356 1911
1357 1358
1357 1911
1358 2171
1360 1361
1364 1378
1366 1367
1366 1368
1366 1443
1368 1369
1368 1478
1369 1370
1370 1371
1370 1572
1371 1372
1372 1373
1372 1715
1373 1374
1374 1375
1374 1726
1375 1376
1375 1472
1377 1378
1377 1380
1378 1443
1379 1380
1379 1381
1379 1409
1380 1444
1381 1479
1382 1383
1382 1479
1383 1715
1383 1720
1384 1385
1385 1386
1386 1387
1387 1393
1388 1389
1388 1401
1389 1390
1389 1466
1390 1464
1392 1393
1393 1679
1394 1609
1394 1680
1395 1428
1396 1397
1396 1428
1397 1398
1397 1425
1398 1442
1399 1420
1399 1442
1400 1480
1403 1411
1403 1412
1403 1571
1404 1406
1404 1683
1405 1571
1405 1683
1406 1407
1406 1809
1408 1409
1410 1417
1410 1552
1410 1553
1412 1683
1413 1414
1416 1418
1417 1418
1420 1421
1420 1447
1421 1446
1422 1423
1422 1424
1422 1442
1423 1447
1423 1448
1424 1425
1425 1631
1426 1427
1426 1631
1427 1428
1429 2175
1429 2176
1429 2336
1430 2223
1430 2272
1430 2273
1431 1432
1431 2219
1431 2224
1432 2221
1432 2415
1433 1434
1434 2334
1434 2415
1435 1436
1436 1529
1437 1566
1437 1567
1438 1566
1438 1637
1438 1640
1439 1440
1439 1441
1439 1684
1440 1640
1440 1789
1443 1478
1444 1478
1444 1572
1446 1557
1447 1563
1448 1565
1449 1450
1449 1632
1450 1451
1450 1723
1451 1630
1451 1635
1452 1453
1452 1630
1452 1636
1453 1454
1453 1743
1454 1455
1454 1828
1455 1456
1455 1475
1456 1457
1456 1932
1457 1908
1457 1975
1458 1909
1458 1975
1458 1986
1459 1460
1459 1910
1459 1986
1460 2091
1460 2092
1461 1462
1461 2170
1461 2171
1462 2230
1464 1465
1465 1492
1466 1467
1468 1469
1468 1470
1469 1490
1469 1530
1470 1633
1471 1472
1471 1634
1473 1474
1473 1743
1474 1475
1475 1908
1476 1477
1476 1909
1477 1908
1479 1572
1480 1482
1481 1482
1481 1483
1484 1485
1484 1616
1485 1486
1486 1487
1486 1617
1487 1757
1488 1489
1491 1525
1492 1493
1495 2147
1496 1498
1496 2146
1497 1498
1497 1499
1498 2359
1499 2148
1499 2325
1500 1501
1500 2325
1500 2359
1501 2010
1501 2324
1502 2143
1502 2183
1502 2234
1503 1504
1503 2103
1503 2143
1504 1505
1504 2182
1505 1506
1505 2102
1506 1507
1506 2141
1507 1508
1508 2087
1508 2101
1509 1510
1509 1917
1509 1918
1510 2034
1510 2047
1511 1512
1511 1527
1512 1513
1513 1527
1513 1556
1514 1569
1514 1670
1514 1734
1515 1516
1515 1669
1515 1670
1516 1517
1516 1732
1517 1686
1517 1688
1518 1519
1518 1687
1518 1688
1519 1520
1519 1707
1520 1521
1520 1702
1522 1708
1522 1741
1523 1524
1523 1703
1523 1712
1524 1844
1525 1526
1526 1569
1528 1529
1528 1637
1529 1566
1530 1632
1530 1633
1531 1532
1531 1568
1532 1642
1532 1720
1533 1721
1533 1727
1534 1727
1534 1729
1534 1730
1535 1537
1535 1538
1535 1730
1536 1842
1537 1647
1537 1731
1538 1965
1539 1541
1539 1543
1539 1752
1540 1541
1540 1967
1540 2048
1541 2119
1542 1543
1542 2172
1542 2335
1543 2049
1544 1545
1544 2225
1544 2437
1545 2314
1545 2317
1546 1547
1546 2392
1546 2416
1547 1548
1547 2222
1548 1549
1548 2390
1549 1550
1549 1778
1550 2425
1551 2273
1553 1568
1554 1555
1554 1694
1557 1560
1557 1573
1558 1561
1558 1574
1558 1722
1559 1562
1559 1564
1559 1722
1560 1561
1560 1563
1561 1628
1563 1628
1564 1565
1564 1628
1567 1568
1567 1642
1569 1669
1574 1724
1575 1576
1575 1725
1576 1596
1576 1887
1577 1594
1577 1595
1577 1800
1578 1579
1578 1593
1578 1879
1579 1591
1579 1592
1580 1581
1580 1592
1580 1972
1581 1582
1581 1648
1582 1584
1582 1973
1583 1584
1583 1585
1583 1831
1584 2063
1585 1932
1585 1974
1586 1587
1586 1974
1586 1987
1587 1588
1587 2056
1588 2063
1588 2090
1589 1590
1589 1887
1590 1591
1590 1879
1591 1971
1592 1598
1593 1594
1593 2023
1594 1946
1595 1878
1595 1888
1596 1597
1596 1877
1597 1912
1598 1599
1598 1648
1599 2024
1599 2153
1600 1601
1600 1952
1600 2154
1601 1602
1601 2294
1602 1603
1602 2367
1603 1604
1603 2248
1604 2112
1604 2202
1605 1606
1605 2202
1605 2204
1606 2367
1607 1608
1607 1664
1607 1681
1608 1609
1609 1610
1610 1682
1611 1612
1612 1613
1612 1750
1614 1615
1614 1616
1615 1713
1616 1714
1617 1618
1617 1747
1618 1619
1618 1757
1619 1620
1619 1758
1620 1627
1620 1745
1621 1622
1621 1627
1621 1854
1622 1623
1622 1954
1623 1624
1623 1953
1624 1625
1624 1929
1625 1626
1625 1882
1626 1627
1626 1808
1629 1630
1629 1827
1629 1828
1633 1634
1634 1635
1635 1636
1636 1742
1637 1684
1638 1684
1639 1640
1639 1641
1639 1643
1641 1642
1641 1728
1643 1644
1643 1787
1644 1728
1644 1729
1645 1731
1645 1788
1645 1957
1646 1647
1646 1752
1646 2013
1647 1967
1648 2064
1649 1650
1649 2064
1649 2153
1650 1976
1650 2155
1651 1976
1651 2090
1651 2157
1652 1653
1652 2105
1652 2159
1653 1654
1653 2259
1654 1655
1654 1992
1655 1657
1655 2269
1656 1657
1656 1658
1656 2125
1657 2267
1658 2126
1658 2170
1659 1660
1659 2126
1659 2267
1660 1661
1660 1662
1662 1663
1662 2127
1663 2364
1665 1666
1665 1667
1666 1681
1668 1669
1668 1685
1670 1754
1671 1673
1671 1746
1671 1755
1672 1673
1672 1737
1672 1890
1673 1674
1674 1691
1674 1843
1675 1677
1675 1691
1675 1961
1676 1677
1676 1693
1676 1838
1677 1993
1678 1706
1678 1993
1681 1682
1685 1686
1686 1707
1687 1689
1687 1702
1688 1746
1689 1690
1689 1692
1690 1691
1690 1693
1692 1698
1692 1701
1693 1701
1694 1695
1694 1716
1695 1696
1696 1711
1696 1741
1697 1703
1697 1709
1697 1741
1698 1699
1698 1709
1699 1700
1699 1710
1700 1701
1700 1838
1702 1708
1703 1710
1704 1705
1704 1710
1705 1706
1705 1935
1706 1838
1708 1709
1711 1712
1711 1717
1713 1714
1714 1747
1715 1726
1716 1717
1717 1718
1718 1719
1719 1807
1720 1721
1723 1827
1725 1832
1727 1728
1729 1731
1732 1746
1732 1754
1735 1736
1736 1738
1737 1738
1737 1810
1738 1862
1739 1740
1740 1980
1742 1743
1744 1745
1744 1807
1745 1747
1749 1857
1749 1858
1751 1753
1751 2098
1751 2172
1752 1753
1753 2015
1754 1755
1755 1810
1756 1757
1756 1785
1756 1853
1758 1853
1758 1854
1759 1855
1759 1907
1759 1954
1760 1761
1760 1826
1760 2037
1761 1762
1761 1994
1762 1763
1762 2073
1763 1764
1763 1931
1764 1765
1764 2020
1765 1766
1765 2075
1766 1767
1766 1886
1767 1768
1767 2077
1768 2069
1768 2163
1769 1770
1769 2210
1769 2306
1770 1900
1770 2281
1771 1772
1771 2306
1771 2307
1772 1773
1772 2280
1773 1774
1773 2302
1774 1775
1774 2398
1775 1776
1775 1777
1776 2278
1776 2302
1777 1779
1777 2393
1778 1779
1778 2222
1780 1781
1780 1786
1780 1853
1781 1782
1781 2018
1782 1811
1782 1889
1783 1839
1783 1859
1784 1785
1785 1786
1786 1811
1787 1788
1787 1789
1788 1834
1789 1790
1790 1871
1791 1792
1792 1793
1793 1794
1793 1998
1794 1795
1795 1796
1795 1797
1796 1799
1796 1998
1797 1941
1797 2000
1798 1799
1798 1801
1798 1940
1799 2021
1800 1801
1800 1939
1801 1946
1802 1803
1803 1804
1803 2002
1804 1805
1804 2107
1805 2062
1807 1808
1808 1845
1811 1839
1812 1813
1812 1814
1812 1856
1813 1840
1814 1815
1814 1833
1815 1816
1815 1858
1816 1817
1816 1861
1817 1818
1817 2028
1818 1819
1818 2040
1819 1820
1819 1821
1820 1861
1820 1969
1821 1970
1821 2070
1822 1823
1822 1824
1822 2120
1823 2019
1823 2070
1824 1825
1824 2039
1825 1826
1825 2046
1826 2071
1828 1829
1829 1830
1829 1831
1830 1973
1831 1932
1833 1840
1833 1859
1834 1835
1834 1957
1835 1871
1835 2014
1836 1837
1836 1959
1836 2017
1843 1869
1843 1961
1844 1847
1845 1846
1846 1847
1846 1882
1847 1849
1848 1849
1848 1850
1848 1883
1850 1884
1850 1892
1851 1852
1851 1894
1851 2068
1852 2097
1852 2187
1854 1855
1855 2018
1856 1857
1859 1860
1860 1861
1860 1889
1862 1863
1862 1933
1863 1880
1863 1978
1864 1881
1864 1979
1864 2051
1865 1982
1865 2051
1865 2054
1866 1867
1866 1962
1866 2052
1867 1868
1867 1881
1868 1869
1868 1977
1869 1890
1870 1971
1871 1872
1872 1959
1873 1874
1874 1875
1874 1933
1876 1877
1876 1937
1876 1995
1877 1878
1878 1938
1879 1888
1880 1881
1880 1890
1882 1883
1883 1929
1884 1885
1884 1930
1885 1893
1885 2020
1886 2020
1886 2068
1887 1888
1889 1969
1891 1892
1891 1935
1892 1984
1893 1895
1893 1984
1894 1895
1894 1896
1895 2027
1896 2067
1896 2097
1897 1898
1897 2097
1897 2210
1898 1899
1898 2067
1899 1900
1899 2100
1901 1903
1901 2227
1901 2279
1902 1903
1902 2300
1902 2337
1903 2208
1904 1905
1904 2208
1904 2276
1905 1906
1905 2206
1907 2019
1907 2039
1909 1910
1911 2092
1912 1937
1913 1914
1913 1937
1913 1956
1914 1995
1914 1996
1915 1916
1916 1917
1916 2087
1918 1919
1918 2101
1919 1921
1919 2033
1920 1921
1920 1922
1920 2142
1921 2035
1922 1923
1922 2161
1923 1924
1923 2233
1924 1925
1924 2229
1925 1926
1925 2012
1926 1927
1926 2305
1927 2319
1928 2258
1928 2388
1929 1930
1930 1931
1931 1994
1933 1934
1934 1978
1936 1969
1936 1970
1936 2018
1938 1939
1938 1995
1939 1940
1940 1997
1941 1944
1941 2232
1942 1943
1942 1945
1942 2232
1943 2106
1943 2129
1944 1945
1944 2021
1945 2109
1946 1947
1947 1948
1947 2021
1948 1949
1948 2108
1949 1950
1949 2023
1950 1951
1950 2110
1951 1952
1951 2024
1952 2248
1953 1994
1953 2037
1954 2038
1957 2013
1958 1959
1958 2014
1958 2015
1960 2017
1961 1977
1962 1963
1962 2022
1963 1964
1963 2086
1964 2026
1965 1966
1965 1968
1967 1968
1970 2019
1971 1972
1972 1973
1974 1975
1976 2065
1977 2022
1978 1979
1979 1980
1980 1981
1981 1982
1983 2055
1983 2099
1985 2028
1986 1987
1987 1988
1988 1989
1988 2091
1989 1990
1989 2056
1990 1991
1990 2059
1991 1992
1991 2057
1992 2125
1993 2025
1996 1997
1997 1998
1999 2000
1999 2001
2000 2093
2001 2002
2001 2232
2002 2003
2003 2106
2003 2107
2004 2005
2004 2061
2004 2139
2005 2006
2005 2007
2006 2008
2006 2137
2007 2409
2007 2411
2008 2132
2008 2136
2009 2010
2009 2362
2009 2384
2010 2320
2011 2012
2011 2318
2011 2324
2012 2234
2013 2014
2015 2016
2016 2017
2016 2098
2022 2025
2023 2024
2025 2026
2028 2031
2029 2030
2029 2031
2029 2040
2030 2035
2030 2161
2031 2032
2032 2033
2032 2034
2033 2035
2037 2038
2038 2039
2040 2094
2041 2120
2042 2043
2042 2046
2042 2120
2043 2044
2043 2085
2044 2045
2044 2181
2045 2095
2045 2180
2046 2180
2049 2050
2049 2226
2050 2271
2050 2335
2051 2052
2052 2053
2053 2054
2053 2086
2054 2055
2055 2178
2056 2057
2057 2105
2058 2059
2058 2125
2058 2170
2059 2091
2061 2411
2062 2140
2063 2065
2064 2065
2066 2067
2068 2069
2069 2186
2070 2094
2071 2072
2071 2180
2072 2073
2072 2095
2073 2074
2074 2075
2074 2096
2075 2076
2076 2077
2076 2185
2077 2078
2078 2079
2078 2198
2079 2185
2079 2250
2080 2081
2080 2185
2080 2252
2081 2082
2081 2096
2082 2083
2082 2254
2083 2181
2083 2255
2084 2085
2084 2181
2084 2297
2087 2088
2088 2089
2088 2209
2089 2179
2090 2105
2092 2171
2095 2096
2099 2207
2099 2227
2101 2141
2102 2121
2102 2122
2103 2122
2103 2303
2104 2304
2106 2292
2107 2438
2108 2109
2108 2110
2109 2128
2110 2199
2111 2113
2111 2199
2111 2248
2112 2113
2112 2114
2113 2200
2114 2201
2114 2203
2115 2116
2115 2132
2115 2203
2116 2134
2116 2135
2117 2134
2117 2323
2117 2369
2118 2319
2118 2322
2118 2389
2119 2226
2121 2124
2122 2123
2123 2304
2126 2230
2127 2230
2127 2231
2128 2129
2128 2199
2129 2200
2130 2200
2130 2201
2130 2292
2131 2132
2131 2137
2131 2201
2133 2134
2133 2204
2135 2136
2135 2152
2136 2409
2137 2138
2138 2139
2138 2293
2139 2140
2140 2438
2141 2142
2142 2182
2143 2144
2144 2145
2144 2303
2145 2146
2145 2147
2146 2184
2148 2149
2148 2418
2149 2399
2149 2407
2150 2151
2150 2399
2150 2404
2151 2371
2151 2384
2152 2371
2152 2408
2153 2154
2154 2155
2155 2156
2156 2157
2156 2294
2157 2158
2158 2159
2158 2296
2160 2178
2160 2281
2162 2228
2163 2164
2163 2198
2164 2188
2164 2235
2165 2188
2165 2243
2165 2260
2166 2246
2166 2262
2166 2263
2167 2168
2167 2242
2167 2247
2168 2213
2168 2374
2169 2242
2169 2363
2172 2174
2173 2175
2173 2177
2174 2175
2174 2249
2176 2177
2178 2227
2182 2233
2183 2184
2183 2324
2184 2359
2186 2187
2186 2188
2187 2214
2189 2190
2189 2198
2189 2235
2190 2191
2190 2264
2191 2192
2191 2250
2192 2193
2192 2345
2193 2264
2193 2265
2194 2195
2194 2265
2194 2397
2195 2196
2195 2346
2196 2197
2196 2400
2197 2349
2202 2203
2205 2206
2206 2207
2207 2208
2210 2214
2211 2212
2211 2261
2211 2283
2212 2263
2212 2285
2213 2263
2213 2372
2214 2215
2215 2260
2215 2282
2216 2217
2216 2218
2216 2226
2218 2271
2218 2334
2219 2272
2219 2334
2220 2221
2220 2224
2220 2315
2221 2435
2222 2310
2223 2225
2224 2225
2228 2229
2229 2305
2231 2298
2233 2234
2235 2236
2236 2237
2236 2243
2237 2238
2237 2264
2238 2239
2238 2245
2239 2240
2239 2326
2240 2241
2240 2247
2241 2242
2241 2333
2243 2244
2244 2245
2244 2262
2245 2246
2246 2247
2249 2335
2249 2336
2250 2251
2251 2252
2251 2345
2252 2253
2253 2254
2253 2343
2254 2255
2255 2256
2256 2257
2256 2344
2257 2258
2257 2297
2258 2340
2259 2270
2260 2261
2261 2262
2265 2266
2266 2326
2266 2349
2267 2291
2268 2269
2268 2291
2269 2270
2270 2350
2271 2272
2273 2336
2274 2275
2275 2277
2276 2277
2276 2337
2277 2358
2278 2299
2278 2358
2279 2280
2279 2300
2280 2281
2282 2283
2282 2306
2283 2284
2284 2285
2284 2360
2285 2286
2286 2372
2286 2382
2287 2361
2287 2382
2287 2403
2288 2289
2288 2365
2288 2383
2289 2290
2289 2403
2290 2353
2292 2293
2293 2438
2294 2295
2295 2296
2295 2366
2299 2301
2299 2337
2300 2301
2301 2302
2303 2304
2307 2360
2307 2398
2308 2309
2308 2357
2308 2398
2309 2393
2309 2431
2310 2311
2310 2393
2311 2312
2311 2432
2312 2313
2312 2416
2313 2315
2313 2434
2314 2315
2314 2316
2316 2416
2318 2319
2318 2320
2320 2368
2321 2322
2321 2323
2321 2368
2325 2362
2326 2327
2327 2328
2327 2333
2328 2329
2328 2349
2329 2330
2329 2332
2331 2332
2331 2333
2338 2343
2338 2345
2338 2397
2339 2340
2339 2344
2339 2395
2340 2341
2341 2396
2342 2430
2343 2344
2346 2347
2346 2426
2347 2394
2347 2428
2348 2396
2348 2429
2351 2352
2351 2354
2351 2435
2352 2353
2352 2415
2354 2355
2354 2433
2355 2356
2355 2403
2356 2357
2356 2431
2357 2361
2360 2361
2362 2399
2363 2365
2363 2374
2364 2365
2366 2367
2368 2369
2369 2370
2370 2371
2370 2384
2372 2373
2373 2374
2373 2383
2375 2376
2375 2414
2376 2377
2376 2387
2377 2378
2377 2413
2378 2379
2378 2402
2379 2380
2379 2420
2380 2381
2380 2427
2381 2424
2381 2430
2382 2383
2385 2386
2385 2419
2386 2404
2386 2407
2387 2402
2388 2389
2390 2391
2390 2425
2391 2436
2392 2436
2394 2395
2394 2397
2395 2396
2400 2401
2400 2426
2401 2402
2404 2405
2405 2406
2406 2408
2406 2410
2407 2417
2408 2409
2410 2411
2413 2414
2413 2421
2417 2418
2417 2419
2420 2421
2420 2423
2421 2422
2422 2423
2423 2424
2426 2427
2427 2428
2428 2429
2429 2430
2431 2432
2432 2433
2433 2434
2434 2435
