8153 3
8165 3
8184 3
8193 3
8202 3
8212 3
8191 3
8224 3
8230 3
8241 3
8228 3
8215 3
8249 3
8252 3
8245 3
8266 3
8278 3
8291 3
8281 3
8270 3
8318 3
8325 3
8302 3
8337 3
8340 3
8309 3
8336 3
8346 3
8335 3
8320 3
8321 3
8372 3
8376 3
8377 3
8356 3
8374 3
8368 3
8362 3
8345 3
8392 3
8370 3
8382 3
8401 3
8408 3
8400 3
8384 3
8414 3
8421 3
8445 3
8432 3
8412 3
8436 3
8439 3
8456 3
8426 3
8452 3
8468 3
8470 3
8472 3
8434 3
8479 3
8476 3
8464 3
8451 3
8438 3
8498 3
8500 3
8469 3
8504 3
8467 3
8494 3
8521 3
8497 3
8507 3
8510 3
8512 3
8454 3
8515 3
8527 3
8522 3
8547 3
8548 3
8533 3
8530 3
8549 3
8563 3
8566 3
8545 3
8546 3
8541 3
8580 3
8555 3
8583 3
8524 3
8589 3
8575 3
8562 3
8601 3
8571 3
8542 3
8603 3
8606 3
8584 3
8607 3
8587 3
8611 3
8556 3
8598 3
8615 3
8618 3
8628 3
8617 3
8585 3
8554 3
8596 3
8646 3
8649 3
8624 3
8652 3
8614 3
8659 3
8660 3
8627 3
8665 3
8647 3
8685 3
8653 3
8680 3
8691 3
8701 3
8690 3
8707 3
8709 3
8676 3
8678 3
8728 3
8703 3
8732 3
8712 3
8718 3
8731 3
8724 3
8739 3
8741 3
8765 3
8767 3
8740 3
8698 3
8744 3
8778 3
8777 3
8725 3
8763 3
8788 3
8787 3
8736 3
8782 3
8785 3
8784 3
8749 3
8774 3
8829 3
8835 3
8840 3
8798 3
8830 3
8851 3
8853 3
8845 3
8836 3
8843 3
8864 3
8839 3
8846 3
8862 3
8870 3
8857 3
8858 3
8826 3
8897 3
8906 3
8903 3
8916 3
8886 3
8832 3
8919 3
8915 3
8925 3
8930 3
8934 3
8953 3
8962 3
8958 3
8871 3
8975 3
8981 3
8989 3
8935 3
9002 3
8927 3
8937 3
8992 3
9006 3
8955 3
9017 3
8961 3
9019 3
9018 3
9024 3
8985 3
9000 3
9025 3
9039 3
9040 3
9054 3
9049 3
9062 3
9037 3
9016 3
9068 3
9036 3
9072 3
9080 3
8950 3
9035 3
9110 3
9069 3
9091 3
9124 3
9130 3
9064 3
9031 3
9145 3
9058 3
9113 3
9171 3
9164 3
9151 3
9161 3
9129 3
9134 3
9176 3
9190 3
9196 3
9146 3
9198 3
9195 3
9218 3
9160 3
9225 3
9226 3
9228 3
9166 3
9205 3
9200 3
9239 3
9201 3
9243 3
9259 3
9263 3
9289 3
9278 3
9174 3
9244 3
9303 3
9257 3
9285 3
9248 3
9328 3
9256 3
9255 3
9202 3
9309 3
9337 3
9268 3
9355 3
9354 3
9270 3
9330 3
9338 3
9329 3
9380 3
9385 3
9374 3
9366 3
9382 3
9335 3
9400 3
9282 3
9378 3
9429 3
9381 3
9421 3
9410 3
9438 3
9420 3
9437 3
9431 3
9461 3
9440 3
9473 3
9460 3
9482 3
9483 3
9470 3
9487 3
9490 3
9491 3
9417 3
9415 3
9500 3
9451 3
9486 3
9424 3
9459 3
9506 3
9518 3
9539 3
9496 3
9464 3
9562 3
9558 3
9569 3
9525 3
9572 3
9523 3
9531 3
9535 3
9494 3
9542 3
9606 3
9598 3
9554 3
9607 3
9571 3
9580 3
9630 3
9626 3
9656 3
9660 3
9653 3
9613 3
9686 3
9658 3
9699 3
9657 3
9659 3
9667 3
9719 3
9679 3
9673 3
9723 3
9688 3
9697 3
9749 3
9732 3
9764 3
9777 3
9671 3
9750 3
9775 3
9768 3
9802 3
9754 3
9810 3
9787 3
9811 3
9745 3
9826 3
9806 3
9781 3
9761 3
9841 3
9809 3
9868 3
9871 3
9873 3
9865 3
9879 3
9870 3
9902 3
9872 3
9905 3
9860 3
9862 3
9918 3
9923 3
9875 3
9922 3
9949 3
9954 3
9929 3
9972 3
9909 3
9974 3
9965 3
9988 3
9971 3
9966 3
9950 3
9983 3
9883 3
10006 3
10012 3
10016 3
10026 3
10028 3
10004 3
10032 3
10027 3
10056 3
10058 3
10047 3
10050 3
10038 3
10066 3
10091 3
10055 3
10088 3
10021 3
10106 3
10111 3
10080 3
10113 3
10116 3
10119 3
10138 3
10130 3
10137 3
10120 3
10154 3
10104 3
10152 3
10157 3
10171 3
10184 3
10174 3
10182 3
10163 3
10158 3
10207 3
10208 3
10223 3
10219 3
10243 3
10217 3
10229 3
10247 3
10249 3
10250 3
10266 3
10248 3
10261 3
10284 3
10283 3
10308 3
10269 3
10277 3
10297 3
10286 3
10298 3
10328 3
10318 3
10339 3
10351 3
10368 3
10372 3
10366 3
10353 3
10360 3
10374 3
10388 3
10404 3
10415 3
10420 3
10419 3
10468 3
10430 3
