1 2
1 249
2 3
2 141
3 142
3 248
4 79
4 248
4 335
5 333
5 334
5 401
6 7
6 416
6 474
7 330
7 334
8 9
8 331
8 451
9 330
9 474
10 11
10 331
10 501
11 12
11 26
12 13
12 512
13 14
13 509
14 15
14 25
15 16
15 508
16 17
16 99
17 355
17 513
18 19
18 97
18 354
19 95
19 409
20 278
21 278
21 326
21 408
22 329
22 404
22 470
23 24
23 25
23 493
24 99
24 470
25 26
26 494
27 28
27 30
27 480
29 30
29 301
29 381
30 302
31 32
31 464
31 563
32 341
32 472
33 34
33 292
33 558
34 495
34 556
35 36
35 495
35 556
36 38
36 338
37 38
37 445
37 522
38 284
39 40
39 445
39 554
40 41
40 576
41 277
41 555
42 277
42 609
42 686
43 596
43 626
43 788
44 45
44 627
44 789
45 47
45 690
46 47
46 48
46 787
47 675
48 785
48 786
49 51
49 785
49 793
50 51
50 784
50 811
51 52
52 53
52 581
53 615
53 673
54 55
54 616
54 621
55 615
55 811
56 620
56 621
56 813
57 58
57 59
57 865
58 728
58 901
59 60
59 897
60 61
60 912
61 62
61 817
62 64
62 684
63 64
63 65
63 694
64 936
65 66
65 807
66 67
66 695
67 68
67 937
68 696
68 945
69 70
69 932
69 945
70 71
70 947
72 940
72 947
73 298
75 76
75 142
75 293
76 77
76 94
77 78
77 401
78 79
78 142
79 333
81 83
81 950
82 83
82 150
82 213
84 85
84 151
85 86
85 149
87 88
87 144
87 149
88 90
88 223
89 91
89 92
89 218
90 91
90 148
91 231
92 93
92 219
93 94
93 400
94 231
95 96
96 406
97 98
97 406
98 99
98 435
100 101
101 102
101 246
102 103
102 176
103 104
103 247
104 105
104 175
105 106
105 955
106 172
106 295
107 108
107 297
107 951
108 109
108 241
109 110
109 304
110 253
110 473
111 112
111 486
111 603
112 113
112 254
113 114
113 115
114 184
114 458
115 590
115 603
116 117
116 426
116 585
117 427
117 704
118 586
118 647
118 822
119 206
119 646
119 891
120 393
120 394
120 893
121 122
121 394
121 644
122 395
122 639
123 124
123 396
123 639
124 398
124 638
125 126
125 638
125 760
126 127
126 202
127 128
127 718
128 386
128 387
129 130
129 386
129 546
130 131
130 599
131 384
131 657
132 384
132 521
132 536
133 514
133 520
133 536
134 410
134 513
134 520
135 136
135 411
135 444
136 137
136 547
137 138
137 480
139 140
140 141
141 225
144 147
144 148
146 303
148 230
149 216
150 151
150 169
151 152
152 216
152 217
153 216
153 222
153 342
154 227
154 414
154 454
155 156
155 453
155 454
156 469
156 479
157 159
157 491
157 567
158 159
158 160
158 456
159 187
160 229
160 534
161 162
161 186
161 192
162 163
162 189
163 190
163 587
164 190
164 194
164 652
165 166
165 483
165 604
166 167
166 700
167 419
167 422
168 422
168 423
168 590
169 177
169 217
170 172
170 295
170 949
171 173
171 954
171 958
172 173
173 174
174 175
174 960
175 176
176 953
177 185
177 214
178 185
178 324
178 344
179 180
179 226
179 344
180 181
180 228
181 182
181 498
182 421
182 457
183 184
183 418
183 420
184 485
185 417
186 187
186 188
187 492
188 189
188 541
189 190
191 192
191 482
191 484
192 534
193 194
193 587
193 604
194 195
195 196
195 574
196 197
196 653
197 198
197 573
198 199
198 570
199 653
199 656
200 201
200 637
200 790
201 202
201 634
202 801
203 204
203 572
203 781
204 205
204 424
205 702
205 798
206 822
206 848
207 208
207 428
207 703
208 843
208 844
209 818
209 832
209 843
210 211
210 831
210 868
211 903
211 906
212 916
212 917
212 925
213 214
213 958
214 949
215 380
215 409
217 324
218 219
218 357
219 399
220 221
220 416
220 447
221 449
221 474
222 223
222 414
223 356
224 225
224 230
225 293
226 227
226 342
227 228
228 343
229 343
229 499
230 311
231 311
232 233
232 285
232 322
233 242
234 282
234 321
234 322
235 236
235 313
235 321
236 237
236 345
237 323
237 346
238 240
238 346
238 957
239 240
239 349
239 364
240 952
241 363
241 952
242 244
243 244
243 246
243 322
245 246
245 247
245 323
247 957
248 249
250 296
250 417
250 949
251 252
251 294
251 417
252 253
252 418
253 485
254 255
254 485
255 256
255 305
256 257
256 306
257 307
257 591
258 259
258 307
258 309
259 260
259 593
260 628
260 735
261 629
261 735
261 764
262 265
262 629
262 762
263 264
263 265
263 376
264 320
264 598
265 267
266 267
266 658
266 677
267 268
268 270
268 669
269 270
269 320
269 476
270 611
271 272
271 624
271 649
272 273
272 476
273 274
273 600
274 276
274 317
275 276
275 442
275 446
276 576
277 595
278 325
279 281
279 325
280 281
280 312
281 332
282 310
282 313
283 313
283 336
283 345
284 314
284 315
285 310
286 287
286 288
286 310
287 336
287 339
288 289
288 298
289 290
289 300
290 291
290 339
291 301
291 472
292 341
292 563
293 311
294 296
294 297
295 296
297 955
298 299
299 300
299 303
300 301
302 303
304 363
304 369
305 306
305 473
306 371
307 308
308 366
308 372
309 372
309 374
314 337
314 443
315 316
315 440
316 441
316 446
317 318
317 475
318 353
318 442
319 379
319 475
319 497
320 566
321 323
324 342
325 405
326 327
326 405
327 328
327 434
328 402
328 404
329 330
329 493
331 494
332 335
332 403
333 402
334 404
336 337
337 338
338 468
339 468
340 341
340 468
340 495
343 455
344 457
345 443
346 347
347 349
347 439
348 349
348 350
348 436
350 438
350 462
351 352
351 438
351 478
352 353
352 471
353 497
354 355
354 444
355 411
356 357
356 415
357 358
358 359
358 399
359 361
359 467
360 361
360 469
360 490
361 489
362 500
362 507
362 535
363 364
364 461
365 366
365 371
365 477
366 565
367 368
367 477
367 497
368 379
368 565
369 370
369 473
370 371
370 459
372 373
373 374
373 377
374 375
375 598
375 628
376 628
376 629
377 378
377 565
378 566
378 598
379 566
380 444
381 463
381 472
382 412
382 547
382 548
383 384
383 521
383 549
385 386
385 606
385 657
387 532
387 759
388 389
388 729
388 760
389 398
389 834
390 391
390 711
390 747
391 395
391 852
392 393
392 852
392 855
393 961
394 852
395 396
396 397
397 398
397 747
399 447
400 401
400 416
402 403
403 405
406 407
407 408
407 434
410 411
410 412
412 413
413 520
413 521
414 415
415 453
418 457
419 420
419 458
420 496
421 482
421 496
422 458
423 584
423 585
424 425
424 701
425 574
425 584
426 590
426 705
427 428
427 488
428 429
429 430
429 818
430 431
430 778
431 432
431 794
432 651
432 749
433 593
433 731
433 749
434 435
435 470
436 437
436 440
437 438
437 471
439 440
439 443
441 442
441 471
445 446
447 448
448 449
448 489
449 450
450 451
450 452
451 500
452 489
452 535
453 467
454 455
455 456
456 479
459 460
459 461
460 477
460 478
461 462
462 478
463 465
463 481
464 465
464 552
465 466
466 548
466 550
467 469
475 476
479 491
480 481
481 547
482 498
483 484
483 496
484 587
486 591
486 602
487 488
487 602
487 650
488 778
490 491
490 535
492 567
492 568
493 494
498 499
499 534
500 501
501 503
502 503
502 507
502 575
503 512
504 505
504 506
504 519
505 540
505 654
506 568
506 575
507 567
508 510
508 515
509 510
509 511
510 588
511 512
511 594
513 514
514 515
515 516
516 542
516 589
517 518
517 589
517 594
518 519
518 575
519 543
522 523
522 557
523 524
523 554
524 560
524 607
525 526
525 560
525 699
526 561
526 706
527 562
527 706
527 714
528 530
528 533
528 605
529 530
529 531
529 714
530 553
531 742
531 770
532 533
532 606
533 759
536 537
537 538
537 542
538 539
538 599
539 545
539 630
540 631
540 635
541 568
541 569
542 543
543 630
544 545
544 546
544 716
545 599
546 717
548 549
549 583
550 551
550 552
551 583
551 605
552 553
553 597
554 555
555 607
556 557
557 559
558 559
558 561
559 560
561 562
562 564
563 564
564 597
569 652
569 654
570 571
570 790
571 572
571 781
572 573
573 574
576 577
577 578
577 595
578 579
578 600
579 580
579 625
580 582
580 601
581 582
581 674
582 623
583 657
584 700
585 761
586 702
586 703
588 589
588 594
591 592
592 593
592 651
595 730
596 686
596 730
597 714
600 624
601 622
601 624
602 705
603 705
604 700
605 606
607 609
608 610
608 774
608 812
609 699
610 699
610 709
611 612
611 649
612 613
612 669
613 671
613 672
614 615
614 671
614 782
616 783
616 823
617 618
617 823
617 837
618 621
618 821
619 620
619 821
619 851
620 839
622 623
622 648
623 673
625 676
625 730
626 627
626 676
627 675
630 631
631 716
632 633
632 716
632 717
633 634
633 636
634 718
635 636
635 655
636 637
637 656
638 802
639 640
640 641
640 802
641 642
641 792
642 644
642 645
643 645
643 799
643 825
644 892
645 646
646 647
647 798
648 649
648 672
650 651
650 778
652 653
654 655
655 656
658 762
658 765
659 660
659 763
659 764
660 734
660 756
661 663
661 734
661 755
662 663
662 665
662 753
663 664
664 752
664 779
665 666
665 797
666 667
666 863
667 668
667 753
669 677
670 671
670 677
670 719
672 673
674 676
674 793
675 793
678 679
678 719
678 736
679 680
679 767
680 681
680 720
681 682
681 803
682 810
683 684
683 943
684 913
685 901
686 687
687 774
687 788
688 689
688 775
688 789
689 690
689 840
690 867
691 692
691 773
691 890
692 693
692 707
693 694
693 817
694 926
695 807
695 875
696 697
696 874
697 698
697 935
698 931
698 932
701 702
701 761
703 704
704 761
706 709
707 708
707 772
708 713
708 806
709 715
710 711
710 744
710 746
711 853
712 859
712 860
712 908
713 876
713 926
715 770
715 812
717 718
719 720
720 721
721 722
721 782
722 723
722 810
723 783
724 725
724 823
725 837
726 727
727 728
727 851
728 839
729 742
729 834
731 733
731 735
732 733
732 734
732 764
733 779
736 765
736 768
737 756
737 766
737 800
738 755
738 756
738 758
739 740
739 758
739 800
740 741
741 769
742 743
743 748
743 804
744 776
744 804
745 746
745 805
745 860
746 777
747 748
748 834
749 750
750 751
750 794
751 779
751 796
752 796
752 841
753 754
754 755
754 757
759 760
762 763
763 766
765 766
767 768
767 769
768 800
769 803
770 804
771 775
771 777
771 840
772 773
772 805
773 840
774 775
776 777
776 812
780 781
780 799
780 809
782 783
784 785
784 814
786 836
786 866
787 866
787 867
788 789
790 808
791 792
791 801
791 808
792 825
794 795
795 796
795 819
797 827
797 861
798 799
801 802
805 806
806 908
807 926
808 809
809 825
810 820
811 813
813 814
814 835
815 865
815 866
815 897
816 817
816 890
816 897
818 819
819 842
822 844
824 851
826 862
826 909
827 828
827 862
828 829
828 905
829 830
829 903
830 831
830 861
831 833
832 833
832 845
833 842
835 836
835 839
836 865
837 838
841 842
841 861
843 845
844 849
845 846
846 847
846 868
847 849
847 877
848 849
848 850
850 878
850 891
853 854
853 860
854 855
854 859
855 856
856 857
856 961
857 858
857 902
858 859
858 889
862 863
863 864
867 890
868 869
869 883
869 906
870 871
870 886
870 933
871 872
871 899
872 873
872 935
873 874
873 887
874 875
875 876
876 888
877 878
877 884
878 879
879 880
879 885
880 894
880 898
881 882
881 898
881 900
882 885
882 886
883 884
883 910
884 885
886 911
887 888
887 899
888 889
889 908
891 892
892 893
893 895
894 895
894 896
895 961
896 898
896 902
899 900
900 902
901 912
903 904
904 905
904 917
905 909
906 924
907 917
907 924
907 929
910 911
910 918
911 927
912 913
913 914
914 915
918 919
918 924
919 920
919 927
920 921
920 929
921 923
921 928
922 930
923 931
925 929
925 930
927 928
928 933
931 934
933 934
934 935
936 937
936 943
937 938
938 940
938 946
939 942
939 946
940 945
941 942
943 944
944 946
947 948
950 958
951 952
951 956
953 959
955 956
956 957
959 960
