1.312810e+000 -1.235940e-001 8.749700e-002
1.313260e+000 -1.194670e-001 -4.760700e-002
1.313540e+000 -1.307760e-001 3.004000e-003
1.314410e+000 -1.128090e-001 -5.792600e-002
1.314510e+000 -1.060250e-001 1.476220e-001
1.316350e+000 -1.193520e-001 1.226140e-001
1.316770e+000 -1.264140e-001 -3.452000e-002
1.317850e+000 -1.263590e-001 5.929100e-002
1.317960e+000 -1.242290e-001 9.166400e-002
1.318800e+000 -1.132870e-001 1.398180e-001
1.319700e+000 -1.317120e-001 -7.849000e-003
1.319780e+000 -1.236750e-001 1.083760e-001
1.319970e+000 -9.277300e-002 1.650740e-001
1.320610e+000 -9.797800e-002 -7.649300e-002
1.320680e+000 -1.275750e-001 3.818300e-002
1.322250e+000 -1.228430e-001 -4.803000e-002
1.322430e+000 -6.490400e-002 -9.803400e-002
1.322650e+000 -8.604100e-002 -8.555800e-002
1.323280e+000 -7.594800e-002 1.774500e-001
1.323900e+000 -1.084650e-001 -6.921000e-002
1.324300e+000 -4.601300e-002 -1.073890e-001
1.324720e+000 -1.317940e-001 -2.156600e-002
1.325400e+000 -3.801500e-002 1.929890e-001
1.325630e+000 -1.278870e-001 3.884100e-002
1.325830e+000 -1.232030e-001 1.259140e-001
1.326310e+000 -1.308560e-001 2.096400e-002
1.326460e+000 -1.157980e-001 -6.233700e-002
1.327030e+000 -1.194680e-001 1.369630e-001
1.327100e+000 -1.157410e-001 1.452400e-001
1.327920e+000 -6.872600e-002 1.826960e-001
1.328050e+000 -5.702500e-002 -1.030870e-001
1.329550e+000 -9.646600e-002 1.697590e-001
1.329650e+000 -1.267880e-001 1.160100e-001
1.329740e+000 -1.267100e-001 -4.720800e-002
1.330800e+000 -1.328980e-001 6.331000e-003
1.330950e+000 -1.272690e-001 7.580100e-002
1.331830e+000 -7.745400e-002 -9.435100e-002
1.332420e+000 -1.069460e-001 1.632280e-001
1.332670e+000 -9.184000e-002 -8.776800e-002
1.332790e+000 -4.560100e-002 -1.084970e-001
1.333090e+000 -1.344850e-001 -1.112500e-002
1.333230e+000 -1.292420e-001 1.051230e-001
1.334190e+000 -1.122880e-001 1.578400e-001
1.334240e+000 -3.608400e-002 -1.117920e-001
1.334600e+000 -1.713000e-003 -1.299180e-001
1.334700e+000 -1.277010e-001 6.419000e-002
1.334910e+000 -5.251600e-002 1.897260e-001
1.335120e+000 -2.632800e-002 -1.165210e-001
1.335700e+000 -8.831000e-002 1.790940e-001
1.336100e+000 -1.337100e-002 -1.243850e-001
1.337060e+000 -1.200450e-001 -6.604200e-002
1.337700e+000 2.788200e-002 -1.361120e-001
1.337780e+000 -1.186600e-001 1.510770e-001
1.337940e+000 -1.330930e-001 1.053300e-002
1.338110e+000 -5.583500e-002 -1.050460e-001
1.338110e+000 1.624600e-002 -1.359330e-001
1.338330e+000 -1.279900e-001 1.252090e-001
1.338350e+000 -1.295700e-001 4.277800e-002
1.338460e+000 -6.210300e-002 1.879210e-001
1.339120e+000 -2.396100e-002 1.970360e-001
1.339330e+000 -6.876600e-002 -1.008350e-001
1.340150e+000 -1.322980e-001 -4.479900e-002
1.340380e+000 -3.438500e-002 1.941860e-001
1.340430e+000 -1.018130e-001 -8.701800e-002
1.340590e+000 2.288300e-002 2.157840e-001
1.340610e+000 -1.312810e-001 1.050210e-001
1.340630e+000 -1.287370e-001 7.408300e-002
1.340680e+000 -2.140300e-002 -1.199020e-001
1.341350e+000 -1.222090e-001 1.461500e-001
1.341500e+000 2.030000e-003 2.078590e-001
1.341650e+000 4.047900e-002 2.174400e-001
1.341680e+000 -1.030150e-001 1.737960e-001
1.341690e+000 -1.163790e-001 1.629980e-001
1.342150e+000 -1.252750e-001 1.404340e-001
1.342180e+000 -8.041600e-002 1.852910e-001
1.342240e+000 -1.111380e-001 -8.080600e-002
1.342660e+000 -1.278530e-001 5.888700e-002
1.343210e+000 4.635900e-002 -1.326180e-001
1.343410e+000 -1.302800e-002 2.003540e-001
1.343450e+000 -7.886600e-002 -9.881000e-002
1.343870e+000 1.083000e-002 2.120860e-001
1.344740e+000 -4.175700e-002 -1.103160e-001
1.345070e+000 -9.083800e-002 1.819840e-001
1.345170e+000 -1.293570e-001 3.881600e-002
1.345970e+000 -1.376360e-001 -2.778100e-002
1.346270e+000 -1.170840e-001 1.638380e-001
1.346290e+000 -1.208010e-001 -7.428400e-002
1.346360e+000 1.229400e-002 -1.367650e-001
1.346650e+000 -2.750200e-002 -1.166010e-001
1.346690e+000 -1.317570e-001 1.998900e-002
1.347300e+000 -1.046210e-001 1.742840e-001
1.347400e+000 -1.384480e-001 -1.749100e-002
1.347420e+000 -1.323620e-001 9.129300e-002
1.348210e+000 -1.313170e-001 1.218730e-001
1.348230e+000 -4.537900e-002 1.929150e-001
1.348230e+000 9.271900e-002 1.900570e-001
1.348490e+000 -3.859000e-003 -1.305220e-001
1.348550e+000 5.084000e-003 -1.346570e-001
1.348650e+000 -1.088320e-001 -8.658900e-002
1.348710e+000 -1.345490e-001 8.274000e-003
1.348870e+000 -1.219270e-001 1.542710e-001
1.349290e+000 -1.370180e-001 -3.730300e-002
1.349320e+000 -1.276670e-001 6.355300e-002
1.349550e+000 -4.919200e-002 -1.085700e-001
1.349800e+000 -7.384800e-002 1.894090e-001
1.349980e+000 -9.630000e-002 -9.527300e-002
1.350290e+000 3.595700e-002 -1.378650e-001
1.350520e+000 -1.259600e-001 1.429190e-001
1.351400e+000 -1.238820e-001 -7.579500e-002
1.351520e+000 -1.349200e-001 -4.709900e-002
1.351730e+000 9.153900e-002 -8.973400e-002
1.352010e+000 -1.379560e-001 -4.253000e-003
1.352170e+000 -1.298400e-001 1.308330e-001
1.352990e+000 -1.320880e-001 1.745800e-002
1.353140e+000 1.318210e-001 7.382100e-002
1.353230e+000 7.208100e-002 -1.160820e-001
1.353260e+000 -5.948700e-002 1.931480e-001
1.353340e+000 -6.508100e-002 -1.062100e-001
1.353590e+000 -1.187820e-001 1.603150e-001
1.353660e+000 -1.332580e-001 1.081430e-001
1.353710e+000 -1.314540e-001 8.143900e-002
1.353910e+000 1.206290e-001 -3.347000e-002
1.353920e+000 -1.123020e-001 1.685950e-001
1.354090e+000 -1.237450e-001 -7.712500e-002
1.354600e+000 -7.339000e-003 2.031130e-001
1.354660e+000 1.286300e-002 2.145840e-001
1.354840e+000 -3.524600e-002 -1.136900e-001
1.354980e+000 1.207010e-001 2.446000e-002
1.355020e+000 1.024390e-001 1.769480e-001
1.355160e+000 -1.027410e-001 -9.330800e-002
1.355210e+000 -1.265910e-001 4.029500e-002
1.355280e+000 -1.394970e-001 -2.578900e-002
1.355320e+000 6.846900e-002 2.137450e-001
1.355450e+000 -8.285500e-002 -1.027880e-001
1.355550e+000 1.235890e-001 7.071000e-003
1.355560e+000 -8.582800e-002 1.876940e-001
1.355660e+000 1.250160e-001 -1.743800e-002
1.355760e+000 -1.927100e-002 -1.218640e-001
1.356190e+000 -1.296980e-001 -6.445800e-002
1.356230e+000 6.163100e-002 -1.268530e-001
1.356890e+000 5.830100e-002 2.183850e-001
1.356900e+000 1.252910e-001 -6.905000e-003
1.356910e+000 -1.248470e-001 1.479230e-001
1.356960e+000 7.692200e-002 -1.109750e-001
1.357110e+000 3.897800e-002 2.208880e-001
1.357940e+000 8.363800e-002 2.036300e-001
1.358320e+000 1.070440e-001 1.683210e-001
1.358560e+000 -9.184200e-002 1.856620e-001
1.358860e+000 2.562000e-003 -1.349210e-001
1.358950e+000 -1.163540e-001 1.633160e-001
1.358960e+000 -7.478000e-002 1.929030e-001
1.359120e+000 1.219670e-001 3.874300e-002
1.359950e+000 2.835800e-002 2.204220e-001
1.360050e+000 -1.255380e-001 5.844900e-002
1.360060e+000 1.001670e-001 -7.103500e-002
1.360170e+000 -1.035270e-001 1.773880e-001
1.360330e+000 -2.530000e-002 -1.173510e-001
1.360420e+000 8.377600e-002 -1.020020e-001
1.360650e+000 1.272010e-001 5.452600e-002
1.360680e+000 -1.373590e-001 -4.134400e-002
1.360720e+000 -1.293170e-001 2.419200e-002
1.361100e+000 3.459200e-002 2.216150e-001
1.361150e+000 -1.395420e-001 -1.309100e-002
1.361170e+000 2.604600e-002 -1.414720e-001
1.361240e+000 -4.506600e-002 -1.110660e-001
1.361290e+000 -1.138000e-003 2.068530e-001
1.361310e+000 1.085200e-002 -1.387970e-001
1.361480e+000 -1.325580e-001 1.183970e-001
1.361570e+000 9.363600e-002 -8.506700e-002
1.361680e+000 -1.373500e-001 2.620000e-003
1.361770e+000 -1.287870e-001 1.373580e-001
1.361800e+000 1.303270e-001 9.726100e-002
1.361970e+000 -1.298400e-001 7.422300e-002
1.362020e+000 4.965100e-002 -1.363620e-001
1.362210e+000 -1.330540e-001 9.632800e-002
1.362570e+000 1.206510e-001 1.302920e-001
1.362610e+000 -1.285700e-001 -6.728000e-002
1.362660e+000 5.082300e-002 2.216610e-001
1.362960e+000 -6.651000e-003 -1.307020e-001
1.363070e+000 -3.118600e-002 1.959830e-001
1.363170e+000 -1.972600e-002 1.976680e-001
1.363190e+000 2.071500e-002 2.185640e-001
1.363340e+000 -6.763700e-002 -1.089600e-001
1.363550e+000 -1.336670e-001 -5.455200e-002
1.363610e+000 -3.511100e-002 -1.132340e-001
1.363670e+000 -8.925200e-002 -1.026090e-001
1.364240e+000 -1.107850e-001 -8.846800e-002
1.364400e+000 7.730900e-002 2.114540e-001
1.364500e+000 -1.252710e-001 3.345400e-002
1.364640e+000 1.053870e-001 -5.841100e-002
1.364920e+000 -4.068400e-002 1.962250e-001
1.365020e+000 -1.186410e-001 -8.026500e-002
1.365300e+000 -1.179250e-001 1.614250e-001
1.365540e+000 -9.989600e-002 -9.741500e-002
1.365920e+000 4.387300e-002 2.226800e-001
1.366120e+000 -1.388240e-001 -3.161800e-002
1.366180e+000 9.597200e-002 1.912420e-001
1.366490e+000 -5.265100e-002 1.976200e-001
1.366520e+000 1.287630e-001 5.997300e-002
1.366550e+000 -1.111380e-001 1.699290e-001
1.366740e+000 3.129000e-003 -1.365020e-001
1.367230e+000 1.310390e-001 7.590000e-002
1.367620e+000 7.353000e-002 -1.182180e-001
1.367890e+000 1.232900e-002 2.153210e-001
1.367900e+000 8.794400e-002 2.027840e-001
1.368020e+000 3.057300e-002 2.221880e-001
1.368100e+000 -9.247100e-002 1.872870e-001
1.368190e+000 2.037000e-002 -1.430370e-001
1.368670e+000 -8.490900e-002 1.917090e-001
1.368830e+000 -1.245150e-001 5.993100e-002
1.368940e+000 8.192800e-002 -1.064260e-001
1.368990e+000 1.207770e-001 3.041800e-002
1.369140e+000 1.059070e-001 1.728620e-001
1.370080e+000 -1.222670e-001 4.998100e-002
1.370190e+000 -7.338000e-003 -1.308040e-001
1.370380e+000 -1.325110e-001 1.098970e-001
1.370390e+000 -7.384300e-002 1.962330e-001
1.371210e+000 -1.338140e-001 1.299800e-002
1.371290e+000 -2.989600e-002 -1.158750e-001
1.371800e+000 -1.225600e-002 2.010610e-001
1.371840e+000 3.254700e-002 -1.441920e-001
1.371930e+000 2.514700e-002 2.224570e-001
1.372060e+000 -1.391040e-001 -1.958800e-002
1.372110e+000 1.211420e-001 1.949600e-002
1.372260e+000 -1.368350e-001 2.757000e-003
1.372280e+000 -6.256400e-002 -1.125540e-001
1.372380e+000 3.489000e-003 2.106280e-001
1.372630e+000 1.271740e-001 1.052040e-001
1.372750e+000 1.125720e-001 1.551020e-001
1.372780e+000 5.529100e-002 -1.372080e-001
1.372890e+000 -7.108300e-002 -1.109700e-001
1.373140e+000 -1.367130e-001 -4.090100e-002
1.373190e+000 6.518400e-002 2.213310e-001
1.373200e+000 -1.023630e-001 1.797560e-001
1.373630e+000 -1.093500e-001 1.724490e-001
1.374230e+000 4.421700e-002 -1.429240e-001
1.374240e+000 4.218500e-002 2.251160e-001
1.374320e+000 6.802600e-002 -1.275390e-001
1.374380e+000 1.150000e-002 -1.414810e-001
1.374450e+000 5.553000e-002 2.243390e-001
1.374500e+000 -2.231500e-002 -1.200280e-001
1.374660e+000 3.346500e-002 2.238040e-001
1.374770e+000 -7.656000e-003 -1.309840e-001
1.374920e+000 -1.215180e-001 4.234600e-002
1.374940e+000 9.067300e-002 -9.153600e-002
1.375310e+000 3.392000e-003 -1.377080e-001
1.375370e+000 -1.383760e-001 -1.130900e-002
1.375460e+000 -1.107460e-001 -8.908800e-002
1.375640e+000 -2.138900e-002 1.987020e-001
1.375930e+000 -1.295900e-001 2.221100e-002
1.376010e+000 -6.760800e-002 1.996840e-001
1.376070e+000 -1.172000e-001 -8.097300e-002
1.376130e+000 1.196590e-001 1.298940e-001
1.376190e+000 -3.898500e-002 -1.143660e-001
1.376320e+000 1.303610e-001 8.155800e-002
1.376550e+000 -1.306350e-001 1.206060e-001
1.376600e+000 -1.167330e-001 1.613010e-001
1.376630e+000 -8.089900e-002 1.955120e-001
1.376630e+000 1.232050e-001 1.539000e-003
1.376740e+000 -1.241230e-001 1.461240e-001
1.376890e+000 -3.246700e-002 1.988710e-001
1.377240e+000 1.006260e-001 1.880920e-001
1.377430e+000 -1.331720e-001 -5.131800e-002
1.377790e+000 -1.262550e-001 -6.704000e-002
1.377920e+000 -5.892900e-002 2.017250e-001
1.378020e+000 -1.317010e-001 1.006960e-001
1.378330e+000 -4.666900e-002 2.014710e-001
1.378570e+000 -1.283300e-001 1.313460e-001
1.378800e+000 -1.310880e-001 8.976700e-002
1.378880e+000 -8.788000e-002 1.924140e-001
1.378990e+000 -8.359100e-002 -1.083250e-001
1.379000e+000 -1.297080e-001 7.969800e-002
1.379110e+000 1.755900e-002 2.193870e-001
1.379230e+000 -2.176000e-003 2.070010e-001
1.379360e+000 1.104690e-001 1.644340e-001
1.379360e+000 1.209690e-001 -2.291000e-002
1.380200e+000 -1.373030e-001 -2.958600e-002
1.380600e+000 -1.223120e-001 5.472500e-002
1.380690e+000 -1.808300e-002 -1.222930e-001
1.380710e+000 -9.464700e-002 1.878710e-001
1.380910e+000 5.500000e-005 -1.355260e-001
1.381370e+000 -1.194870e-001 -7.797500e-002
1.381800e+000 7.469400e-002 -1.237270e-001
1.382020e+000 9.236600e-002 2.036110e-001
1.382490e+000 -1.357990e-001 -1.416000e-003
1.383180e+000 -1.119390e-001 1.687430e-001
1.383740e+000 1.211300e-001 3.579500e-002
1.383860e+000 8.038800e-002 -1.162490e-001
1.384030e+000 1.492100e-002 -1.451940e-001
1.384270e+000 1.281860e-001 6.441100e-002
1.384520e+000 1.177060e-001 -2.941600e-002
1.384540e+000 -5.586000e-002 -1.161270e-001
1.384590e+000 -1.526700e-002 -1.247900e-001
1.384780e+000 1.073020e-001 -5.002000e-002
1.385220e+000 1.226010e-001 -6.874000e-003
1.385380e+000 -1.269130e-001 -6.267200e-002
1.385530e+000 6.263000e-003 -1.403660e-001
1.385640e+000 2.683900e-002 2.241090e-001
1.385670e+000 -1.161600e-002 2.028000e-001
1.385930e+000 -9.537300e-002 -1.024120e-001
1.386050e+000 6.037400e-002 2.273730e-001
1.386100e+000 1.215740e-001 -1.560800e-002
1.386570e+000 -1.212410e-001 3.777100e-002
1.386650e+000 3.131600e-002 -1.493660e-001
1.386660e+000 9.964900e-002 -6.932100e-002
1.386770e+000 -2.009000e-002 2.006360e-001
1.386780e+000 -9.912000e-002 1.849630e-001
1.386780e+000 3.921800e-002 -1.487480e-001
1.386940e+000 9.124000e-003 2.148810e-001
1.386940e+000 1.150620e-001 1.488770e-001
1.386990e+000 -1.202290e-001 1.510810e-001
1.387150e+000 -1.074060e-001 1.742540e-001
1.387270e+000 -1.359940e-001 -1.296600e-002
1.387910e+000 -2.915200e-002 -1.170760e-001
1.388050e+000 8.401000e-002 2.146720e-001
1.388100e+000 4.611600e-002 2.294130e-001
1.388110e+000 -3.490000e-003 -1.338630e-001
1.388270e+000 -7.144200e-002 2.020610e-001
1.388320e+000 -7.552200e-002 -1.135330e-001
1.388510e+000 -1.068100e-001 -9.228800e-002
1.388640e+000 9.503100e-002 -8.471500e-002
1.388710e+000 1.050670e-001 1.846650e-001
1.389080e+000 -1.291600e-001 1.132890e-001
1.389340e+000 -8.169600e-002 1.979710e-001
1.389420e+000 -1.272200e-001 7.575700e-002
1.389710e+000 8.584700e-002 -1.097350e-001
1.389870e+000 -1.247170e-001 6.529600e-002
1.389910e+000 -2.518500e-002 2.013210e-001
1.389980e+000 -4.039500e-002 2.043900e-001
1.390160e+000 1.195570e-001 2.185900e-002
1.390220e+000 1.224950e-001 1.138770e-001
1.390390e+000 -1.224590e-001 1.424390e-001
1.390530e+000 9.780100e-002 1.990270e-001
1.390720e+000 -1.307770e-001 1.223700e-002
1.390860e+000 -1.294030e-001 9.966500e-002
1.391050e+000 -1.201200e-001 4.313000e-002
1.391050e+000 -5.217700e-002 -1.177340e-001
1.391760e+000 -1.187500e-001 -7.488500e-002
1.392320e+000 -1.261230e-001 1.300530e-001
1.392380e+000 5.400100e-002 2.305820e-001
1.392380e+000 1.224370e-001 4.323600e-002
1.392590e+000 7.574000e-002 2.226680e-001
1.392650e+000 1.121400e-001 -3.740600e-002
1.392980e+000 -1.313370e-001 -4.318100e-002
1.393030e+000 -1.386100e-002 -1.251500e-001
1.393030e+000 2.907600e-002 2.265220e-001
1.393490e+000 1.111650e-001 1.699080e-001
1.393530e+000 -1.291880e-001 -5.030000e-002
1.393700e+000 -3.260700e-002 -1.175140e-001
1.394150e+000 1.276360e-001 8.733600e-002
1.394160e+000 -1.334280e-001 -2.846100e-002
1.394630e+000 1.699900e-002 2.220380e-001
1.394870e+000 3.453400e-002 2.541280e-001
1.395050e+000 -2.256200e-002 -1.197360e-001
1.395060e+000 -8.784600e-002 1.942830e-001
1.395060e+000 4.966100e-002 -1.487790e-001
1.395230e+000 -7.596800e-002 2.016400e-001
1.395240e+000 -5.831200e-002 2.066880e-001
1.395450e+000 -5.129800e-002 2.070460e-001
1.395500e+000 7.179600e-002 -1.327450e-001
1.395610e+000 -4.023800e-002 -1.184830e-001
1.395900e+000 2.030000e-002 2.479450e-001
1.395950e+000 -1.207480e-001 5.611200e-002
1.396050e+000 -1.275700e-001 8.657700e-002
1.396060e+000 -8.658300e-002 -1.097170e-001
1.396320e+000 -1.066720e-001 -9.113700e-002
1.396330e+000 3.332000e-003 -1.404310e-001
1.396400e+000 -1.161010e-001 1.556920e-001
1.396590e+000 -5.745000e-003 2.050600e-001
1.396670e+000 -2.849500e-002 2.031790e-001
1.396700e+000 9.526500e-002 -8.899400e-002
1.396720e+000 2.794700e-002 2.489410e-001
1.396830e+000 -6.913400e-002 -1.174430e-001
1.396840e+000 2.757700e-002 2.282120e-001
1.396930e+000 4.804000e-002 2.597300e-001
1.397250e+000 6.869000e-002 2.281050e-001
1.397280e+000 2.352500e-002 -1.520050e-001
1.397520e+000 9.166800e-002 2.094250e-001
1.397650e+000 1.092300e-002 2.189560e-001
1.397720e+000 9.935300e-002 1.985130e-001
1.397980e+000 -9.510500e-002 -1.029040e-001
1.398000e+000 1.083060e-001 -4.482300e-002
1.398300e+000 4.018000e-003 2.434480e-001
1.398430e+000 1.954000e-002 2.269570e-001
1.398570e+000 1.275190e-001 7.652600e-002
1.398830e+000 -1.320800e-001 -4.643000e-003
1.398940e+000 -1.236100e-001 -6.003200e-002
1.399110e+000 -1.326340e-001 -1.469700e-002
1.399200e+000 3.640200e-002 2.312100e-001
1.399250e+000 -1.087960e-001 1.686560e-001
1.399480e+000 1.930100e-002 2.398450e-001
1.399660e+000 6.680100e-002 -1.394400e-001
1.399800e+000 7.873900e-002 -1.257060e-001
1.399940e+000 3.792000e-003 2.116550e-001
1.400050e+000 8.769000e-002 -1.108630e-001
1.400120e+000 1.197130e-001 -8.505000e-003
1.400180e+000 -5.843100e-002 -1.207100e-001
1.400290e+000 2.522600e-002 2.332760e-001
1.400300e+000 1.198450e-001 3.566000e-003
1.400420e+000 2.715300e-002 2.406450e-001
1.400510e+000 -9.314800e-002 1.890770e-001
1.400530e+000 -9.476000e-003 -1.286440e-001
1.400700e+000 1.209600e-002 2.241860e-001
1.400700e+000 9.244600e-002 -9.989000e-002
1.400710e+000 3.718700e-002 2.484120e-001
1.400730e+000 -1.235250e-001 2.720600e-002
1.400740e+000 -1.114480e-001 -8.311000e-002
1.400750e+000 9.700000e-003 2.359160e-001
1.400800e+000 1.149470e-001 -2.712200e-002
1.401230e+000 1.257100e-002 2.318730e-001
1.401930e+000 -1.287150e-001 8.717000e-003
1.402000e+000 -3.906000e-003 2.388560e-001
1.402100e+000 6.074200e-002 2.687250e-001
1.402180e+000 -2.320800e-002 -1.200440e-001
1.402190e+000 5.712000e-002 -1.473830e-001
1.402330e+000 -6.274200e-002 2.066430e-001
1.402570e+000 -1.418800e-002 -1.251200e-001
1.402940e+000 8.510900e-002 2.182470e-001
1.402970e+000 1.003370e-001 -7.071000e-002
1.403000e+000 3.447900e-002 2.342670e-001
1.403160e+000 1.255990e-001 6.287400e-002
1.403230e+000 1.215250e-001 1.156370e-001
1.403240e+000 -1.020800e-002 2.035770e-001
1.403520e+000 -1.164490e-001 -7.238400e-002
1.403540e+000 3.398400e-002 2.387430e-001
1.403700e+000 1.153980e-001 1.546130e-001
1.403740e+000 -1.255280e-001 1.093740e-001
1.403770e+000 1.240360e-001 9.985800e-002
1.403910e+000 5.119000e-003 2.160830e-001
1.404070e+000 -4.781200e-002 -1.221260e-001
1.404080e+000 3.827300e-002 -1.548350e-001
1.404310e+000 1.084440e-001 1.811100e-001
1.404390e+000 1.421000e-002 -1.501920e-001
1.404590e+000 -9.974100e-002 1.803740e-001
1.404720e+000 -1.183240e-001 1.433220e-001
1.404770e+000 -1.256740e-001 -4.725200e-002
1.404840e+000 1.183790e-001 3.178700e-002
1.405000e+000 -1.009740e-001 -9.590400e-002
1.405310e+000 -1.232490e-001 1.220160e-001
1.405330e+000 -8.050300e-002 1.992340e-001
1.405650e+000 4.426900e-002 2.493070e-001
1.405660e+000 5.158800e-002 2.347760e-001
1.405790e+000 -4.071800e-002 2.083880e-001
1.405850e+000 9.550000e-004 2.269020e-001
1.405900e+000 1.229920e-001 5.178400e-002
1.406200e+000 4.091500e-002 2.342950e-001
1.406320e+000 -1.715400e-002 2.032060e-001
1.406540e+000 -1.374900e-002 2.374930e-001
1.406670e+000 5.501000e-003 -1.447710e-001
1.406840e+000 -1.232090e-001 7.892800e-002
1.406880e+000 2.097000e-003 2.109800e-001
1.406890e+000 7.660100e-002 2.263670e-001
1.406960e+000 -6.565000e-002 -1.214830e-001
1.407140e+000 -1.286590e-001 -2.882400e-002
1.407320e+000 2.056000e-002 -1.546310e-001
1.407470e+000 5.619400e-002 2.576240e-001
1.407580e+000 -1.201390e-001 1.329750e-001
1.407590e+000 1.123370e-001 -3.217600e-002
1.407720e+000 4.867200e-002 -1.534270e-001
1.408080e+000 -2.293000e-003 -1.376080e-001
1.408090e+000 6.076200e-002 2.623590e-001
1.408200e+000 1.169160e-001 1.429890e-001
1.408300e+000 -5.069400e-002 2.094750e-001
1.408370e+000 -8.369000e-003 -1.302810e-001
1.408440e+000 1.293000e-003 2.160830e-001
1.408590e+000 4.175200e-002 2.419660e-001
1.408910e+000 -7.664900e-002 -1.175300e-001
1.409140e+000 2.890100e-002 -1.569340e-001
1.409520e+000 -1.188790e-001 3.470600e-002
1.409700e+000 1.038740e-001 1.920460e-001
1.409710e+000 9.662800e-002 2.047820e-001
1.409920e+000 -2.932100e-002 -1.211930e-001
1.410100e+000 -1.600700e-002 -1.239540e-001
1.410160e+000 1.162500e-001 -1.655700e-002
1.410180e+000 1.136740e-001 1.647160e-001
1.410290e+000 1.090000e-002 -1.518100e-001
1.410360e+000 -1.018250e-001 1.742500e-001
1.410550e+000 -8.668200e-002 1.938310e-001
1.410900e+000 -3.871000e-003 2.058290e-001
1.411140e+000 3.811000e-003 -1.457680e-001
1.411270e+000 -6.866300e-002 2.053590e-001
1.411560e+000 -7.834000e-003 2.232950e-001
1.411680e+000 -7.953000e-003 2.034670e-001
1.411710e+000 9.627700e-002 -9.062100e-002
1.411720e+000 7.828100e-002 -1.290190e-001
1.412000e+000 -1.163420e-001 4.808800e-002
1.412080e+000 8.504400e-002 -1.184020e-001
1.412160e+000 -1.932300e-002 2.338460e-001
1.412190e+000 1.073010e-001 -4.916900e-002
1.412290e+000 1.547100e-002 -1.573130e-001
1.412300e+000 -2.218300e-002 -1.214800e-001
1.412480e+000 1.034500e-002 -1.664430e-001
1.412490e+000 -4.541000e-003 -1.353870e-001
1.412690e+000 6.964600e-002 -1.398050e-001
1.412780e+000 9.247200e-002 -1.027710e-001
1.413010e+000 -1.169350e-001 5.661900e-002
1.413150e+000 6.466300e-002 2.347460e-001
1.413160e+000 1.226870e-001 1.020170e-001
1.413520e+000 6.635000e-003 -1.553920e-001
1.413700e+000 6.421000e-003 -1.609250e-001
1.413750e+000 -1.077500e-001 1.611730e-001
1.413780e+000 4.505700e-002 2.396920e-001
1.413910e+000 -3.431000e-003 -1.637350e-001
1.413960e+000 1.677100e-002 -1.685810e-001
1.414030e+000 1.513200e-002 -1.622290e-001
1.414190e+000 2.251800e-002 -1.741100e-001
1.414520e+000 -8.549600e-002 -1.115070e-001
1.414620e+000 1.648000e-003 -1.498840e-001
1.414670e+000 6.120700e-002 -1.481910e-001
1.414920e+000 -1.070640e-001 -8.271700e-002
1.414970e+000 -1.907200e-002 2.050220e-001
1.415140e+000 -9.927000e-002 -9.604600e-002
1.415710e+000 4.181800e-002 -1.583720e-001
1.415720e+000 6.159600e-002 2.574170e-001
1.415780e+000 -1.724000e-002 -1.651000e-001
1.416060e+000 8.958000e-002 2.150960e-001
1.416140e+000 -5.706600e-002 2.091350e-001
1.416330e+000 -3.731000e-003 -1.390930e-001
1.416420e+000 -5.700800e-002 -1.255450e-001
1.416510e+000 -4.085300e-002 2.103340e-001
1.416970e+000 6.478400e-002 2.618610e-001
1.417130e+000 -9.549100e-002 1.810050e-001
1.417420e+000 -1.140530e-001 1.404620e-001
1.417430e+000 -6.544000e-003 2.068220e-001
1.417490e+000 -4.051000e-003 -1.536100e-001
1.417790e+000 1.120700e-001 -3.142500e-002
1.417860e+000 1.232540e-001 8.864800e-002
1.417980e+000 1.042890e-001 1.907150e-001
1.417990e+000 -1.211400e-001 8.718100e-002
1.418330e+000 1.150840e-001 2.474500e-002
1.418580e+000 8.307400e-002 2.227650e-001
1.418640e+000 -1.123580e-001 -6.881700e-002
1.418660e+000 -4.449000e-003 -1.446950e-001
1.418700e+000 1.089010e-001 1.786870e-001
1.419280e+000 1.141250e-001 -2.003900e-002
1.419290e+000 2.423200e-002 -1.619340e-001
1.419330e+000 5.295700e-002 2.436880e-001
1.419440e+000 3.864400e-002 -1.822820e-001
1.419450e+000 -1.133800e-002 2.052320e-001
1.419740e+000 -1.216110e-001 -3.656100e-002
1.419870e+000 6.249000e-002 2.596940e-001
1.420070e+000 -1.203900e-002 2.124120e-001
1.420110e+000 -2.197400e-002 2.243650e-001
1.420430e+000 5.484800e-002 2.412710e-001
1.420510e+000 -2.777700e-002 2.318460e-001
1.420530e+000 1.150870e-001 1.531280e-001
1.420900e+000 -4.131700e-002 -1.719050e-001
1.420910e+000 6.674000e-002 2.691930e-001
1.420950e+000 3.214700e-002 -1.624930e-001
1.421000e+000 2.481800e-002 -1.657670e-001
1.421010e+000 -8.378900e-002 1.939040e-001
1.421300e+000 -1.461800e-002 -1.539220e-001
1.421600e+000 -1.034100e-002 -1.333930e-001
1.421680e+000 1.175320e-001 4.269400e-002
1.421840e+000 -1.005750e-001 -8.999000e-002
1.422010e+000 5.469900e-002 2.453240e-001
1.422110e+000 -7.490200e-002 2.009140e-001
1.422530e+000 7.705300e-002 2.291980e-001
1.422550e+000 -5.810900e-002 2.099840e-001
1.422740e+000 -1.624500e-002 2.096360e-001
1.422810e+000 -1.054180e-001 1.577870e-001
1.422810e+000 3.005700e-002 -1.704130e-001
1.422950e+000 1.004990e-001 -7.582300e-002
1.422990e+000 6.320000e-002 2.575950e-001
1.423010e+000 -1.206810e-001 1.445600e-002
1.423040e+000 1.221360e-001 6.580500e-002
1.423090e+000 5.086800e-002 -1.575560e-001
1.423160e+000 9.672700e-002 2.043510e-001
1.423220e+000 -1.227380e-001 -1.533900e-002
1.423410e+000 -2.742800e-002 -1.596690e-001
1.423420e+000 -1.706200e-002 -1.251420e-001
1.423810e+000 -2.228400e-002 2.088600e-001
1.423840e+000 -4.533400e-002 -1.743210e-001
1.423860e+000 -2.192700e-002 -1.235180e-001
1.424120e+000 -1.191910e-001 9.613200e-002
1.424260e+000 -4.799300e-002 -1.800550e-001
1.424420e+000 -1.167450e-001 -4.690800e-002
1.424530e+000 1.204830e-001 5.728000e-002
1.424710e+000 1.221390e-001 9.829300e-002
1.424740e+000 -3.345500e-002 2.344560e-001
1.424960e+000 -6.347400e-002 -1.259370e-001
1.424970e+000 -1.135250e-001 -5.742400e-002
1.424980e+000 -1.370100e-002 -1.439500e-001
1.425160e+000 -7.902200e-002 -1.164370e-001
1.425210e+000 3.926800e-002 -1.636980e-001
1.425780e+000 -9.593400e-002 1.738590e-001
1.425890e+000 6.631000e-002 2.382880e-001
1.425950e+000 -4.025000e-002 -1.283180e-001
1.426190e+000 3.454000e-002 -1.671220e-001
1.426310e+000 -8.689200e-002 -1.081980e-001
1.426530e+000 5.961100e-002 2.453200e-001
1.426780e+000 -6.641200e-002 2.064960e-001
1.426920e+000 -1.152170e-001 3.400300e-002
1.426950e+000 -4.807300e-002 -1.292530e-001
1.427240e+000 9.459600e-002 -9.548400e-002
1.427340e+000 -3.543500e-002 -1.607760e-001
1.427350e+000 -7.560500e-002 1.989630e-001
1.427360e+000 1.113060e-001 1.669180e-001
1.427380e+000 -1.347000e-002 -1.340420e-001
1.427610e+000 -1.206610e-001 3.854000e-003
1.427610e+000 -4.256700e-002 2.154060e-001
1.427670e+000 7.490400e-002 -1.353460e-001
1.427680e+000 -3.025600e-002 2.200710e-001
1.427810e+000 4.341500e-002 -1.789960e-001
1.428030e+000 -2.792600e-002 -1.251760e-001
1.428440e+000 -8.474600e-002 1.895500e-001
1.428650e+000 -1.130780e-001 1.246690e-001
1.428870e+000 -6.871100e-002 -1.237220e-001
1.428900e+000 8.363500e-002 -1.215880e-001
1.429030e+000 1.216740e-001 8.309600e-002
1.429120e+000 -2.770800e-002 -1.522080e-001
1.429260e+000 6.699700e-002 2.673230e-001
1.429690e+000 1.138650e-001 -6.882000e-003
1.429720e+000 -5.113100e-002 2.155700e-001
1.429770e+000 -1.711800e-002 -1.253180e-001
1.429870e+000 -1.164920e-001 7.098700e-002
1.429940e+000 1.208820e-001 1.193900e-001
1.430010e+000 -3.680900e-002 2.178320e-001
1.430250e+000 -3.997900e-002 2.422930e-001
1.430440e+000 1.129990e-001 3.176400e-002
1.430470e+000 6.450900e-002 2.423460e-001
1.430500e+000 6.537000e-002 2.575700e-001
1.430670e+000 -3.643700e-002 2.262740e-001
1.430680e+000 4.596500e-002 -1.644370e-001
1.430770e+000 -1.052070e-001 1.488190e-001
1.430800e+000 1.044040e-001 1.862790e-001
1.430820e+000 1.192720e-001 1.290480e-001
1.430830e+000 -1.157190e-001 1.055190e-001
1.431180e+000 8.987800e-002 -1.083270e-001
1.431210e+000 1.042890e-001 -6.604600e-002
1.431840e+000 4.340000e-002 -1.762960e-001
1.432010e+000 -1.538100e-002 -1.312120e-001
1.432040e+000 4.236600e-002 -1.699800e-001
1.432080e+000 1.129920e-001 -2.251800e-002
1.432490e+000 -5.907500e-002 2.121070e-001
1.432670e+000 -1.012370e-001 -7.920900e-002
1.432830e+000 1.084400e-001 -5.230400e-002
1.432950e+000 -7.572200e-002 -1.180550e-001
1.433000e+000 -8.890100e-002 1.808970e-001
1.433110e+000 6.495900e-002 2.463780e-001
1.433270e+000 -5.318900e-002 -1.311000e-001
1.433490e+000 6.335400e-002 -1.502100e-001
1.433580e+000 -1.062180e-001 -6.680000e-002
1.433800e+000 1.158810e-001 1.419840e-001
1.433810e+000 4.743300e-002 -1.817690e-001
1.433870e+000 -9.515000e-002 1.685280e-001
1.434040e+000 -2.535900e-002 -1.276870e-001
1.434090e+000 -1.845800e-002 -1.312660e-001
1.434520e+000 -5.071200e-002 -1.804400e-001
1.434590e+000 -8.794400e-002 -1.028120e-001
1.434830e+000 5.317100e-002 -1.608720e-001
1.434950e+000 -6.308800e-002 -1.280540e-001
1.435150e+000 -4.349900e-002 2.224470e-001
1.435610e+000 7.422700e-002 2.343570e-001
1.435850e+000 -9.399300e-002 -9.144600e-002
1.436040e+000 -6.344700e-002 2.083570e-001
1.436170e+000 -1.075920e-001 1.318190e-001
1.436270e+000 1.112380e-001 2.401600e-002
1.436370e+000 -2.487500e-002 -1.304850e-001
1.436680e+000 -1.122490e-001 5.336400e-002
1.436840e+000 8.168100e-002 2.249340e-001
1.437060e+000 -3.878700e-002 -1.520540e-001
1.437070e+000 -4.607300e-002 -1.333990e-001
1.437240e+000 -1.151140e-001 -2.440300e-002
1.437350e+000 6.780800e-002 2.629140e-001
1.437450e+000 -4.323100e-002 -1.593550e-001
1.437720e+000 -5.099900e-002 2.207600e-001
1.437770e+000 -1.117170e-001 4.214800e-002
1.437800e+000 -3.458300e-002 -1.425740e-001
1.438050e+000 9.540900e-002 2.031190e-001
1.438100e+000 -1.151770e-001 1.893500e-002
1.438240e+000 -4.458200e-002 2.376520e-001
1.438800e+000 6.822800e-002 2.751190e-001
1.438840e+000 -4.738800e-002 -1.654340e-001
1.438890e+000 -7.337700e-002 1.975240e-001
1.439300e+000 5.028400e-002 -1.682040e-001
1.439380e+000 -5.656800e-002 -1.328520e-001
1.439410e+000 1.117160e-001 3.973000e-003
1.439460e+000 -5.752300e-002 2.151990e-001
1.440380e+000 7.667900e-002 -1.323120e-001
1.440590e+000 9.652100e-002 -8.732800e-002
1.440960e+000 -1.157080e-001 6.341000e-003
1.441260e+000 -4.774700e-002 2.293480e-001
1.441370e+000 -1.155400e-001 -3.897000e-003
1.441530e+000 5.112100e-002 -1.842160e-001
1.441710e+000 6.977800e-002 2.446680e-001
1.441840e+000 5.835900e-002 -1.584080e-001
1.441880e+000 -1.131690e-001 8.436000e-002
1.442280e+000 6.886000e-002 2.525510e-001
1.442300e+000 -4.887300e-002 -1.373540e-001
1.442950e+000 1.210140e-001 1.045100e-001
1.443040e+000 -4.492500e-002 -1.406110e-001
1.443110e+000 8.560100e-002 -1.152440e-001
1.443230e+000 5.201400e-002 -1.936390e-001
1.443370e+000 1.101260e-001 1.593180e-001
1.443520e+000 -6.459200e-002 -1.285530e-001
1.443740e+000 6.544000e-002 -1.492040e-001
1.444250e+000 -4.551200e-002 -1.525530e-001
1.444270e+000 6.872600e-002 2.653670e-001
1.444540e+000 5.275700e-002 -1.712460e-001
1.444700e+000 -4.586100e-002 -1.466730e-001
1.444730e+000 -6.298200e-002 2.081070e-001
1.445040e+000 -5.250800e-002 -1.819990e-001
1.445040e+000 1.113670e-001 -3.605000e-002
1.445350e+000 -9.730400e-002 1.481550e-001
1.445360e+000 -7.430500e-002 -1.155420e-001
1.445580e+000 -1.113730e-001 9.191600e-002
1.445620e+000 1.037770e-001 1.798890e-001
1.445820e+000 -5.466500e-002 -1.390960e-001
1.445820e+000 9.192800e-002 -9.992000e-002
1.445880e+000 7.565200e-002 2.346630e-001
1.445910e+000 -4.855000e-002 2.426490e-001
1.445920e+000 -8.791800e-002 1.679830e-001
1.446250e+000 1.094570e-001 -4.869300e-002
1.446520e+000 -1.092090e-001 1.021820e-001
1.446520e+000 -7.707100e-002 1.855640e-001
1.446620e+000 -1.127250e-001 -1.288100e-002
1.446950e+000 -7.946000e-002 -1.068470e-001
1.446950e+000 -6.826000e-002 1.984350e-001
1.447550e+000 -5.531500e-002 2.204470e-001
1.447640e+000 1.055860e-001 -6.310000e-002
1.447930e+000 1.172100e-001 7.048000e-002
1.448070e+000 8.527400e-002 2.185720e-001
1.448750e+000 -1.109390e-001 6.842200e-002
1.448870e+000 -9.073400e-002 -8.342800e-002
1.448940e+000 6.716600e-002 2.769140e-001
1.449200e+000 -5.098600e-002 -1.617650e-001
1.449780e+000 1.195040e-001 1.192970e-001
1.449820e+000 -5.094500e-002 -1.486270e-001
1.449900e+000 -6.028100e-002 -1.361290e-001
1.450000e+000 -4.904700e-002 -1.539770e-001
1.450150e+000 -5.436900e-002 -2.017440e-001
1.450280e+000 1.097310e-001 4.161200e-002
1.450360e+000 -7.053100e-002 -1.195880e-001
1.450390e+000 1.193760e-001 9.364000e-002
1.450400e+000 1.115810e-001 -2.642100e-002
1.450910e+000 5.669300e-002 -1.666280e-001
1.450940e+000 -8.884000e-002 1.612540e-001
1.451180e+000 5.373500e-002 -1.821380e-001
1.451210e+000 -9.725600e-002 -6.550000e-002
1.451380e+000 1.077030e-001 1.639100e-002
1.451600e+000 -5.318900e-002 -1.712620e-001
1.451620e+000 1.110090e-001 -1.026800e-002
1.451690e+000 -1.074220e-001 -2.963000e-002
1.451900e+000 1.175050e-001 1.285090e-001
1.452320e+000 -5.362200e-002 2.285520e-001
1.452610e+000 -6.408700e-002 2.026250e-001
1.452820e+000 1.137880e-001 5.939900e-002
1.452830e+000 7.135800e-002 2.502790e-001
1.453300e+000 -9.626500e-002 1.384290e-001
1.453400e+000 -6.533700e-002 -1.287690e-001
1.453550e+000 -5.305700e-002 -1.558880e-001
1.453700e+000 -5.636500e-002 -1.471760e-001
1.453970e+000 9.524200e-002 1.979810e-001
1.454280e+000 -7.037900e-002 1.902230e-001
1.454540e+000 -5.481900e-002 -1.894030e-001
1.454760e+000 1.078270e-001 -5.337800e-002
1.454770e+000 -7.864200e-002 1.756730e-001
1.454840e+000 7.486000e-002 2.380830e-001
1.455070e+000 6.967300e-002 -1.438070e-001
1.455390e+000 -5.937300e-002 2.123190e-001
1.455710e+000 -1.112340e-001 2.274000e-003
1.456150e+000 1.006570e-001 -7.531900e-002
1.456890e+000 1.189520e-001 1.099100e-001
1.457270e+000 -7.182500e-002 -1.133640e-001
1.458060e+000 6.646000e-002 2.735200e-001
1.458180e+000 -7.922100e-002 -9.614300e-002
1.458360e+000 1.051150e-001 2.618000e-002
1.458590e+000 6.209300e-002 -1.582130e-001
1.458730e+000 -9.927100e-002 -4.813200e-002
1.459470e+000 -5.668800e-002 2.225860e-001
1.459770e+000 -6.827400e-002 -1.209120e-001
1.459830e+000 5.423900e-002 -1.869370e-001
1.460060e+000 -6.487600e-002 -1.313910e-001
1.460090e+000 -5.685400e-002 -1.669580e-001
1.460240e+000 7.845300e-002 -1.287850e-001
1.460350e+000 -1.067580e-001 4.732300e-002
1.460510e+000 1.138620e-001 1.351410e-001
1.460540e+000 -5.887900e-002 -1.521310e-001
1.460650e+000 -8.180700e-002 1.626670e-001
1.460770e+000 1.091590e-001 -4.099100e-002
1.460810e+000 -5.471100e-002 2.379480e-001
1.460920e+000 -1.081690e-001 3.134600e-002
1.460920e+000 7.762600e-002 2.313590e-001
1.461000e+000 1.048320e-001 3.379800e-002
1.461020e+000 -1.076450e-001 -1.148000e-002
1.461030e+000 5.219900e-002 -1.985620e-001
1.461360e+000 1.099260e-001 -2.663500e-002
1.461470e+000 -8.731300e-002 1.492360e-001
1.461630e+000 -1.032630e-001 9.883700e-002
1.461840e+000 -5.642400e-002 -2.086260e-001
1.462030e+000 1.075560e-001 1.479000e-003
1.462640e+000 4.689800e-002 -2.170800e-001
1.462940e+000 5.834000e-002 -1.701050e-001
1.462970e+000 -9.505700e-002 1.224150e-001
1.464160e+000 7.182700e-002 2.475440e-001
1.464220e+000 -1.034510e-001 -2.476700e-002
1.464510e+000 -6.374600e-002 1.942270e-001
1.464660e+000 1.030430e-001 -6.480600e-002
1.464960e+000 -7.404500e-002 -1.005030e-001
1.465290e+000 -1.061190e-001 7.254700e-002
1.465320e+000 1.159700e-001 9.547800e-002
1.466380e+000 -7.126600e-002 1.758500e-001
1.467120e+000 -5.921000e-002 -1.858180e-001
1.467230e+000 1.119180e-001 6.909400e-002
1.467370e+000 -1.083580e-001 1.543300e-002
1.467370e+000 8.389300e-002 -1.178400e-001
1.468140e+000 6.291800e-002 2.750070e-001
1.468390e+000 1.052800e-001 -5.327800e-002
1.468760e+000 -6.078500e-002 2.035320e-001
1.468860e+000 6.256100e-002 -1.591440e-001
1.469000e+000 -5.574200e-002 -2.143940e-001
1.469270e+000 -6.321500e-002 -1.458650e-001
1.469770e+000 -5.681900e-002 2.406920e-001
1.469780e+000 1.038080e-001 4.192600e-002
1.469840e+000 9.505000e-002 1.913910e-001
1.469930e+000 1.075920e-001 -1.337700e-002
1.470210e+000 -6.184900e-002 -1.603900e-001
1.470280e+000 1.028400e-001 1.614800e-002
1.470930e+000 7.900800e-002 2.262450e-001
1.471180e+000 -8.762100e-002 -6.243000e-002
1.471290e+000 -9.995300e-002 9.676500e-002
1.471410e+000 1.136230e-001 1.267370e-001
1.471510e+000 1.084090e-001 5.973300e-002
1.472040e+000 -1.032620e-001 5.603700e-002
1.472120e+000 1.093310e-001 1.413010e-001
1.472130e+000 6.968800e-002 -1.447630e-001
1.472460e+000 1.150550e-001 1.109670e-001
1.472710e+000 -6.626600e-002 -1.264430e-001
1.472990e+000 9.436000e-002 -8.766700e-002
1.473000e+000 5.797100e-002 2.810860e-001
1.473040e+000 -5.897200e-002 2.172130e-001
1.473240e+000 -1.029550e-001 4.241900e-002
1.473430e+000 3.867400e-002 -2.245930e-001
1.474000e+000 5.517100e-002 -1.818990e-001
1.474010e+000 -1.059050e-001 2.664000e-003
1.474250e+000 5.860300e-002 -1.694540e-001
1.474260e+000 -1.021020e-001 7.991300e-002
1.474370e+000 1.069390e-001 -3.021600e-002
1.474510e+000 -1.049580e-001 2.679200e-002
1.474850e+000 -9.532500e-002 1.047690e-001
1.475290e+000 -9.668100e-002 -3.263300e-002
1.475380e+000 -6.071200e-002 -1.938900e-001
1.475420e+000 -7.062800e-002 1.646410e-001
1.475690e+000 5.094200e-002 -1.959530e-001
1.475880e+000 -6.500800e-002 1.794440e-001
1.476020e+000 4.603200e-002 -2.089620e-001
1.476340e+000 -6.792600e-002 -1.111990e-001
1.476660e+000 -7.027500e-002 -9.871600e-002
1.476790e+000 -6.194700e-002 1.907060e-001
1.476940e+000 7.883100e-002 2.241700e-001
1.476940e+000 1.000630e-001 1.675660e-001
1.477050e+000 -1.032410e-001 -6.236000e-003
1.477230e+000 7.115300e-002 2.416100e-001
1.477510e+000 -6.517100e-002 -1.430200e-001
1.477810e+000 1.047860e-001 -4.353600e-002
1.478040e+000 -8.579700e-002 1.220080e-001
1.478110e+000 8.781700e-002 2.055940e-001
1.478120e+000 -6.414400e-002 -1.703780e-001
1.479160e+000 6.027300e-002 2.690700e-001
1.479420e+000 9.522000e-002 1.837780e-001
1.479840e+000 1.082180e-001 7.354300e-002
1.480100e+000 -5.843000e-002 2.378780e-001
1.480470e+000 6.374400e-002 -1.550920e-001
1.480540e+000 -6.001900e-002 2.049990e-001
1.481750e+000 -7.375600e-002 -7.980600e-002
1.481790e+000 5.277900e-002 2.804580e-001
1.481910e+000 1.111360e-001 9.959500e-002
1.482100e+000 8.379200e-002 -1.171940e-001
1.482620e+000 -6.596000e-002 -1.328800e-001
1.482930e+000 9.754400e-002 2.905400e-002
1.484250e+000 9.435500e-002 -7.983800e-002
1.484280e+000 -3.808900e-002 -2.353060e-001
1.484380e+000 -7.751900e-002 -6.778600e-002
1.484400e+000 3.111700e-002 -2.257600e-001
1.485090e+000 -8.650600e-002 -4.679200e-002
1.485190e+000 -5.783300e-002 -2.046940e-001
1.485320e+000 -6.098700e-002 -1.942620e-001
1.485450e+000 -6.478500e-002 1.651860e-001
1.485590e+000 5.636800e-002 -1.705730e-001
1.485620e+000 6.851800e-002 2.409180e-001
1.485850e+000 -9.502900e-002 8.744400e-002
1.485950e+000 -7.566000e-002 1.342510e-001
1.486130e+000 -4.836800e-002 -2.217630e-001
1.486400e+000 4.288900e-002 -2.057690e-001
1.486970e+000 7.542500e-002 -1.332280e-001
1.488010e+000 1.072600e-001 1.321160e-001
1.488020e+000 1.029830e-001 6.192900e-002
1.488070e+000 -5.998800e-002 2.162210e-001
1.488630e+000 1.012900e-001 -5.185000e-003
1.489230e+000 8.634300e-002 -1.072280e-001
1.489510e+000 -6.151800e-002 1.717890e-001
1.489960e+000 7.141500e-002 2.309710e-001
1.490070e+000 8.213800e-002 2.114230e-001
1.490210e+000 -5.929100e-002 2.294320e-001
1.490230e+000 -9.856900e-002 2.544500e-002
1.490260e+000 -9.946100e-002 1.343700e-002
1.490450e+000 -6.691800e-002 -1.604880e-001
1.490860e+000 -9.555000e-002 4.520700e-002
1.491050e+000 -7.011300e-002 -7.857000e-002
1.491090e+000 8.860500e-002 1.958370e-001
1.491170e+000 6.015100e-002 -1.592110e-001
1.491190e+000 -9.470800e-002 -1.680600e-002
1.491240e+000 -6.589300e-002 -1.137710e-001
1.491830e+000 -6.013400e-002 1.859350e-001
1.492080e+000 6.355300e-002 2.454830e-001
1.492520e+000 1.087340e-001 1.183850e-001
1.493090e+000 -5.404400e-002 -2.087310e-001
1.493280e+000 -7.792700e-002 1.198690e-001
1.493380e+000 -3.624500e-002 -2.312510e-001
1.493480e+000 3.588900e-002 -2.109450e-001
1.493780e+000 -8.803700e-002 -3.196600e-002
1.493820e+000 -6.576300e-002 -9.672700e-002
1.493960e+000 -9.725500e-002 2.646000e-003
1.494250e+000 8.910000e-002 -9.280900e-002
1.494720e+000 -6.659200e-002 -1.642290e-001
1.495000e+000 -6.739100e-002 -1.495890e-001
1.495050e+000 -2.367700e-002 -2.371840e-001
1.495280e+000 9.839700e-002 1.533070e-001
1.496020e+000 5.427500e-002 -1.678190e-001
1.496220e+000 -9.489200e-002 -5.936000e-003
1.496380e+000 4.207000e-002 -1.966350e-001
1.496610e+000 9.528300e-002 -6.338700e-002
1.496650e+000 1.071740e-001 1.042920e-001
1.496740e+000 -9.134400e-002 7.305700e-002
1.497190e+000 -6.142900e-002 -1.874340e-001
1.497230e+000 -7.476300e-002 -5.788300e-002
1.497460e+000 9.401700e-002 4.463200e-002
1.497550e+000 -4.907900e-002 -2.132890e-001
1.497680e+000 1.035870e-001 8.798900e-002
1.497710e+000 9.054900e-002 1.826300e-001
1.498420e+000 7.674000e-002 2.166200e-001
1.498450e+000 -6.545700e-002 -1.697760e-001
1.498480e+000 3.939400e-002 2.809280e-001
1.498760e+000 8.005000e-002 -1.193010e-001
1.498800e+000 -5.762400e-002 2.398290e-001
1.498990e+000 5.386300e-002 2.571910e-001
1.499810e+000 -5.798600e-002 1.688020e-001
1.500230e+000 4.958600e-002 -1.752320e-001
1.500290e+000 -4.113000e-002 -2.208310e-001
1.500700e+000 -5.879800e-002 1.819080e-001
1.500960e+000 -6.525600e-002 1.408710e-001
1.501110e+000 -2.835000e-002 -2.305460e-001
1.501180e+000 9.589900e-002 1.072000e-003
1.501250e+000 -8.403800e-002 9.795100e-002
1.501420e+000 -5.587600e-002 -1.990260e-001
1.501600e+000 7.291000e-002 -1.323750e-001
1.502000e+000 9.187400e-002 1.732000e-002
1.502010e+000 -5.893500e-002 1.565920e-001
1.502180e+000 4.479200e-002 2.691720e-001
1.502530e+000 8.418900e-002 1.986360e-001
1.502550e+000 -7.277100e-002 1.224960e-001
1.502780e+000 -1.577700e-002 -2.333400e-001
1.503230e+000 -9.260700e-002 1.355500e-002
1.503330e+000 -8.918000e-002 3.703800e-002
1.503740e+000 6.456200e-002 2.323750e-001
1.503990e+000 -4.339000e-003 -2.317720e-001
1.504080e+000 -5.889400e-002 -1.905560e-001
1.504110e+000 -6.383300e-002 -8.136500e-002
1.504360e+000 -6.556300e-002 -1.174390e-001
1.504560e+000 8.204500e-002 -1.099560e-001
1.505260e+000 -8.622900e-002 5.176800e-002
1.505520e+000 -6.095700e-002 2.108800e-001
1.505530e+000 2.169400e-002 -2.168460e-001
1.505590e+000 9.436900e-002 5.810800e-002
1.505870e+000 1.241800e-002 -2.238290e-001
1.506090e+000 -3.490000e-002 -2.219810e-001
1.506430e+000 -6.018200e-002 1.925240e-001
1.506490e+000 -6.313400e-002 -9.960800e-002
1.506690e+000 -5.915100e-002 2.275000e-001
1.506690e+000 6.470700e-002 -1.435570e-001
1.506800e+000 8.851700e-002 3.279300e-002
1.507490e+000 9.131500e-002 1.663560e-001
1.507530e+000 9.699900e-002 -2.261900e-002
1.507630e+000 2.991400e-002 2.814980e-001
1.507820e+000 2.645200e-002 -2.095010e-001
1.508020e+000 -4.814700e-002 -2.068490e-001
1.508240e+000 1.041040e-001 1.220060e-001
1.508580e+000 -6.668300e-002 -1.539490e-001
1.508780e+000 9.777200e-002 -3.929700e-002
1.509090e+000 -6.459200e-002 -6.797800e-002
1.509180e+000 -5.421400e-002 1.640300e-001
1.509190e+000 -6.119100e-002 -8.995000e-002
1.509390e+000 -2.165700e-002 -2.264700e-001
1.509530e+000 -8.270600e-002 -2.718000e-002
1.510190e+000 5.148700e-002 -1.620090e-001
1.510220e+000 -7.045500e-002 -5.320600e-002
1.510490e+000 -5.378000e-002 2.475720e-001
1.510550e+000 -6.124300e-002 1.428860e-001
1.510650e+000 1.688000e-003 -2.248640e-001
1.510660e+000 9.188900e-002 2.853000e-003
1.510930e+000 -6.407500e-002 -1.660700e-001
1.511010e+000 -8.560400e-002 -1.654300e-002
1.511090e+000 -7.915700e-002 1.010480e-001
1.511160e+000 -5.613600e-002 1.758190e-001
1.511270e+000 -7.126200e-002 1.220110e-001
1.511320e+000 1.044510e-001 1.107390e-001
1.511860e+000 5.667100e-002 2.371750e-001
1.512090e+000 7.551500e-002 2.078430e-001
1.512180e+000 3.604400e-002 2.698990e-001
1.512250e+000 9.673900e-002 8.271200e-002
1.512620e+000 -6.104300e-002 2.031740e-001
1.513010e+000 -9.704000e-003 -2.249350e-001
1.513310e+000 -8.467500e-002 2.095400e-002
1.514240e+000 -8.111500e-002 3.562700e-002
1.514480e+000 9.406300e-002 -5.231600e-002
1.514700e+000 1.016040e-001 1.002800e-001
1.515120e+000 -5.365900e-002 -1.909370e-001
1.515340e+000 -5.902700e-002 1.868800e-001
1.515570e+000 -4.172400e-002 -2.067470e-001
1.515630e+000 -7.814000e-002 -3.352800e-002
1.515650e+000 -4.336100e-002 2.637690e-001
1.515940e+000 -7.961300e-002 5.727300e-002
1.515990e+000 3.156300e-002 -1.929080e-001
1.516210e+000 1.332400e-002 2.831820e-001
1.516250e+000 6.112300e-002 -1.428490e-001
1.516260e+000 2.290100e-002 2.775720e-001
1.516280e+000 4.288300e-002 -1.705870e-001
1.516340e+000 -5.753200e-002 2.325380e-001
1.516410e+000 -7.780300e-002 9.650400e-002
1.516560e+000 7.181500e-002 -1.248350e-001
1.516780e+000 4.431300e-002 2.506520e-001
1.516900e+000 -6.139900e-002 -9.878700e-002
1.517070e+000 -7.954300e-002 7.277000e-002
1.517070e+000 1.024860e-001 1.154390e-001
1.517280e+000 -6.941800e-002 -5.124500e-002
1.517310e+000 8.469500e-002 2.610900e-002
1.517770e+000 -6.537700e-002 1.329650e-001
1.517780e+000 -8.387500e-002 -6.226000e-003
1.517810e+000 -5.341800e-002 1.503700e-001
1.518010e+000 9.473600e-002 -3.058300e-002
1.518140e+000 -7.500500e-002 1.068260e-001
1.518230e+000 9.255600e-002 1.521020e-001
1.518460e+000 9.983800e-002 1.257810e-001
1.518490e+000 7.657000e-002 -1.120680e-001
1.518890e+000 -7.758600e-002 8.553600e-002
1.518950e+000 8.013900e-002 -1.015040e-001
1.519170e+000 -5.992900e-002 2.172120e-001
1.519510e+000 6.791300e-002 2.133880e-001
1.519700e+000 -6.207400e-002 -6.278500e-002
1.519710e+000 -5.167400e-002 1.694410e-001
1.519710e+000 2.673800e-002 2.695650e-001
1.519760e+000 -7.619300e-002 4.327600e-002
1.519780e+000 3.541300e-002 2.597930e-001
1.520040e+000 8.138200e-002 1.857900e-001
1.520470e+000 5.707900e-002 2.262440e-001
1.520590e+000 -1.576800e-002 -2.182230e-001
1.520620e+000 -4.833500e-002 1.574470e-001
1.520700e+000 -6.500100e-002 -1.142680e-001
1.520770e+000 8.656000e-003 -2.125010e-001
1.520770e+000 8.826800e-002 -7.010300e-002
1.520830e+000 -8.124100e-002 1.376800e-002
1.520950e+000 -6.025400e-002 1.961690e-001
1.521570e+000 -3.529100e-002 2.681330e-001
1.521690e+000 3.841800e-002 -1.719130e-001
1.522060e+000 2.336900e-002 -1.981930e-001
1.522140e+000 -1.422000e-003 -2.154790e-001
1.522160e+000 8.494300e-002 1.720590e-001
1.522210e+000 7.655500e-002 1.956130e-001
1.522310e+000 9.978900e-002 1.056190e-001
1.522510e+000 9.342300e-002 -3.673300e-002
1.522650e+000 -6.589800e-002 -1.252190e-001
1.522670e+000 9.243400e-002 -4.858000e-002
1.522760e+000 -2.429200e-002 -2.129350e-001
1.522780e+000 -8.003800e-002 -2.348500e-002
1.523340e+000 -7.802800e-002 -3.168000e-002
1.523450e+000 -5.408200e-002 -7.936300e-002
1.523470e+000 -2.432100e-002 2.741520e-001
1.523510e+000 -7.552400e-002 3.595600e-002
1.523510e+000 1.665200e-002 -2.036430e-001
1.523620e+000 -4.897100e-002 2.480340e-001
1.523740e+000 -5.720400e-002 -1.745870e-001
1.523750e+000 9.179000e-003 2.770050e-001
1.524200e+000 8.271800e-002 4.268200e-002
1.524350e+000 -1.436000e-003 2.795510e-001
1.524470e+000 -5.525700e-002 -8.517200e-002
1.524500e+000 -5.847200e-002 1.897780e-001
1.525020e+000 -6.004300e-002 2.079230e-001
1.525050e+000 -5.364400e-002 -7.390500e-002
1.525110e+000 -3.906100e-002 2.599800e-001
1.525250e+000 -1.019600e-002 -2.142930e-001
1.525320e+000 -4.541500e-002 -1.931290e-001
1.525410e+000 -5.500000e-002 -6.899200e-002
1.525430e+000 6.269000e-002 2.148650e-001
1.525520e+000 2.872000e-002 -1.855810e-001
1.525530e+000 -7.823500e-002 9.780000e-004
1.525800e+000 -7.740700e-002 2.609300e-002
1.526180e+000 -7.171000e-002 8.515300e-002
1.526180e+000 -5.310800e-002 1.471970e-001
1.526370e+000 -7.386700e-002 6.882700e-002
1.526400e+000 9.861500e-002 1.108010e-001
1.526450e+000 -7.104500e-002 1.129190e-001
1.526470e+000 6.478400e-002 -1.284960e-001
1.526680e+000 5.071100e-002 -1.488860e-001
1.526750e+000 -3.083500e-002 -2.049670e-001
1.526950e+000 -5.838300e-002 -6.343300e-002
1.527100e+000 -7.232600e-002 4.547200e-002
1.527170e+000 9.736500e-002 1.191870e-001
1.527200e+000 -6.533100e-002 -1.335100e-001
1.527450e+000 -6.855700e-002 -5.109400e-002
1.527870e+000 -6.778500e-002 1.264800e-001
1.527870e+000 -4.566200e-002 1.629630e-001
1.527930e+000 1.278000e-002 2.694400e-001
1.527930e+000 9.200000e-002 8.783300e-002
1.528100e+000 -7.800200e-002 -2.104600e-002
1.528110e+000 -6.226900e-002 1.371540e-001
1.528150e+000 -7.430900e-002 5.936000e-002
1.528210e+000 -5.835100e-002 -9.449200e-002
1.528260e+000 -6.236500e-002 -1.050300e-001
1.528470e+000 -7.242500e-002 -4.412900e-002
1.528520e+000 3.534200e-002 2.428220e-001
1.528820e+000 -5.820500e-002 2.186450e-001
1.528990e+000 -7.529500e-002 1.802700e-002
1.529020e+000 -1.649300e-002 -2.093520e-001
1.529040e+000 -1.280200e-002 2.732470e-001
1.529280e+000 -5.858900e-002 1.978260e-001
1.529540e+000 4.197000e-002 2.327880e-001
1.529890e+000 -3.180900e-002 2.612970e-001
1.529900e+000 6.904800e-002 -1.170380e-001
1.529910e+000 8.529700e-002 -7.184600e-002
1.530040e+000 -4.441600e-002 2.483790e-001
1.530090e+000 -5.267700e-002 -1.762330e-001
1.530260e+000 6.820400e-002 2.014610e-001
1.530520e+000 -5.953800e-002 -1.603600e-001
1.530660e+000 -7.508800e-002 -3.427300e-002
1.530800e+000 9.256200e-002 1.345810e-001
1.530930e+000 -5.131800e-002 1.765300e-001
1.530940e+000 8.756600e-002 1.538070e-001
1.530950e+000 -5.455800e-002 2.302640e-001
1.531210e+000 8.920500e-002 -4.732900e-002
1.531490e+000 -7.502300e-002 2.959500e-002
1.531520e+000 1.992200e-002 2.584450e-001
1.531600e+000 6.240000e-003 2.676940e-001
1.531780e+000 -7.093500e-002 -1.890000e-004
1.531910e+000 -7.476400e-002 -2.273400e-002
1.532090e+000 -7.214300e-002 -1.349400e-002
1.532100e+000 -6.290700e-002 -5.805200e-002
1.532450e+000 -7.535100e-002 2.334200e-002
1.532470e+000 -6.621900e-002 1.214680e-001
1.532530e+000 -5.529000e-003 2.694990e-001
1.532790e+000 -6.426100e-002 1.103540e-001
1.532820e+000 -6.662700e-002 7.864600e-002
1.532820e+000 -6.258600e-002 9.819700e-002
1.533080e+000 -5.657700e-002 1.427220e-001
1.533120e+000 -7.162700e-002 5.117400e-002
1.533360e+000 -5.426100e-002 1.873220e-001
1.533380e+000 -7.165700e-002 3.924600e-002
1.533440e+000 -7.239400e-002 6.437200e-002
1.533500e+000 7.313200e-002 1.876270e-001
1.533770e+000 -4.340100e-002 1.544430e-001
1.533810e+000 -1.990300e-002 2.644760e-001
1.534000e+000 -6.267000e-002 1.323760e-001
1.534030e+000 3.270500e-002 -1.635190e-001
1.534150e+000 -3.572500e-002 -1.930540e-001
1.534160e+000 -6.432100e-002 -1.177750e-001
1.534340e+000 7.664200e-002 -9.264100e-002
1.534470e+000 8.450100e-002 -1.336400e-002
1.534500e+000 4.042400e-002 -1.529380e-001
1.534600e+000 -5.898600e-002 1.097050e-001
1.534680e+000 8.277900e-002 6.370200e-002
1.535020e+000 -5.656500e-002 2.122610e-001
1.535060e+000 -2.386900e-002 -1.998360e-001
1.535160e+000 -6.129900e-002 9.228600e-002
1.535190e+000 1.253000e-003 -2.002060e-001
1.535260e+000 8.521000e-003 -1.962450e-001
1.535270e+000 5.782400e-002 2.093050e-001
1.535390e+000 -4.084800e-002 1.584320e-001
1.535400e+000 -4.218700e-002 1.649620e-001
1.535490e+000 7.681400e-002 1.758800e-001
1.535870e+000 -7.166500e-002 1.458100e-002
1.536150e+000 -4.263400e-002 -1.826700e-001
1.536280e+000 -6.658600e-002 -5.500000e-005
1.536310e+000 9.200500e-002 1.112150e-001
1.536480e+000 -6.426100e-002 -5.433500e-002
1.536580e+000 -6.972300e-002 -4.245600e-002
1.536660e+000 1.567000e-002 -1.883520e-001
1.536780e+000 -6.072600e-002 1.282360e-001
1.536800e+000 -6.287300e-002 -1.112650e-001
1.536840e+000 2.059400e-002 -1.818530e-001
1.536910e+000 -6.189100e-002 -1.456550e-001
1.537390e+000 -4.750600e-002 -7.878300e-002
1.537540e+000 -6.972600e-002 -3.664200e-002
1.537540e+000 -5.814300e-002 -9.793800e-002
1.537700e+000 -5.626600e-002 1.389370e-001
1.537780e+000 -5.062400e-002 1.022320e-001
1.537860e+000 -4.228200e-002 1.183350e-001
1.537960e+000 -7.158500e-002 4.406300e-002
1.538000e+000 -6.785900e-002 -3.162500e-002
1.538040e+000 -7.070800e-002 6.848400e-002
1.538100e+000 -4.008600e-002 1.237180e-001
1.538380e+000 -1.396100e-002 -1.988300e-001
1.538590e+000 8.763900e-002 9.133900e-002
1.538670e+000 8.173500e-002 -7.116500e-002
1.538680e+000 -4.986600e-002 1.226170e-001
1.538840e+000 -6.093900e-002 -2.635400e-002
1.539030e+000 2.701300e-002 2.364130e-001
1.539130e+000 -5.719900e-002 9.388700e-002
1.539210e+000 -5.269000e-002 -6.679000e-002
1.539360e+000 -1.136700e-002 2.604970e-001
1.539940e+000 7.188400e-002 -9.773300e-002
1.540000e+000 -4.933000e-003 -1.960710e-001
1.540070e+000 -5.731800e-002 -1.721500e-002
1.540100e+000 -4.992800e-002 1.456880e-001
1.540180e+000 -6.263900e-002 8.166400e-002
1.540480e+000 -4.931800e-002 2.306000e-001
1.540480e+000 -2.831000e-002 1.303700e-001
1.540490e+000 -7.206500e-002 6.396700e-002
1.540610e+000 8.351900e-002 -5.855500e-002
1.540620e+000 -4.519900e-002 1.046760e-001
1.540660e+000 8.563700e-002 1.440980e-001
1.540770e+000 1.491700e-002 2.478600e-001
1.540910e+000 8.884700e-002 1.257050e-001
1.541010e+000 8.391000e-003 2.524220e-001
1.541080e+000 -5.143500e-002 1.926520e-001
1.541080e+000 -4.738600e-002 -8.278100e-002
1.541120e+000 -4.620900e-002 -7.478300e-002
1.541230e+000 -5.278000e-002 2.180880e-001
1.541310e+000 -4.831500e-002 -1.679640e-001
1.541570e+000 -3.821200e-002 1.142730e-001
1.541630e+000 -6.283300e-002 -2.351000e-003
1.541660e+000 -3.802100e-002 2.429500e-001
1.541790e+000 -7.526800e-002 2.567000e-002
1.541960e+000 -4.421300e-002 2.364690e-001
1.541990e+000 -4.512700e-002 1.784280e-001
1.542090e+000 6.687800e-002 1.860630e-001
1.542170e+000 3.426000e-002 2.236860e-001
1.542230e+000 8.070200e-002 1.553550e-001
1.542260e+000 -5.957700e-002 -1.056570e-001
1.542290e+000 -5.150100e-002 1.363530e-001
1.542380e+000 6.407000e-002 -1.122260e-001
1.542400e+000 -5.263100e-002 2.049200e-001
1.542460e+000 -5.175100e-002 -2.249800e-002
1.542480e+000 -2.536200e-002 1.283430e-001
1.542750e+000 -4.728900e-002 -3.398100e-002
1.542960e+000 -6.203700e-002 -1.287720e-001
1.543000e+000 5.005100e-002 -1.334050e-001
1.543150e+000 -5.405500e-002 -1.583640e-001
1.543160e+000 7.804300e-002 5.606100e-002
1.543190e+000 -4.753400e-002 -3.979300e-002
1.543320e+000 -2.692100e-002 2.486790e-001
1.543350e+000 -3.973000e-002 1.324440e-001
1.543630e+000 -3.021900e-002 1.206830e-001
1.543750e+000 -4.706900e-002 1.444570e-001
1.543760e+000 -5.005000e-003 2.550700e-001
1.543950e+000 -5.318900e-002 -9.388900e-002
1.543990e+000 -4.090400e-002 1.535650e-001
1.544000e+000 -2.725100e-002 1.358260e-001
1.544030e+000 -5.825700e-002 -1.486680e-001
1.544220e+000 -3.629900e-002 1.633440e-001
1.544260e+000 4.705100e-002 2.092940e-001
1.544400e+000 -1.882100e-002 2.523510e-001
1.544480e+000 -5.414200e-002 -6.261900e-002
1.544640e+000 -5.827600e-002 -4.619000e-002
1.544660e+000 4.053300e-002 -1.422870e-001
1.545160e+000 -5.388500e-002 -4.403600e-002
1.545240e+000 5.867700e-002 1.939520e-001
1.545460e+000 8.069000e-002 -2.220600e-002
1.545590e+000 8.210300e-002 -4.151300e-002
1.545710e+000 -1.309300e-002 -1.888050e-001
1.545900e+000 5.722500e-002 -1.200800e-001
1.545970e+000 7.474300e-002 4.194200e-002
1.546060e+000 -4.966300e-002 -2.059200e-002
1.546090e+000 -1.939200e-002 -1.870170e-001
1.546120e+000 -6.069200e-002 -1.184190e-001
1.546340e+000 -2.130100e-002 1.378860e-001
1.546380e+000 1.088000e-002 -1.787770e-001
1.546400e+000 2.981000e-003 -1.840760e-001
1.546450e+000 -5.553700e-002 -5.647600e-002
1.546520e+000 -4.084900e-002 1.384320e-001
1.546540e+000 -5.606500e-002 9.118900e-002
1.546560e+000 -4.149400e-002 1.440100e-001
1.546570e+000 -4.823000e-002 2.215040e-001
1.546780e+000 -3.736500e-002 -1.737940e-001
1.546820e+000 8.607200e-002 1.116500e-001
1.546840e+000 -6.625600e-002 5.704000e-003
1.546950e+000 2.974900e-002 -1.502240e-001
1.547100e+000 -7.206800e-002 1.426800e-002
1.547230e+000 -3.364000e-002 1.366350e-001
1.547290e+000 -4.224900e-002 -1.668310e-001
1.547460e+000 -3.864100e-002 -4.977800e-002
1.547480e+000 8.329400e-002 9.121800e-002
1.547560e+000 -3.585600e-002 -4.707600e-002
1.547800e+000 2.244700e-002 -1.588240e-001
1.547810e+000 -4.685300e-002 9.999400e-002
1.547880e+000 -1.290400e-002 2.489040e-001
1.547950e+000 -3.927400e-002 1.060100e-001
1.547990e+000 -5.515000e-003 2.489980e-001
1.548020e+000 2.007000e-002 2.286340e-001
1.548410e+000 7.428700e-002 1.070600e-002
1.548420e+000 -1.550400e-002 1.359530e-001
1.548460e+000 -5.560100e-002 -1.046200e-001
1.548540e+000 -2.870000e-002 -1.780350e-001
1.548660e+000 -4.215200e-002 -2.941100e-002
1.548710e+000 8.470000e-003 2.370520e-001
1.548830e+000 7.126800e-002 1.650400e-001
1.548950e+000 7.363600e-002 -7.941000e-002
1.549070e+000 1.597000e-002 -1.688150e-001
1.549090e+000 -3.461900e-002 -4.085100e-002
1.549120e+000 -4.691200e-002 2.095390e-001
1.549130e+000 -2.832300e-002 2.386920e-001
1.549250e+000 -4.508400e-002 1.980580e-001
1.549520e+000 -1.524700e-002 1.309810e-001
1.549690e+000 3.439500e-002 2.136490e-001
1.549950e+000 -4.976200e-002 -9.563500e-002
1.550040e+000 8.219500e-002 1.292200e-001
1.550070e+000 -3.482900e-002 1.741050e-001
1.550310e+000 7.639000e-002 -6.687600e-002
1.550320e+000 -7.597600e-002 3.166300e-002
1.550370e+000 -3.695900e-002 2.320270e-001
1.550400e+000 -1.897800e-002 1.235340e-001
1.550460e+000 -4.888800e-002 -5.891100e-002
1.550630e+000 7.901600e-002 1.407390e-001
1.550680e+000 -4.822800e-002 -1.919400e-002
1.550850e+000 7.225600e-002 3.469400e-002
1.551030e+000 -4.146500e-002 2.254980e-001
1.551050e+000 -4.143400e-002 -8.392500e-002
1.551100e+000 -7.095500e-002 7.013400e-002
1.551350e+000 4.495300e-002 -1.294660e-001
1.551430e+000 -4.963000e-003 2.393380e-001
1.551610e+000 -5.723300e-002 -1.336050e-001
1.551650e+000 -7.361600e-002 6.172000e-002
1.551670e+000 -3.052200e-002 1.641760e-001
1.551800e+000 -4.352500e-002 -7.077000e-002
1.551890e+000 -4.031200e-002 -7.856900e-002
1.552010e+000 -5.514500e-002 -1.437920e-001
1.552070e+000 -4.290100e-002 2.184170e-001
1.552140e+000 6.745000e-003 -1.724330e-001
1.552270e+000 -3.113800e-002 1.527160e-001
1.552480e+000 -4.570100e-002 -1.574440e-001
1.552490e+000 -5.864100e-002 -5.768000e-003
1.552720e+000 -3.225200e-002 -3.629900e-002
1.552750e+000 -5.546000e-003 -1.757980e-001
1.552760e+000 -7.565500e-002 2.077800e-002
1.552900e+000 -2.471000e-002 -4.946500e-002
1.552940e+000 -4.145600e-002 -5.681600e-002
1.553010e+000 1.689600e-002 2.230250e-001
1.553190e+000 -2.327000e-002 1.428570e-001
1.553320e+000 4.954900e-002 1.915030e-001
1.553370e+000 1.280400e-002 -1.636090e-001
1.553370e+000 2.403900e-002 -1.475170e-001
1.553490e+000 -2.514600e-002 -5.486400e-002
1.553530e+000 -3.007300e-002 1.121870e-001
1.553650e+000 6.427600e-002 -9.477100e-002
1.553760e+000 7.609000e-002 -5.355500e-002
1.553930e+000 -2.774300e-002 1.473260e-001
1.554130e+000 -9.780000e-003 2.373020e-001
1.554220e+000 7.054800e-002 2.451200e-002
1.554310e+000 -7.606200e-002 5.194000e-002
1.554510e+000 5.021300e-002 -1.174500e-001
1.554580e+000 -6.693100e-002 5.956000e-003
1.554670e+000 -5.003800e-002 -1.496580e-001
1.554780e+000 -4.150600e-002 -2.576300e-002
1.554780e+000 -2.716400e-002 -5.822200e-002
1.554810e+000 5.936000e-002 1.743100e-001
1.555590e+000 -3.798100e-002 2.069530e-001
1.555690e+000 -3.556200e-002 1.971330e-001
1.555690e+000 -2.292600e-002 -4.097500e-002
1.555770e+000 -5.428600e-002 -1.274660e-001
1.555780e+000 -2.322700e-002 -1.700300e-001
1.555900e+000 7.343500e-002 -1.249800e-002
1.555930e+000 -3.937500e-002 -8.877600e-002
1.555990e+000 -1.596500e-002 -1.714110e-001
1.556050e+000 -4.927100e-002 -1.052460e-001
1.556190e+000 -2.606000e-002 1.730790e-001
1.556240e+000 -2.339100e-002 1.142070e-001
1.556350e+000 6.534400e-002 1.591340e-001
1.556680e+000 -3.048300e-002 2.250900e-001
1.556710e+000 -5.237400e-002 -1.174120e-001
1.556920e+000 -3.569000e-002 2.153060e-001
1.556930e+000 1.620000e-003 2.273810e-001
1.556980e+000 -1.121000e-002 1.359400e-001
1.557120e+000 1.366100e-002 -1.531750e-001
1.557210e+000 -4.615800e-002 9.858300e-002
1.557440e+000 -6.074400e-002 8.519200e-002
1.557480e+000 -6.236000e-003 2.298490e-001
1.557660e+000 -3.583200e-002 -7.443400e-002
1.557800e+000 -3.374400e-002 -6.322700e-002
1.557810e+000 -1.059100e-002 1.255150e-001
1.557960e+000 6.929900e-002 8.769000e-003
1.557970e+000 2.674000e-003 -1.629010e-001
1.557990e+000 7.710300e-002 1.131310e-001
1.558050e+000 -6.173700e-002 -1.502000e-003
1.558100e+000 6.639200e-002 -8.237400e-002
1.558240e+000 -3.622600e-002 -1.562280e-001
1.558330e+000 -1.546500e-002 2.293470e-001
1.558610e+000 -1.424900e-002 1.449990e-001
1.559190e+000 -7.930800e-002 3.666900e-002
1.559250e+000 7.266300e-002 1.304420e-001
1.559370e+000 3.720500e-002 -1.245880e-001
1.559390e+000 -1.755000e-002 -4.621800e-002
1.559950e+000 -1.421500e-002 1.170730e-001
1.559980e+000 6.873900e-002 -6.850900e-002
1.560080e+000 -6.813000e-002 7.679700e-002
1.560130e+000 7.162800e-002 -4.656000e-002
1.560150e+000 -1.371300e-002 1.426150e-001
1.560220e+000 4.371200e-002 1.831700e-001
1.560230e+000 -3.302700e-002 -8.657700e-002
1.560430e+000 -3.189000e-002 1.058920e-001
1.560450e+000 6.968900e-002 5.365500e-002
1.560630e+000 -4.859600e-002 -1.372050e-001
1.560750e+000 -2.036500e-002 1.817800e-001
1.561080e+000 -3.646000e-003 2.261880e-001
1.561080e+000 2.347500e-002 2.039810e-001
1.561190e+000 -3.005800e-002 -7.327900e-002
1.561330e+000 7.268700e-002 7.583500e-002
1.561410e+000 -1.579900e-002 -5.049200e-002
1.561410e+000 7.397500e-002 9.031800e-002
1.561430e+000 -7.419700e-002 1.385100e-002
1.561540e+000 -5.580500e-002 9.080400e-002
1.561560e+000 -1.812700e-002 2.231460e-001
1.561660e+000 -1.109600e-002 1.468860e-001
1.561720e+000 -1.985900e-002 -6.218900e-002
1.561740e+000 5.770500e-002 -9.227300e-002
1.561790e+000 1.052200e-002 2.140790e-001
1.561990e+000 5.810900e-002 1.576470e-001
1.562250e+000 6.981900e-002 -2.355800e-002
1.562400e+000 -3.280200e-002 -9.373200e-002
1.562420e+000 6.676400e-002 3.685800e-002
1.562610e+000 5.172700e-002 1.675040e-001
1.562630e+000 -1.476900e-002 1.564840e-001
1.562680e+000 -2.195200e-002 1.947630e-001
1.562710e+000 -3.512400e-002 -2.677400e-002
1.562720e+000 -2.390400e-002 2.052360e-001
1.562760e+000 -8.677000e-003 1.242020e-001
1.562820e+000 -7.942000e-003 1.383400e-001
1.563480e+000 -4.789500e-002 -1.681900e-002
1.563540e+000 2.847200e-002 -1.262600e-001
1.563630e+000 -4.199500e-002 -1.124490e-001
1.563660e+000 5.023700e-002 -9.960500e-002
1.563730e+000 -1.845400e-002 1.108370e-001
1.563760e+000 -2.235900e-002 -1.545420e-001
1.563920e+000 -7.969100e-002 2.641700e-002
1.563920e+000 1.807000e-003 -1.486580e-001
1.564010e+000 4.615000e-003 2.168700e-001
1.564050e+000 -4.146500e-002 -2.243400e-002
1.564310e+000 5.934900e-002 -8.319900e-002
1.564360e+000 -2.439600e-002 -8.100500e-002
1.564380e+000 -3.834400e-002 -1.448020e-001
1.564510e+000 -1.437200e-002 -5.794500e-002
1.564630e+000 -1.750300e-002 2.145350e-001
1.564770e+000 6.941800e-002 1.114430e-001
1.564840e+000 -8.238500e-002 4.766900e-002
1.564850e+000 -4.367000e-002 -1.283070e-001
1.564890e+000 -7.801800e-002 6.172900e-002
1.565020e+000 6.427700e-002 1.149600e-002
1.565390e+000 3.809200e-002 1.776260e-001
1.565640e+000 -4.151900e-002 -1.369790e-001
1.565820e+000 6.148300e-002 -7.244200e-002
1.565840e+000 6.915000e-003 2.091630e-001
1.565920e+000 -5.774100e-002 -7.195000e-003
1.566010e+000 -4.976000e-003 2.189280e-001
1.566100e+000 1.082400e-002 -1.375680e-001
1.566130e+000 -1.821500e-002 -3.460900e-002
1.566130e+000 -1.306800e-002 1.133610e-001
1.566380e+000 -1.330700e-002 -4.394400e-002
1.566840e+000 6.472500e-002 -5.318500e-002
1.566870e+000 -1.377300e-002 2.064720e-001
1.566920e+000 -1.426500e-002 -1.494010e-001
1.567120e+000 -2.095000e-002 -8.996100e-002
1.567120e+000 -8.974000e-003 1.774570e-001
1.567320e+000 2.277300e-002 1.917180e-001
1.567570e+000 -2.813600e-002 -2.644100e-002
1.567840e+000 -9.339000e-003 2.114920e-001
1.567850e+000 6.518100e-002 -3.169100e-002
1.567960e+000 -6.544000e-003 1.512870e-001
1.568000e+000 4.206000e-003 2.087080e-001
1.568510e+000 -4.107400e-002 1.003990e-001
1.568630e+000 -5.953000e-003 1.851360e-001
1.569070e+000 -1.297900e-002 -7.338500e-002
1.569130e+000 3.491600e-002 -1.073280e-001
1.569270e+000 -3.704400e-002 -2.257300e-002
1.569710e+000 6.585000e-002 8.324800e-002
1.569910e+000 -1.072100e-002 -6.061000e-002
1.570000e+000 -9.082000e-003 1.168090e-001
1.570060e+000 3.984300e-002 1.617780e-001
1.570100e+000 -3.274100e-002 -1.219700e-001
1.570200e+000 6.172100e-002 -1.253400e-002
1.570390e+000 -2.756400e-002 -1.102360e-001
1.570460e+000 6.130200e-002 4.185000e-002
1.570470e+000 -1.725600e-002 1.083600e-001
1.570480e+000 5.741500e-002 1.236430e-001
1.570820e+000 1.634500e-002 -1.218640e-001
1.570870e+000 -1.241600e-002 -8.958100e-002
1.571200e+000 -2.814800e-002 1.045500e-001
1.571270e+000 5.076200e-002 1.369860e-001
1.571320e+000 -4.641000e-003 1.607490e-001
1.571390e+000 -4.602000e-003 1.409580e-001
1.571720e+000 6.019000e-003 1.965520e-001
1.571780e+000 1.894000e-003 1.916830e-001
1.571850e+000 1.716600e-002 1.877580e-001
1.572050e+000 -1.396700e-002 -1.003030e-001
1.572060e+000 -3.110000e-003 -1.373280e-001
1.572150e+000 -1.782100e-002 -3.027000e-002
1.572760e+000 -2.180400e-002 -1.316420e-001
1.572810e+000 5.013000e-002 -7.502600e-002
1.572830e+000 8.950000e-004 1.817250e-001
1.572920e+000 2.370600e-002 1.787590e-001
1.572960e+000 -7.128000e-003 -1.372650e-001
1.573190e+000 5.745200e-002 1.560900e-002
1.573210e+000 5.891800e-002 -2.979200e-002
1.573500e+000 1.176800e-002 1.920730e-001
1.573630e+000 -8.438000e-003 -7.776000e-002
1.573890e+000 -1.254100e-002 -1.349120e-001
1.573990e+000 -1.794200e-002 -1.108430e-001
1.574040e+000 2.978900e-002 1.664560e-001
1.574060e+000 -2.108600e-002 -1.207090e-001
1.574450e+000 1.968000e-002 1.843590e-001
1.574560e+000 -4.445700e-002 -1.872500e-002
1.574590e+000 -1.155400e-002 1.110760e-001
1.574960e+000 -8.187000e-003 -1.084820e-001
1.575040e+000 -2.459800e-002 -2.455200e-002
1.575040e+000 -4.619000e-003 -9.812900e-002
1.575090e+000 -2.444000e-003 1.476690e-001
1.575100e+000 -3.760000e-004 -1.213450e-001
1.575260e+000 3.504900e-002 -9.724800e-002
1.575330e+000 1.014400e-002 -1.152180e-001
1.575590e+000 5.120900e-002 -5.943500e-002
1.575660e+000 5.447200e-002 -4.160300e-002
1.575750e+000 5.870400e-002 7.655300e-002
1.575830e+000 -3.095200e-002 -2.244100e-002
1.576100e+000 -9.418000e-003 -4.061000e-002
1.576400e+000 -3.546000e-003 1.317980e-001
1.576550e+000 5.345000e-002 1.146000e-003
1.576600e+000 -7.090000e-003 -5.131500e-002
1.576900e+000 8.547000e-003 1.792800e-001
1.576920e+000 5.652100e-002 5.148300e-002
1.577010e+000 -3.671000e-003 -8.432500e-002
1.577100e+000 6.670000e-004 -1.061180e-001
1.577220e+000 3.873400e-002 -8.777200e-002
1.577260e+000 1.711000e-003 1.615640e-001
1.577430e+000 1.361300e-002 1.791180e-001
1.577540e+000 -1.160700e-002 -3.360300e-002
1.577760e+000 3.940000e-004 -9.499000e-002
1.577900e+000 4.270100e-002 1.313790e-001
1.577960e+000 5.823000e-003 -1.061000e-001
1.578840e+000 2.584800e-002 -9.902700e-002
1.579400e+000 1.770400e-002 1.686590e-001
1.580530e+000 2.560300e-002 1.527340e-001
1.580580e+000 4.879900e-002 1.018470e-001
1.580820e+000 3.368500e-002 1.396430e-001
1.581020e+000 1.257100e-002 1.650490e-001
1.581320e+000 -4.324000e-003 -5.271900e-002
1.582590e+000 4.890700e-002 8.679100e-002
1.582620e+000 1.481200e-002 -9.368800e-002
1.582650e+000 3.138100e-002 -8.405300e-002
1.583730e+000 3.769200e-002 -6.990700e-002
1.583950e+000 4.257300e-002 -4.823200e-002
1.584080e+000 2.568200e-002 1.492070e-001
1.584200e+000 4.389700e-002 -7.985000e-003
1.584470e+000 2.306100e-002 1.432850e-001
1.584580e+000 4.018100e-002 -5.910600e-002
1.584870e+000 2.212800e-002 -8.555400e-002
1.584920e+000 4.737200e-002 6.243800e-002
1.585070e+000 1.987000e-003 -6.550000e-002
1.585400e+000 4.175700e-002 -2.854200e-002
1.587630e+000 4.298600e-002 1.071800e-002
1.587920e+000 4.522600e-002 2.709300e-002
1.588800e+000 4.435400e-002 4.010400e-002
1.589050e+000 2.407100e-002 -6.952300e-002
1.589440e+000 2.880300e-002 -6.242900e-002
