1376
1377
1378
1379
1380
1381
1382
1383
1384
1385
1386
1387
1388
1389
1390
1391
1392
1393
1394
1395
1396
1397
1398
1399
1400
1401
1402
1403
1404
1405
1406
1407
1408
1409
1410
1411
1412
1413
1414
1415
1416
1417
1418
1419
1420
1421
1422
1423
1424
1425
1426
1427
1428
1429
1430
1431
1432
1433
1434
1435
1436
1456
1457
1458
1459
1460
1461
1462
1463
1464
1465
1466
1467
1468
1469
1470
1471
1472
1473
1474
1475
1476
1477
1478
1479
1548
1776
1777
1778
1883
1884
1885
1886
1887
1888
1889
1890
1891
1892
1893
1894
1895
1896
1897
1898
1899
1900
1901
1902
1903
1904
1905
1906
1907
1908
1909
1910
1911
1912
1913
1914
1915
1916
1917
1918
1919
1920
1921
2319
2320
2321
2322
2323
2324
2325
2330
2331
2332
2333
2334
2335
2336
2609
2610
2611
2612
2613
2614
2615
2616
2617
2618
2619
2620
2621
2622
2623
2624
2625
2626
2627
2628
2629
2630
2631
2632
2725
2726
2727
2728
2729
2730
2878
2892
2893
2894
2904
2905
2906
2907
2908
2916
2917
2918
2984
2985
2986
2987
2988
2989
2990
2991
2992
2993
2994
2995
2996
3058
3075
3076
3118
3119
3120
3121
3122
3123
3124
3125
3126
3127
3128
3129
3130
3131
3132
3133
3134
3135
3136
3137
3138
3139
3140
3141
3142
3143
3144
3145
3146
3170
3175
3181
3185
3191
3198
3199
3200
3201
3202
3203
3204
3205
3206
3232
3233
3234
3235
3236
3237
3238
3239
3240
3241
3242
3243
3270
3271
3280
3284
3287
3310
3311
3312
3313
3314
3315
3316
3317
3318
3319
3320
3321
3322
3323
3324
3325
3326
3327
3328
3329
3330
3331
3332
3333
3334
3335
3336
3337
3338
3339
3340
3344
3345
3346
3347
3348
3349
3350
3351
3352
3353
3354
3355
3356
3357
3358
3359
3360
3361
3362
3363
3364
3369
3370
3371
3372
3373
3374
3375
3376
3387
3388
3389
3390
3391
3392
3393
3394
3395
3396
3397
3398
3399
3400
3401
3402
3403
3404
3405
3406
3407
3408
3409
3410
3411
3412
3450
3453
3477
3478
3479
3480
3481
3482
3483
3484
3485
3493
3494
3495
3496
3497
3498
3499
3500
3501
3502
3534
3535
3536
3537
3538
3539
3540
3541
3542
3543
3544
3545
3546
3547
3548
3549
3550
3551
3552
3553
3562
3563
3564
3565
3566
3567
3568
3569
3570
3571
3572
3573
3574
3575
3576
3577
3738
3958
4086
4129
4130
4306
4307
4308
4309
4310
4427
4428
4429
4430
4431
4444
4445
4446
4447
4448
4449
4450
4451
4452
4453
4454
4455
4456
4457
4458
4459
4460
4461
4462
4463
4464
4465
4466
4467
4468
4469
4470
4471
4472
4473
4474
4511
4512
4562
4563
4564
4565
4566
4567
4568
4569
4570
4571
4572
4573
4574
4575
4576
4577
4579
4580
4581
4582
4620
4666
4673
4674
4675
4676
4818
5030
5031
5047
5149
5181
5219
5220
5325
5326
5327
5328
5329
5330
5412
5413
5414
5462
5623
5624
5670
5689
5690
5691
5692
5693
5694
5695
5696
5704
5705
5714
5715
5720
5721
5722
5731
5732
5753
5754
5755
5756
5771
5772
5773
5774
5775
5776
5777
5778
5779
5807
5808
5809
5810
5811
5812
5813
5814
5815
5816
5817
5818
5819
5820
5821
5822
5823
5824
5825
5826
5827
5828
5829
5830
5831
5832
5833
5834
5835
5836
5837
5838
5839
5840
5841
5842
5956
5979
5980
6003
6004
6005
6006
6007
6008
6009
6010
6011
6012
6013
6014
6015
6020
6021
6022
6023
6024
6025
6026
6027
6028
6029
6032
6033
6034
6035
6036
6037
6038
6039
6040
6041
6042
6043
6072
6073
6074
6075
6076
6077
6078
6079
6080
6081
6082
6083
6084
6085
6086
6087
6088
6153
6202
6340
6429
6430
6431
6432
6433
6434
6435
6436
6437
6438
6439
6440
6441
6442
6443
6444
6445
6446
6504
6510
6511
6539
6540
6541
6542
6543
6544
6545
6546
6547
6548
6549
6550
6551
6552
6553
6554
6555
6556
6557
6558
6559
6560
6561
6562
6563
6564
6565
6566
6567
6568
6569
6570
6571
6572
6573
6574
6575
6576
6577
6578
6579
6580
6581
6582
6583
6584
6585
6586
6587
6588
6589
6590
6591
6592
6593
6594
6595
6596
6597
6598
6599
6600
6601
6602
6603
6604
6605
6606
6607
6608
6609
6610
6611
6612
6613
6614
6615
6693
6699
6700
6701
6702
6703
6704
6705
6706
6707
6708
6709
6710
6728
6730
6731
6732
6733
6734
6735
6736
6737
6738
6739
6740
6741
6742
6743
6758
6759
6760
6761
6762
6763
6764
6765
6766
6767
6768
6769
6770
6771
6772
6809
6811
6812
6813
6814
6815
6878
6879
6880
6881
6882
6883
6884
6885
6886
6912
6913
6914
6915
6916
6917
6918
6919
6920
6971
6972
6973
6974
6975
6976
6977
6978
6979
6980
6981
6982
6983
6984
6985
6986
6987
6988
6995
7011
7012
7013
7025
7026
7027
7029
7030
7033
7040
7041
7042
7043
7044
7045
7046
7047
7048
7049
7050
7051
7052
7053
7054
7055
7056
7057
7058
7059
7060
7061
7062
7067
7068
7069
7070
7071
7072
7073
7076
7077
7078
7082
7083
7105
7106
7107
7108
7109
7110
7111
7112
7113
7114
7122
7123
7124
7125
7126
7127
7128
7129
7130
7131
7132
7183
7184
7185
7186
7187
7188
7189
7190
7191
7192
7193
7194
7195
7196
7197
7198
7199
7200
7201
7202
7203
7204
7205
7206
7207
7208
7209
7210
7211
7256
7262
7263
7264
7265
7266
7267
7268
7269
7270
7271
7272
7273
7274
7275
7276
7277
7279
7280
7305
7306
7310
7311
7312
7313
7314
7315
7333
7334
7335
7336
7337
7338
7339
7340
7341
7342
7343
7344
7345
7346
7347
7394
7395
7396
7397
7398
7399
7400
7401
7402
7403
7404
7412
7413
7414
7415
7517
7518
7519
7520
7573
7611
7618
7619
7620
7621
7622
7654
7655
7656
7657
7658
7665
7666
7706
7707
7708
7709
7710
7711
7712
7713
7714
7715
7716
7717
7718
7719
7720
7721
7722
7723
7724
7725
7726
7727
7728
7794
7795
7802
7803
7804
7805
7806
7807
7808
7809
7810
7811
7812
7813
7814
7815
7816
7817
7818
7819
7820
7821
7822
7823
7824
7825
7826
7827
7828
7829
7830
7831
7832
7834
7835
7883
7884
7887
7888
7889
7890
7891
7892
7898
7899
7900
7901
7902
7903
7904
7905
7906
7907
7908
7909
7910
7911
7912
7913
7914
7915
7921
7922
7994
8008
8009
8010
8011
8012
8051
8052
8106
8107
8116
8117
8118
8119
8255
8256
8258
8259
8260
8261
8264
8265
8266
8334
8335
8336
8337
8338
8339
8340
8343
8344
8345
8346
8347
8397
8398
8399
8400
8401
8402
8403
8404
8405
8406
8407
8408
8409
8410
8411
8412
8414
8505
8506
8507
8508
8509
8510
8511
8512
8513
8514
8515
8516
8517
8518
8519
8520
8521
8522
8523
8524
8525
8526
8527
8528
8529
8530
8531
8532
8533
8534
8535
8536
8537
8569
8570
8571
8593
8594
8595
8612
8613
8614
8615
8616
8617
8618
8619
8620
8621
8622
8623
8624
8625
8626
8641
8642
8643
8644
8671
8712
8729
8731
8732
8733
8748
8749
8750
8770
8771
8772
8774
8775
8776
8777
8778
8779
8780
8781
8782
8783
8784
8785
8786
8787
8788
8789
8790
8791
8792
8793
8794
8795
8796
8797
8798
8799
8800
8801
8802
8803
8805
8806
8834
8835
8836
8837
8838
8839
8883
8909
8910
8911
8912
8913
8914
8916
8917
8918
8919
8944
8953
8954
8955
8956
8957
8958
8959
8960
8979
8980
8981
8982
8983
8984
8985
9000
9001
9002
9003
9030
9031
9032
9033
9034
9035
9036
9037
9038
9039
9040
9041
9043
9047
9048
9049
9052
9053
9054
9055
9056
9057
9058
9059
9060
9061
9062
9063
9064
9070
9071
9079
9080
9081
9082
9093
9099
9137
9141
9208
9209
9246
9247
9248
9387
9388
9389
9395
9396
9401
9411
9412
9413
9414
9415
9416
9417
9418
9419
9431
9432
9456
9457
9458
9459
9460
9461
9462
9463
9464
9465
9466
9467
9468
9469
9470
9471
9472
9473
9474
9475
9501
9502
9503
9504
9505
9506
9507
9508
9554
9555
9556
9557
9564
9565
9566
9567
9568
9569
9570
9571
9572
9573
9574
9575
9577
9618
9623
9624
9656
9657
9658
9659
9660
9661
9672
9679
9680
9681
9682
9683
9684
9687
9688
9689
9690
9691
9692
9693
9694
9695
9696
9697
9698
9699
9700
9701
9702
9703
9704
9705
9706
9707
9708
9709
9710
9711
9745
9746
9752
9760
9761
9762
9763
9764
9806
9807
9808
9809
9811
9812
9813
9830
9831
9833
9834
9846
9847
9852
9855
9856
9884
9895
9898
9899
9900
9901
9907
9909
9937
9938
9956
9957
9982
9983
9984
9985
9986
10028
10029
10030
10032
10206
10207
10208
10209
10210
10211
10212
10213
10214
10215
10216
10217
10218
10219
10220
10221
10225
10226
10227
10228
10229
10230
10280
10281
10282
10283
10288
10334
10335
10336
10337
10338
10339
10340
10341
10342
10343
10344
10345
10346
10347
10348
10349
10350
10351
10352
10353
10354
10355
10356
10357
10358
10359
10360
10361
10362
10363
10364
10365
10366
10367
10368
10371
10372
10402
10403
10404
10415
10416
10417
10418
10419
10429
10430
10431
10432
10433
10434
10455
10458
10459
10460
10461
10462
10463
10464
10465
10466
10467
10468
10469
10470
10498
10499
10502
10503
10504
10505
10516
10517
10518
10533
10534
10645
10646
10651
10652
10823
10824
10825
10826
10827
10828
10829
10830
10840
10841
10842
10893
11060
11061
11062
11063
11130
11131
11193
11194
11195
11196
11197
11204
11205
11242
11243
11244
11255
11256
11257
11258
11259
11260
11270
11273
11274
11275
11317
11318
11319
11320
11321
11322
11323
11324
11325
11326
11327
11328
11329
11330
11331
11332
11333
11334
11335
11336
11337
11338
11339
11340
11384
11385
11386
11387
11420
11421
11447
11451
11452
11606
11607
11629
11712
11713
11734
11735
11736
11780
11781
11782
11783
11785
11870
11892
11893
11914
11915
11920
11944
11945
11946
11976
11981
11984
11985
11986
11987
11988
11989
11990
11991
12022
12023
12024
12027
12028
12029
12030
12034
12041
12042
12055
12056
12057
12084
12085
12086
12088
12089
12090
12091
12175
12176
12239
12240
12241
12242
12288
12442
12443
12444
12445
12446
12447
12448
12449
12450
12451
12452
12453
12454
12455
12456
12457
12458
12459
12460
12461
12462
12463
12464
12474
12475
12489
12493
12515
12516
12517
12518
12519
12520
12521
12522
12523
12524
12525
12526
12527
12528
12598
12600
12601
12602
12607
12608
12646
12647
12648
12662
12663
12664
12665
12670
12671
12672
12673
12674
12675
12676
12677
12678
12742
12746
12747
12753
12775
12776
12777
12778
12779
12780
12781
12782
12783
12784
12878
12879
12880
12887
12908
13059
13060
13061
13072
13082
13083
13084
13085
13086
13087
13088
13089
13090
13091
13092
13093
13094
13095
13096
13097
13098
13099
13100
13101
13102
13103
13104
13105
13106
13107
13108
13109
13110
13111
13112
13113
13120
13121
13122
13123
13124
13125
13126
13127
13128
13129
13137
13138
13139
13140
13141
13142
13143
13154
13158
13159
13160
13161
13177
13178
13179
13180
13181
13182
13186
13187
13189
13221
13222
13223
13224
13225
13226
13227
13228
13229
13234
13235
13236
13342
13343
13344
13345
13355
13389
13447
13448
13449
13450
13451
13452
13453
13454
13455
13456
13457
13458
13459
13460
13465
13466
13467
13468
13469
13470
13471
13558
13559
13560
13561
13562
13563
13564
13565
13566
13567
13568
13575
13635
13636
13637
13638
13639
13640
13641
13643
13644
13645
13646
13647
13648
13649
13651
13652
13653
13668
13669
13670
13671
13672
13673
13674
13675
13676
13677
13678
13679
13680
13681
13682
13683
13684
13685
13686
13687
13688
13689
13690
13691
13692
13693
13694
13695
13696
13697
13698
13699
13700
13701
13702
13703
13704
13705
13706
13707
13708
13709
13710
13711
13712
13713
13735
13736
13737
13738
13739
13740
13741
13742
13743
13744
13745
13746
13747
13748
13749
13750
13751
13752
13753
13754
13755
13756
13757
13758
13759
13760
13761
13762
13763
13764
13765
13766
13892
13893
13894
13895
13896
13897
13898
13899
13900
13901
13903
13904
13905
13906
13907
13908
13909
13912
13913
13914
13915
13916
13917
13918
13919
13920
13921
13922
13923
13924
13925
13926
14036
14037
14038
14039
14046
14047
14048
14053
14054
14055
14056
14057
14058
14059
14060
14214
14215
14260
14261
14262
14263
14272
14496
14590
14597
14598
14599
14600
14663
14664
14665
14666
14667
14668
14669
14707
14708
14709
14710
14711
14776
14777
14814
14815
14816
14817
14818
14819
14820
14828
14940
14960
14977
14978
14979
14980
14981
14982
14983
14984
14985
14986
14987
14988
14989
14990
14991
14992
14993
14994
14995
14996
14997
14998
14999
15000
15001
15002
15003
15004
15005
15006
15053
15069
15082
15083
15084
15085
15086
15087
15134
15135
15136
15137
15138
15139
15140
15141
15142
15250
15251
15252
15253
15259
15310
15311
15312
15313
15314
15357
15399
15421
15433
15434
15435
15436
15437
15438
15439
15440
15441
15442
15443
15444
15481
15482
15483
15484
15485
15486
15487
15488
15489
15490
15491
15492
15493
15494
15495
15496
15497
15498
15499
15517
15518
15519
15520
15539
15540
15541
15542
15543
15544
15545
15546
15547
15548
15549
15550
15551
15552
15553
15554
15555
15556
15557
15558
15559
15560
15628
15629
15630
15631
15632
15646
15647
15648
15649
15650
15657
15658
15671
15729
15767
15768
15769
15770
15771
15772
15886
15887
15891
15892
15893
15894
15895
15896
15897
15898
15899
15900
15901
15902
15907
15908
15909
15910
15935
15936
15989
15990
15992
16035
16051
16052
16053
16054
16056
16057
16058
16059
16060
16061
16062
16063
16064
16065
16066
16067
16068
16069
16070
16071
16072
16073
16074
16075
16076
16077
16078
16079
16080
16081
16082
16083
16084
16085
16086
16113
16114
16115
16116
16117
16118
16119
16120
16121
16127
16162
16288
16290
16326
16327
16328
16329
16330
16331
16332
16333
16334
16429
16514
16515
16516
16517
16518
16535
16536
16537
16538
16539
16540
16541
16553
16554
16555
16556
16591
16592
16613
16614
16615
16616
16617
16618
16619
16620
16621
16622
16623
16624
16625
16626
16627
16628
16629
16630
16631
16632
16633
16634
16635
16636
16705
16706
16707
16730
16764
16766
16770
16790
16791
16792
16793
16794
16795
16818
16819
16820
16821
16822
16823
16826
16827
16828
16832
16833
16889
16890
17037
17061
17062
17063
17064
17065
17066
17067
17068
17085
17123
17135
17174
17176
17177
17178
17179
17180
17181
17182
17210
17211
17215
17216
17217
17225
17226
17227
17228
17259
17260
17261
17262
17263
17264
17265
17266
17293
17294
17295
17296
17297
17298
17299
17300
17301
17326
17327
17384
17385
17386
17387
17388
17389
17390
17391
17392
17393
17394
17395
17436
17437
17438
17439
17440
17441
17442
17450
17472
17473
17474
17475
17476
17477
17478
17479
17480
17481
17491
17492
17493
17494
17495
17496
17500
17524
17525
17527
17528
17529
17530
17531
17532
17533
17534
17535
17536
17537
17538
17539
17540
17541
17673
17678
17679
17680
17696
17697
17698
17699
17700
17701
17702
17703
17704
17761
17762
17763
17781
17836
17848
17849
17850
17851
17852
17854
17855
17856
17857
17858
17859
17860
17873
17874
17875
17886
17887
17898
17899
17900
17901
17902
17944
17945
17950
17951
17952
17953
17983
17984
17985
17986
17987
17988
17989
17990
17991
17992
17993
17994
17995
17996
17997
17998
18022
18023
18024
18025
18026
18027
18030
18031
18032
18033
18065
18066
18067
18068
18210
18211
18212
18213
18214
18219
18220
18271
18273
18274
18275
18276
18277
18282
18320
18321
18324
18325
18326
18327
18328
18329
18330
18331
18332
18333
18336
18337
18338
18392
18393
18394
18395
18396
18397
18398
18399
18416
18435
18436
18452
18453
18454
18455
18456
18457
18458
18459
18460
18461
18462
18463
18464
18465
18466
18467
18468
18469
18470
18471
18472
18473
18474
18475
18476
18487
18488
18489
18490
18491
18492
18493
18494
18495
18496
18497
18498
18499
18500
18501
18502
18503
18504
18505
18506
18507
18508
18510
18511
18512
18513
18514
18515
18517
18527
18789
18798
18799
18800
18801
18802
18803
18804
18809
18810
18811
18812
18813
18814
18815
18816
18839
18926
18931
18941
19052
19053
19061
19062
19130
19131
19200
19201
19202
19203
19204
19205
19206
19207
19213
19214
19338
19339
19340
19341
19354
19355
19356
19357
19358
19359
19360
19361
19362
19363
19364
19365
19416
19417
19418
19438
19465
19503
19504
19505
19506
19512
19513
19525
19526
19528
19529
19530
19581
19582
19622
19638
19639
19646
19647
19648
19658
19707
19795
19796
19797
19798
19954
19961
19962
19963
19964
19965
19966
19967
19968
19969
19970
19971
19972
19973
19974
19975
19976
19977
19978
20031
20032
20033
20034
20035
20036
20037
20038
20039
20040
20041
20042
20065
20066
20067
20068
20069
20070
20071
20072
20073
20074
20075
20076
20077
20078
20119
20120
20121
20122
20123
20124
20125
20126
20152
20153
20154
20155
20156
20157
20158
20159
20168
20169
20170
20172
20207
20219
20220
20221
20222
20223
20224
20225
20226
20227
20228
20229
20230
20231
20232
20233
20234
20235
20236
20237
20238
20239
20240
20241
20246
20247
20248
20249
20250
20251
20252
20253
20254
20255
20256
20257
20258
20259
20260
20261
20262
20263
20264
20265
20266
20267
20268
20269
20270
20271
20274
20288
20289
20340
20341
20358
20359
20360
20361
20362
20363
20364
20365
20366
20367
20368
20369
20370
20371
20372
20373
20374
20375
20381
20382
20383
20404
20405
20406
20407
20408
20409
20410
20411
20412
20413
20414
20415
20416
20417
20418
20419
20421
20422
20423
20424
20425
20426
20432
20433
20434
20436
20437
20438
20439
20440
20441
20442
20443
20458
20459
20460
20461
20468
20469
20555
20556
20557
20562
20563
20566
20567
20568
20569
20584
20585
20586
20587
20588
20589
20590
20591
20592
20593
20594
20595
20596
20597
20598
20599
20600
20601
20602
20603
20604
20644
20645
20653
20658
20659
20758
20763
20771
20813
20814
20815
20816
20817
20818
20819
20831
20835
20836
20903
20907
20908
20909
20910
20911
20912
20913
20974
20975
20980
20981
20982
20993
20994
20995
20996
21015
21048
21049
21050
21076
21077
21109
21110
21111
21112
21113
21114
21115
21117
21118
21119
21127
21128
21129
21130
21131
21132
21134
21135
21139
21140
21141
21159
21160
21161
21162
21259
21260
21261
21262
21263
21264
21265
21266
21267
21329
21330
21331
21332
21333
21334
21335
21348
21349
21350
21378
21379
21382
21383
21401
21402
21420
21421
21426
21427
21428
21434
21455
21456
21457
21515
21516
21533
21534
21535
21536
21537
21538
21566
21567
21626
21627
21628
21629
21630
21631
21632
21633
21634
21635
21636
21664
21666
21676
21677
21678
21679
21680
21682
21701
21879
21903
21904
21905
21906
22013
22014
22015
22016
22017
22046
22078
22079
22113
22124
22125
22126
22129
22130
22132
22143
22154
22161
22162
22163
22164
22196
22197
22199
22214
22225
22227
22228
22229
24647
24648
24649
24650
24651
24652
24653
24654
24657
24658
24660
24661
24662
24663
24664
24665
24666
24667
24668
24670
24671
24672
24673
24676
24677
24678
24680
24681
24682
24760
24761
24826
24829
24830
24831
24833
24834
24835
24836
24837
24838
24840
24841
24842
24843
24847
24848
24849
24850
24851
24852
24853
24856
24858
24859
24860
