3554
3555
3556
3557
3558
3559
3560
3561
3578
3579
3580
3581
3582
3583
3584
3585
3586
3587
3588
3589
3590
3591
3592
3593
3594
3595
3596
3597
3598
3599
3600
3601
3602
3603
3604
3605
3606
3607
3608
3609
3610
3611
3612
3613
3614
3615
3616
3617
3618
3619
3620
3621
3622
3623
3624
3625
3626
3627
3628
3629
3630
3631
3632
3633
3634
3635
3636
3637
3638
3639
3640
3641
3642
3643
3644
3645
3646
3647
3648
3649
3650
3651
3652
3653
3654
3655
3656
3657
3658
3659
3660
3661
3662
3663
3664
3665
3666
3667
3668
3669
3670
3671
3672
3673
3674
3675
3676
3677
3678
3679
3680
3681
3682
3683
3684
3685
3686
3687
3688
8627
8628
8629
8630
8631
8632
8633
8634
8635
8636
8884
8945
9042
9044
9045
9046
9050
9051
9476
9576
10065
10066
10067
10085
10086
10087
10088
10089
10090
10091
10092
10093
10094
10095
10096
10097
10098
10099
10100
10101
10102
10103
10104
10105
10106
10107
10108
10109
10110
10111
10112
10113
10114
10115
10116
10117
10118
10119
10120
10121
10122
10123
10124
10125
10126
10127
10128
10129
10130
10131
10132
10133
10134
10135
10136
10137
10138
10139
10140
10141
10142
10143
10144
10145
10146
10147
10148
10149
10150
10151
10152
10153
10154
10155
10156
10157
10158
10159
10160
10161
10162
10163
10164
10165
10166
10167
10168
10169
10170
10171
10172
10173
10174
10175
10176
10177
10178
10179
10180
10181
10182
10183
10184
10185
10186
10187
10188
10189
10190
10191
10192
10193
10194
10195
10196
10197
10198
10250
10251
10252
10253
10254
10255
10256
10257
10258
10259
10260
10261
10262
10263
10264
10265
10266
10267
10295
10296
10297
10298
10299
10300
10301
10302
10303
10304
10305
10306
10307
10308
10309
10310
10311
10378
10379
10380
10381
10382
10383
10384
10385
10386
10389
10390
10391
10392
10393
10394
10395
10396
10397
10398
10399
10400
10401
10407
10408
10409
10410
10411
10412
10413
10414
10435
10436
10437
10438
10439
10440
10441
10442
10443
10444
10445
10446
10447
10448
10449
10450
10451
10452
10481
10482
10500
10501
10506
10507
10508
10509
10510
10511
10512
10513
10514
10515
10519
10520
10521
10522
10523
10524
10525
10526
10527
10528
10529
10530
10531
10532
10535
10536
10537
10538
10539
10540
10541
10542
10543
10544
10545
10546
10547
10548
10549
10550
10551
10552
10553
10575
10576
10577
10578
10579
10580
10581
10582
10583
10584
10585
10586
10587
10588
10589
10590
10591
10592
10593
10594
10595
10596
10597
10598
10599
10600
10601
10602
10603
10604
10605
10606
10607
10608
10609
10610
10611
10612
10613
10614
10615
10616
10617
10618
10619
10620
10621
10622
10623
10624
10625
10626
10627
10628
10629
10630
10631
10632
10633
10634
10635
10636
10637
10638
10639
10640
10641
10642
10643
10644
10647
10648
10649
10650
10653
10654
10655
10656
10657
10658
10659
10660
10661
10662
10663
10664
10665
10666
10667
10668
10669
10670
10671
10672
10673
10674
10675
10676
10677
10678
10679
10680
10681
10682
10683
10684
10685
10686
10687
10688
10689
10690
10691
10692
10693
10694
10695
10696
10697
10698
10699
10700
10701
10702
10703
10704
10705
10706
10707
10708
10709
10710
10711
10712
10713
10714
10715
10716
10717
10718
10719
10720
10721
10722
10723
10724
10725
10726
10727
10728
10729
10730
10731
10732
10733
10734
10735
10736
10737
10738
10739
10740
10741
10742
10743
10744
10745
10746
10747
10748
10749
10750
10751
10752
10753
10754
10755
10756
10757
10758
10759
10760
10761
10762
10763
10764
10765
10766
10767
10768
10769
10770
10771
10772
10773
10774
10775
10776
10777
10778
10779
10780
10781
10782
10783
10784
10785
10786
10787
10788
10789
10790
10791
10792
10793
10794
10795
10796
10797
10798
10799
10800
10801
10802
10803
10804
10805
10806
10807
10808
10809
10810
10811
10812
10813
10814
10815
10816
10817
10818
10819
10820
10821
10822
10831
10832
10833
10834
10835
10836
10837
10838
10839
10843
10844
10845
10846
10847
10848
10849
10850
10851
10852
10853
10854
10855
10856
10857
10858
10859
10860
10861
10862
10863
10864
10865
10866
10867
10868
10869
10870
10871
10872
10873
10874
10875
10876
10877
10878
10879
10880
10881
10882
10883
10884
10885
10886
10887
10888
10889
10890
10891
10911
10912
10913
10914
10915
10916
10917
10918
10919
10920
10921
10922
10923
10924
10925
10926
10927
10928
10929
10930
10931
10932
10933
10934
10935
10936
10937
10938
10939
10940
10941
10942
10943
10944
10945
10946
10947
10948
10949
10950
10951
10952
10953
10954
10955
10956
10957
10958
10959
10960
10961
10962
10963
10964
10965
10966
10967
10968
10969
10970
10971
10972
10973
10974
10975
10976
10977
10978
10979
10980
10981
10982
10983
10984
10985
10986
10987
10988
10989
10990
10991
10992
10993
10994
10995
10996
10997
10998
10999
11000
11001
11002
11003
11004
11005
11006
11007
11008
11009
11010
11011
11012
11013
11014
11015
11016
11017
11018
11019
11020
11021
11022
11023
11024
11025
11026
11049
11050
11051
11052
11053
11054
11055
11056
11057
11058
11059
11064
11065
11066
11067
11068
11069
11070
11071
11072
11073
11074
11075
11076
11077
11078
11079
11080
11081
11082
11083
11084
11085
11086
11087
11088
11089
11090
11091
11092
11093
11094
11095
11096
11097
11098
11099
11100
11101
11102
11103
11104
11105
11132
11133
11134
11135
11136
11137
11138
11139
11140
11141
11151
11152
11153
11154
11157
11158
11159
11160
11161
11162
11163
11164
11165
11166
11167
11168
11169
11170
11171
11172
11173
11174
11175
11176
11177
11178
11179
11180
11181
11182
11183
11184
11185
11186
11187
11188
11189
11190
11191
11192
11211
11212
11213
11214
11215
11216
11222
11223
11224
11225
11226
11227
11228
11229
11230
11231
11232
11233
11234
11235
11236
11237
11238
11239
11240
11241
11245
11249
11250
11251
11252
11253
11254
11261
11262
11263
11264
11265
11266
11267
11268
11269
11271
11272
11276
11277
11278
11279
11280
11281
11282
11283
11284
11285
11286
11287
11288
11289
11290
11291
11292
11293
11294
11295
11296
11297
11298
11299
11300
11301
11344
11345
11346
11347
11351
11352
11353
11354
11355
11356
11357
11358
11359
11360
11361
11362
11363
11364
11365
11366
11369
11370
11371
11372
11373
11374
11375
11376
11377
11405
11406
11407
11408
11409
11410
11411
11412
11413
11415
11416
11417
11418
11419
11422
11423
11424
11425
11426
11427
11428
11429
11430
11431
11432
11433
11434
11435
11436
11437
11438
11439
11440
11442
11443
11444
11445
11468
11469
11470
11471
11472
11473
11474
11475
11476
11477
11478
11479
11480
11481
11482
11483
11484
11485
11486
11487
11488
11489
11490
11491
11492
11493
11494
11495
11496
11497
11498
11499
11500
11501
11502
11503
11504
11505
11506
11507
11508
11509
11510
11511
11512
11513
11514
11515
11516
11517
11518
11519
11520
11521
11522
11523
11524
11525
11526
11527
11528
11529
11530
11531
11532
11533
11534
11535
11536
11537
11538
11539
11540
11541
11542
11543
11544
11545
11546
11547
11548
11549
11550
11551
11552
11553
11554
11555
11556
11557
11559
11560
11561
11562
11563
11564
11565
11566
11567
11568
11569
11570
11571
11580
11581
11584
11585
11586
11587
11588
11589
11590
11591
11592
11593
11594
11595
11596
11614
11619
11620
11621
11637
11638
11639
11640
11643
11644
11645
11646
11647
11648
11649
11650
11651
11652
11653
11654
11670
11671
11672
11684
11685
11686
11687
11688
11692
11693
11694
11695
11696
11697
11698
11699
11700
11701
11702
11703
11704
11705
11706
11707
11714
11739
11740
11741
11742
11743
11744
11745
11746
11747
11748
11749
11750
11751
11752
11753
11754
11755
11756
11757
11758
11764
11765
11771
11772
11773
11774
11775
11776
11777
11778
11779
11786
11787
11788
11789
11790
11791
11792
11793
11794
11795
11796
11797
11798
11799
11800
11801
11802
11803
11804
11805
11806
11807
11808
11809
11810
11811
11812
11813
11814
11815
11816
11817
11818
11819
11820
11821
11822
11823
11824
11825
11826
11827
11828
11829
11830
11831
11832
11836
11837
11838
11839
11840
11841
11842
11843
11844
11845
11846
11847
11848
11849
11850
11851
11852
11853
11854
11855
11856
11857
11858
11859
11860
11861
11862
11863
11864
11865
11866
11867
11868
11869
11871
11872
11873
11874
11875
11876
11877
11878
11879
11880
11881
11883
11884
11891
11896
11897
11898
11899
11921
11923
11924
11925
11926
11927
11928
11929
11930
11931
11933
11934
11935
11936
11937
11947
11948
11949
11950
11951
11952
11953
11954
11955
11956
11957
11958
11959
11960
11964
11965
11968
11969
11971
11972
11974
11977
11978
11979
11980
11983
11998
12000
12003
12004
12005
12006
12008
12009
12010
12011
12012
12013
12014
12015
12025
12026
12035
12036
12037
12038
12043
12044
12045
12068
12069
12070
12071
12072
12073
12087
12107
12108
12109
12110
12111
12112
12113
12114
12115
12116
12117
12118
12119
12120
12121
12122
12123
12124
12125
12126
12127
12128
12129
12130
12131
12132
12133
12134
12135
12136
12137
12138
12139
12140
12141
12142
12143
12144
12152
12153
12154
12155
12156
12157
12158
12159
12160
12161
12162
12163
12164
12165
12166
12167
12168
12169
12170
12177
12187
12188
12189
12190
12191
12192
12193
12194
12195
12196
12197
12198
12199
12200
12201
12202
12203
12204
12205
12206
12207
12208
12209
12231
12232
12233
12234
12235
12236
12237
12238
12279
12280
12281
12282
12283
12284
12285
12286
12287
12325
12326
12327
12328
12329
12330
12331
12332
12333
12334
12335
12336
12337
12338
12339
12340
12341
12342
12343
12344
12345
12346
12347
12348
12349
12350
12351
12352
12353
12354
12355
12356
12357
12358
12359
12360
12361
12362
12363
12364
12365
12366
12367
12368
12369
12370
12371
12372
12373
12374
12375
12376
12377
12378
12379
12380
12381
12382
12383
12384
12385
12386
12387
12388
12389
12390
12391
12392
12393
12394
12395
12396
12397
12398
12399
12400
12401
12402
12403
12404
12405
12406
12407
12408
12409
12410
12411
12412
12413
12414
12415
12416
12417
12438
12439
12465
12466
12467
12468
12469
12470
12471
12472
12473
12476
12477
12478
12479
12480
12490
12491
12492
12494
12495
12496
12497
12498
12499
12500
12501
12502
12503
12504
12505
12506
12507
12508
12509
12510
12511
12512
12513
12514
12532
12533
12534
12535
12536
12537
12538
12539
12540
12541
12542
12543
12544
12545
12572
12573
12574
12575
12576
12577
12578
12579
12580
12581
12582
12583
12584
12585
12586
12591
12592
12593
12595
12599
12603
12626
12627
12628
12629
12630
12631
12632
12633
12634
12635
12636
12637
12638
12639
12640
12641
12642
12643
12644
12649
12650
12651
12652
12653
12654
12655
12656
12657
12658
12668
12669
12684
12685
12686
12687
12688
12689
12690
12691
12692
12693
12694
12695
12696
12697
12698
12699
12700
12701
12702
12703
12704
12705
12706
12707
12708
12709
12710
12711
12712
12713
12714
12715
12716
12717
12718
12719
12720
12721
12722
12723
12724
12725
12726
12727
12728
12729
12730
12731
12732
12733
12734
12735
12736
12737
12738
12739
12740
12741
12748
12749
12750
12751
12752
12760
12761
12762
12763
12764
12765
12766
12767
12768
12769
12785
12786
12787
12788
12789
12790
12791
12792
12793
12794
12795
12796
12797
12798
12799
12800
12801
12802
12803
12804
12805
12806
12807
12808
12809
12810
12811
12812
12813
12814
12815
12816
12817
12818
12819
12820
12821
12822
12823
12824
12825
12826
12827
12830
12831
12832
12833
12839
12840
12853
12854
12855
12856
12857
12858
12859
12860
12861
12862
12863
12864
12865
12866
12867
12868
12869
12870
12871
12872
12881
12884
12885
12886
12888
12889
12890
12891
12892
12893
12894
12895
12896
12897
12898
12899
12900
12901
12902
12903
12904
12905
12906
12907
12918
12919
12920
12921
12922
12923
12924
12925
12926
12927
12928
12929
12930
12931
12932
12934
12935
12936
12937
12938
12939
12940
12941
12974
12975
12976
12977
12978
12979
12980
12981
12982
12983
12984
12985
12986
12987
12988
12989
12990
12991
13048
13049
13050
13051
13052
13056
13057
13058
13062
13063
13064
13065
13066
13067
13068
13069
13070
13071
13144
13145
13146
13147
13148
13152
13153
13162
13163
13164
13165
13166
13167
13168
13169
13170
13171
13172
13173
13174
13175
13183
13184
13185
13188
13190
13191
13192
13193
13194
13195
13196
13197
13198
13199
13200
13218
13219
13237
13238
13239
13240
13303
13304
13305
13306
13307
13308
13309
13310
13311
13312
13313
13314
13315
13316
13317
13318
13319
13320
13321
13334
13335
13336
13337
13338
13339
13340
13341
13350
13351
13352
13353
13354
13356
13357
13358
13359
13360
13361
13362
13363
13364
13365
13366
13367
13368
13369
13370
13371
13372
13373
13374
13375
13376
13377
13378
13379
13380
13381
13382
13383
13384
13385
13386
13387
13388
13390
13391
13392
13393
13410
13411
13412
13413
13414
13415
13416
13417
13418
13419
13420
13421
13422
13423
13424
13425
13426
13427
13428
13429
13430
13431
13432
13433
13434
13435
13436
13437
13438
13439
13440
13441
13442
13443
13444
13445
13462
13463
13478
13479
13480
13481
13482
13483
13484
13485
13486
13487
13488
13570
13571
13572
13573
13574
13589
13642
13650
13654
13655
13656
13657
13658
13659
13660
13661
13716
13717
13718
13719
13720
13721
13722
13723
13726
13727
13728
13729
13730
13731
13732
13733
13734
13767
13768
13769
13770
13927
13928
13929
13930
13931
13932
13933
13934
13935
13936
13937
13938
13939
13940
13941
13942
13958
13959
14040
14041
14042
14043
14049
14050
14051
14052
14066
14067
14210
14211
14212
14213
14250
14251
14252
14253
14254
14255
14256
14257
14258
14259
14271
14280
14281
14282
14289
14290
14291
14292
14293
14294
14295
14296
14309
14310
14311
14312
14347
14465
14466
14467
14468
14469
14470
14471
14472
14473
14474
14475
14476
14477
14479
14480
14481
14482
14483
14484
14485
14486
14487
14488
14489
14490
14491
14492
14493
14494
14495
14520
14521
14522
14523
14524
14525
14526
14527
14546
14551
14552
14553
14554
14555
14556
14578
14579
14580
14581
14591
14592
14593
14594
14595
14596
14608
14610
14611
14612
14613
14614
14615
14616
14617
14618
14619
14643
14644
14645
14646
14647
14648
14649
14650
14651
14652
14653
14654
14655
14702
14706
14713
14714
14715
14716
14717
14718
14719
14720
14721
14722
14723
14724
14725
14726
14727
14728
14729
14730
14731
14732
14733
14734
14735
14736
14737
14738
14739
14740
14741
14742
14743
14744
14745
14746
14747
14748
14749
14750
14751
14760
14761
14762
14763
14764
14765
14766
14775
14788
14789
14790
14791
14792
14793
14794
14795
14796
14797
14798
14799
14800
14801
14802
14803
14804
14805
14806
14807
14808
14809
14810
14811
14813
14823
14916
14917
14918
14919
14920
14937
14938
14939
14941
14958
14959
14976
15014
15015
15016
15017
15018
15019
15020
15021
15023
15024
15025
15026
15027
15028
15029
15032
15033
15034
15035
15036
15037
15038
15039
15040
15042
15043
15044
15045
15046
15047
15048
15049
15050
15051
15052
15058
15059
15060
15061
15062
15063
15064
15065
15066
15067
15078
15079
15080
15116
15131
15132
15133
15148
15149
15150
15151
15152
15153
15154
15155
15156
15157
15158
15159
15160
15161
15162
15163
15164
15165
15166
15167
15168
15169
15170
15171
15172
15173
15174
15175
15176
15177
15178
15179
15180
15181
15182
15183
15184
15185
15186
15187
15188
15189
15190
15191
15192
15193
15194
15195
15196
15197
15198
15199
15200
15201
15202
15203
15204
15205
15206
15207
15215
15216
15217
15218
15219
15220
15221
15222
15223
15224
15225
15226
15227
15228
15229
15230
15231
15237
15238
15239
15240
15243
15244
15245
15246
15247
15248
15257
15258
15260
15261
15262
15263
15264
15265
15266
15267
15272
15273
15274
15358
15359
15360
15376
15377
15378
15379
15380
15381
15382
15383
15384
15385
15386
15387
15389
15390
15391
15392
15393
15394
15395
15396
15397
15398
15400
15401
15402
15403
15404
15409
15410
15411
15412
15413
15414
15415
15416
15417
15418
15419
15420
15422
15423
15424
15425
15426
15427
15428
15429
15430
15431
15432
15445
15446
15447
15448
15449
15502
15503
15504
15505
15506
15507
15508
15509
15515
15516
15529
15530
15531
15532
15533
15534
15535
15536
15537
15538
15613
15614
15615
15616
15617
15618
15619
15620
15625
15626
15627
15634
15635
15636
15637
15638
15639
15640
15641
15642
15643
15644
15645
15654
15655
15663
15664
15665
15666
15667
15668
15669
15670
15672
15674
15675
15684
15685
15686
15740
15741
15759
15760
15761
15762
15763
15764
15765
15766
15774
15775
15776
15777
15778
15779
15780
15781
15782
15783
15784
15785
15786
15787
15788
15789
15790
15791
15798
15799
15800
15801
15802
15803
15888
15889
15890
15911
15912
15914
15929
15930
15931
15932
15933
15934
15994
15995
16025
16026
16027
16028
16029
16030
16031
16032
16033
16039
16040
16041
16042
16043
16044
16045
16046
16047
16048
16049
16050
16055
16087
16088
16089
16096
16097
16098
16099
16100
16101
16102
16103
16104
16105
16106
16107
16108
16122
16123
16124
16125
16126
16163
16164
16165
16166
16167
16168
16169
16291
16292
16293
16294
16295
16296
16297
16298
16299
16300
16301
16302
16303
16304
16305
16306
16307
16308
16309
16310
16311
16312
16313
16314
16315
16316
16324
16325
16336
16337
16338
16339
16340
16424
16425
16430
16487
16488
16489
16490
16491
16492
16493
16494
16495
16496
16497
16498
16499
16500
16501
16502
16503
16504
16505
16506
16507
16508
16509
16510
16511
16513
16543
16544
16545
16549
16560
16561
16564
16565
16566
16582
16583
16593
16594
16595
16596
16601
16602
16603
16605
16606
16607
16608
16708
16711
16712
16713
16736
16738
16739
16740
16741
16742
16745
16746
16747
16748
16749
16750
16751
16752
16753
16754
16755
16756
16757
16758
16759
16761
16762
16763
16765
16767
16768
16769
16798
16802
16803
16804
16805
16806
16807
16808
16809
16810
16811
16812
16813
16814
16815
16816
16824
16825
16874
16875
16876
16887
16888
16894
16895
16896
16897
16898
16899
16900
16901
16902
16903
16904
16913
16926
16927
16928
16929
16931
16932
16933
16934
16935
16936
16937
16938
16939
16940
16941
17079
17080
17086
17087
17088
17090
17091
17092
17093
17094
17095
17096
17097
17098
17099
17100
17101
17102
17103
17104
17105
17106
17107
17108
17109
17138
17139
17140
17141
17142
17143
17144
17145
17146
17147
17148
17149
17150
17151
17152
17153
17154
17155
17156
17157
17158
17159
17160
17161
17162
17163
17164
17165
17166
17167
17168
17169
17170
17175
17204
17205
17212
17213
17214
17218
17219
17220
17221
17222
17223
17224
17315
17316
17317
17318
17319
17320
17321
17323
17324
17325
17331
17349
17350
17408
17766
17767
24679
24683
24684
24685
24686
24687
24688
24689
24690
24691
24692
24693
24694
24695
24696
24697
24698
24699
24700
24701
24702
24703
24704
24705
24706
24707
24708
24709
24710
24711
24712
24713
24714
24715
24716
24717
24748
24749
24750
24751
24752
24753
24754
24755
24756
24762
