1.567080e+000 -7.355000e-002 7.058500e-002
1.567880e+000 -8.368300e-002 3.657200e-002
1.571220e+000 -8.284400e-002 5.644500e-002
1.571620e+000 -5.307400e-002 9.357700e-002
1.571740e+000 -8.046800e-002 2.330600e-002
1.574380e+000 -6.490200e-002 8.343100e-002
1.575820e+000 -5.876400e-002 -7.541000e-003
1.577290e+000 -5.269400e-002 9.487800e-002
1.578810e+000 -3.441400e-002 1.021800e-001
1.579240e+000 -7.306700e-002 7.743000e-003
1.579760e+000 -7.211200e-002 7.577700e-002
1.579820e+000 -4.797000e-003 1.222460e-001
1.580000e+000 -8.163200e-002 6.433300e-002
1.581320e+000 -7.908900e-002 1.790600e-002
1.581950e+000 -5.871200e-002 9.052900e-002
1.581970e+000 8.053000e-003 1.557990e-001
1.582150e+000 -6.527900e-002 -2.944000e-003
1.582350e+000 3.829000e-003 1.444650e-001
1.583550e+000 -8.563900e-002 5.995700e-002
1.583560e+000 -4.920100e-002 -1.540500e-002
1.583580e+000 -8.976400e-002 4.764000e-002
1.583930e+000 -6.504700e-002 8.521000e-002
1.584010e+000 -1.724200e-002 1.049280e-001
1.584670e+000 1.981700e-002 1.522790e-001
1.584690e+000 -8.765800e-002 3.088100e-002
1.585200e+000 -3.860700e-002 -1.954600e-002
1.585420e+000 -9.065100e-002 3.975000e-002
1.585590e+000 -3.340000e-003 -4.401600e-002
1.585870e+000 -4.758200e-002 9.794400e-002
1.586770e+000 -3.509000e-003 1.185460e-001
1.586780e+000 2.976800e-002 1.298650e-001
1.586810e+000 2.507300e-002 1.337610e-001
1.586850e+000 2.160000e-003 1.277290e-001
1.586860e+000 -5.900000e-003 -3.662000e-002
1.587380e+000 8.534000e-003 -7.303400e-002
1.587920e+000 2.459700e-002 1.377700e-001
1.588520e+000 -2.806400e-002 -2.042000e-002
1.588950e+000 -9.014600e-002 5.451500e-002
1.588960e+000 -8.705000e-003 1.106920e-001
1.589480e+000 -1.216100e-002 -2.633600e-002
1.590100e+000 3.241600e-002 1.142990e-001
1.590120e+000 7.250000e-003 -5.920000e-002
1.590180e+000 -6.083900e-002 -7.239000e-003
1.590390e+000 -8.494500e-002 6.447100e-002
1.590550e+000 1.445800e-002 -6.597800e-002
1.590630e+000 7.483000e-003 1.271760e-001
1.591260e+000 -7.550900e-002 1.015700e-002
1.591450e+000 -2.155900e-002 1.029670e-001
1.591520e+000 3.520500e-002 1.022330e-001
1.591960e+000 -8.500400e-002 2.203600e-002
1.591970e+000 3.773500e-002 9.098900e-002
1.591990e+000 -7.730000e-004 -3.936000e-002
1.592030e+000 1.089500e-002 -5.498300e-002
1.592180e+000 1.971600e-002 1.283530e-001
1.592390e+000 1.556000e-003 1.185980e-001
1.592630e+000 3.804500e-002 6.465100e-002
1.592660e+000 3.113900e-002 -4.131600e-002
1.592850e+000 1.950400e-002 -5.638400e-002
1.592900e+000 -4.279300e-002 -1.754700e-002
1.593390e+000 3.333000e-002 -2.884900e-002
1.593720e+000 2.041000e-002 1.175880e-001
1.593730e+000 1.453000e-002 1.245780e-001
1.593740e+000 -4.643900e-002 9.896300e-002
1.593790e+000 -3.197000e-002 1.018670e-001
1.594330e+000 -4.424000e-003 1.116400e-001
1.594390e+000 3.461500e-002 -1.507900e-002
1.594430e+000 -1.581600e-002 -2.199100e-002
1.594840e+000 -9.973000e-003 -2.687500e-002
1.595090e+000 5.919000e-003 -4.111800e-002
1.595540e+000 -3.619000e-003 -3.163500e-002
1.595570e+000 -6.828000e-002 -3.980000e-004
1.595960e+000 -9.690800e-002 4.703800e-002
1.596280e+000 8.646000e-003 1.167330e-001
1.596320e+000 -3.513500e-002 -1.910500e-002
1.596940e+000 -9.584200e-002 3.609700e-002
1.596950e+000 -5.934700e-002 -9.165000e-003
1.596970e+000 -7.673700e-002 7.537900e-002
1.597060e+000 3.643100e-002 3.721400e-002
1.597150e+000 -5.145400e-002 -1.413800e-002
1.597370e+000 -9.777100e-002 4.161200e-002
1.597390e+000 2.841600e-002 9.672400e-002
1.597450e+000 3.275200e-002 7.259100e-002
1.597510e+000 1.312200e-002 -4.022300e-002
1.597580e+000 -1.058800e-002 1.061830e-001
1.597750e+000 2.008900e-002 -3.651000e-002
1.598000e+000 2.111600e-002 1.053920e-001
1.598730e+000 -6.910900e-002 8.374300e-002
1.598940e+000 -8.805000e-002 6.540200e-002
1.599670e+000 3.167600e-002 4.300000e-004
1.600000e+000 -3.166000e-003 1.077440e-001
1.600060e+000 -5.651200e-002 9.511700e-002
1.600860e+000 -9.182300e-002 2.608500e-002
1.600880e+000 2.736000e-003 -3.051300e-002
1.601010e+000 3.841000e-003 1.073990e-001
1.601640e+000 3.187900e-002 1.786800e-002
1.601780e+000 -9.571000e-003 1.047490e-001
1.601800e+000 2.539900e-002 8.862900e-002
1.601970e+000 2.397100e-002 -1.917500e-002
1.602210e+000 2.977100e-002 6.740300e-002
1.602450e+000 -8.618000e-003 -2.304400e-002
1.602600e+000 -4.134500e-002 -1.829400e-002
1.602870e+000 3.169100e-002 4.887200e-002
1.602920e+000 9.392000e-003 -2.947700e-002
1.602950e+000 -2.499700e-002 -1.766300e-002
1.603100e+000 -1.760000e-002 -1.850400e-002
1.603230e+000 -8.298500e-002 1.626500e-002
1.603420e+000 1.121900e-002 1.022880e-001
1.603570e+000 -9.973800e-002 4.637500e-002
1.603730e+000 3.147100e-002 3.497700e-002
1.603940e+000 1.747900e-002 -2.279000e-002
1.604070e+000 -9.924100e-002 3.661800e-002
1.604230e+000 1.743900e-002 9.575500e-002
1.604850e+000 -5.933700e-002 -9.523000e-003
1.605420e+000 2.495300e-002 7.987800e-002
1.605470e+000 2.372000e-003 1.022600e-001
1.605750e+000 -9.723000e-003 1.025900e-001
1.606130e+000 -7.666900e-002 1.018100e-002
1.606430e+000 -9.534200e-002 6.138500e-002
1.606730e+000 -8.781400e-002 6.971800e-002
1.607150e+000 1.152400e-002 -2.141500e-002
1.607260e+000 -4.507200e-002 1.006740e-001
1.607600e+000 2.403300e-002 -2.300000e-003
1.607720e+000 -1.030050e-001 4.150200e-002
1.608120e+000 -1.025040e-001 5.164300e-002
1.608190e+000 -5.446400e-002 -1.311900e-002
1.608330e+000 1.985000e-002 -9.924000e-003
1.608360e+000 -2.941200e-002 -1.823600e-002
1.608500e+000 -2.031700e-002 1.020910e-001
1.609000e+000 -9.922800e-002 2.932000e-002
1.609020e+000 -6.843200e-002 -8.200000e-004
1.609440e+000 2.508200e-002 7.231000e-003
1.609580e+000 -6.440000e-004 -2.152600e-002
1.609870e+000 -3.337500e-002 1.025300e-001
1.610220e+000 -7.348000e-002 8.095800e-002
1.610540e+000 5.690000e-003 9.605600e-002
1.610720e+000 -1.023260e-001 5.929100e-002
1.610800e+000 -1.084180e-001 4.283600e-002
1.610800e+000 1.646200e-002 8.608000e-002
1.611150e+000 -9.695400e-002 6.597200e-002
1.611210e+000 -6.538800e-002 8.907000e-002
1.611370e+000 -8.211500e-002 7.580700e-002
1.611520e+000 -8.153000e-003 -1.822900e-002
1.611710e+000 -1.045740e-001 3.075300e-002
1.612000e+000 2.490800e-002 6.316700e-002
1.612340e+000 -3.045000e-003 9.807500e-002
1.612580e+000 2.747500e-002 3.927000e-002
1.612650e+000 -9.473800e-002 2.005000e-002
1.613110e+000 -1.148550e-001 5.139900e-002
1.613410e+000 -7.732100e-002 9.017000e-003
1.613420e+000 5.458000e-003 -1.614200e-002
1.613500e+000 -8.535300e-002 1.374600e-002
1.613970e+000 -1.743900e-002 1.012700e-001
1.614160e+000 -6.582900e-002 -4.488000e-003
1.614430e+000 -3.700600e-002 -1.818700e-002
1.615240e+000 -1.007600e-001 2.088700e-002
1.615300e+000 -1.208260e-001 2.979800e-002
1.615500e+000 5.660000e-003 9.173000e-002
1.615600e+000 -1.226330e-001 5.731400e-002
1.615600e+000 1.938600e-002 7.449200e-002
1.615680e+000 -1.244000e-002 -1.567100e-002
1.615740e+000 2.593600e-002 4.889300e-002
1.615800e+000 1.763900e-002 -1.801000e-003
1.616000e+000 1.318800e-002 -7.816000e-003
1.616050e+000 -1.191010e-001 6.253300e-002
1.616950e+000 2.351000e-002 5.942000e-002
1.616980e+000 -1.074300e-002 9.885900e-002
1.617290e+000 -1.187410e-001 2.231800e-002
1.617320e+000 -1.301220e-001 3.732600e-002
1.617360e+000 2.406700e-002 2.312100e-002
1.617680e+000 -1.311120e-001 4.857800e-002
1.617680e+000 -7.230700e-002 8.462300e-002
1.617740e+000 2.106100e-002 8.719000e-003
1.617830e+000 -9.135300e-002 7.674900e-002
1.617970e+000 -1.137690e-001 6.890800e-002
1.618100e+000 -2.887200e-002 -1.761400e-002
1.618140e+000 -7.622800e-002 5.907000e-003
1.619230e+000 1.224900e-002 8.309400e-002
1.619760e+000 -1.345930e-001 3.039100e-002
1.619980e+000 -1.324990e-001 2.561600e-002
1.620000e+000 -1.363050e-001 4.505100e-002
1.620060e+000 -1.335520e-001 5.654800e-002
1.620310e+000 -1.130890e-001 1.501800e-002
1.621280e+000 -8.308300e-002 6.916000e-003
1.621780e+000 -5.154200e-002 1.001980e-001
1.622420e+000 -8.053000e-002 8.395200e-002
1.622500e+000 -5.557000e-003 -1.207100e-002
1.622570e+000 -1.257470e-001 1.613200e-002
1.623240e+000 -6.220300e-002 -8.025000e-003
1.623400e+000 2.453600e-002 4.467300e-002
1.623410e+000 -1.321190e-001 1.998300e-002
1.623520e+000 -1.331080e-001 6.280900e-002
1.623550e+000 5.308000e-003 8.748300e-002
1.623760e+000 -1.246400e-001 7.053900e-002
1.623780e+000 -6.702000e-002 -3.191000e-003
1.623970e+000 3.580000e-003 -8.121000e-003
1.623990e+000 -6.232400e-002 9.326800e-002
1.624050e+000 -2.092900e-002 -1.514900e-002
1.624080e+000 -5.397200e-002 -1.308400e-002
1.624090e+000 -1.070310e-001 7.877700e-002
1.624350e+000 -1.409600e-001 3.660000e-002
1.624390e+000 -1.015000e-001 7.845000e-003
1.624470e+000 -4.367200e-002 -1.633100e-002
1.624540e+000 -7.451600e-002 1.725000e-003
1.624620e+000 2.319000e-002 2.688900e-002
1.624740e+000 1.890200e-002 1.004800e-002
1.625190e+000 -1.394330e-001 2.804300e-002
1.625330e+000 -1.405900e-001 5.221400e-002
1.625380e+000 -9.607000e-003 9.650200e-002
1.625510e+000 1.283100e-002 2.260000e-004
1.626050e+000 -8.992800e-002 4.113000e-003
1.626250e+000 2.013100e-002 6.420000e-002
1.626350e+000 1.596100e-002 7.396900e-002
1.626640e+000 -6.988400e-002 8.989500e-002
1.626730e+000 1.081700e-002 8.128100e-002
1.627490e+000 -2.421000e-002 1.026540e-001
1.627770e+000 -3.214000e-002 -1.668400e-002
1.628660e+000 -1.310250e-001 6.943300e-002
1.628920e+000 -1.294710e-001 1.326100e-002
1.629130e+000 -1.372570e-001 6.242300e-002
1.629530e+000 -1.435980e-001 3.417500e-002
1.629680e+000 -1.118240e-001 4.339000e-003
1.629780e+000 -8.092300e-002 -4.330000e-004
1.629910e+000 -1.370390e-001 2.001700e-002
1.630300e+000 4.367000e-003 -4.258000e-003
1.630500e+000 -3.742200e-002 1.047910e-001
1.630840e+000 -4.601500e-002 1.032860e-001
1.630890e+000 -1.443670e-001 4.520700e-002
1.631510e+000 -1.135970e-001 8.356400e-002
1.631670e+000 -1.426960e-001 5.347400e-002
1.631940e+000 -5.970000e-003 -8.101000e-003
1.632060e+000 2.517000e-003 8.805800e-002
1.632300e+000 -9.837900e-002 9.012000e-002
1.632490e+000 -7.934000e-002 9.207500e-002
1.632590e+000 -1.413580e-001 2.634900e-002
1.632810e+000 -1.200640e-001 5.159000e-003
1.633030e+000 2.198500e-002 2.347700e-002
1.633320e+000 1.211900e-002 3.151000e-003
1.633550e+000 -6.107400e-002 9.568000e-002
1.633870e+000 -9.896300e-002 -3.065000e-003
1.633990e+000 -6.990400e-002 -4.428000e-003
1.634380e+000 -1.449370e-001 3.565000e-002
1.634840e+000 1.784000e-002 1.194200e-002
1.634960e+000 -3.119500e-002 1.048610e-001
1.635020e+000 2.256300e-002 5.379200e-002
1.635480e+000 -5.937000e-003 9.347200e-002
1.635620e+000 2.043400e-002 6.205500e-002
1.635880e+000 1.734100e-002 6.959900e-002
1.636300e+000 -7.100200e-002 9.446200e-002
1.636340e+000 -6.274400e-002 -8.267000e-003
1.636530e+000 -1.027420e-001 -4.543000e-003
1.636540e+000 -1.372950e-001 6.406600e-002
1.636760e+000 2.393000e-002 3.971500e-002
1.637250e+000 -2.343500e-002 -1.432900e-002
1.637300e+000 -7.311800e-002 -6.410000e-003
1.637390e+000 -1.234130e-001 8.210200e-002
1.637490e+000 1.167400e-002 7.916600e-002
1.637670e+000 -1.305330e-001 7.536900e-002
1.639090e+000 -9.360600e-002 9.678100e-002
1.639700e+000 -1.338700e-002 9.854700e-002
1.639920e+000 -1.355950e-001 1.604200e-002
1.640070e+000 -1.023460e-001 9.558900e-002
1.640230e+000 -4.764000e-002 -1.468300e-002
1.640610e+000 -1.411080e-001 2.587500e-002
1.640810e+000 6.477000e-003 8.480600e-002
1.640840e+000 -1.450010e-001 4.529500e-002
1.640900e+000 -1.152320e-001 9.020800e-002
1.641100e+000 -1.446840e-001 3.569900e-002
1.641450e+000 -1.417610e-001 5.759100e-002
1.641570e+000 1.530000e-004 -3.110000e-003
1.641600e+000 9.733000e-003 2.735000e-003
1.641750e+000 -1.081640e-001 -5.580000e-003
1.642060e+000 -6.090700e-002 9.795100e-002
1.642380e+000 -3.948000e-002 -1.641200e-002
1.642410e+000 -7.908300e-002 -1.170200e-002
1.642880e+000 -8.225100e-002 1.000020e-001
1.643100e+000 2.010400e-002 1.815800e-002
1.643340e+000 -8.911800e-002 -1.234100e-002
1.643510e+000 -1.246900e-002 -8.952000e-003
1.643600e+000 -1.442760e-001 5.377600e-002
1.643650e+000 -6.206800e-002 -1.046000e-002
1.643910e+000 2.383700e-002 4.822800e-002
1.644950e+000 -1.291970e-001 5.370000e-003
1.645110e+000 2.300000e-002 2.952600e-002
1.645360e+000 -6.639200e-002 -1.149900e-002
1.646040e+000 -1.478700e-001 3.820600e-002
1.646040e+000 1.595400e-002 9.655000e-003
1.646450e+000 -3.986800e-002 1.071200e-001
1.646970e+000 -1.355390e-001 7.298300e-002
1.647020e+000 -6.766200e-002 1.001530e-001
1.647080e+000 -1.101320e-001 9.680000e-002
1.647300e+000 -9.692000e-002 -1.283800e-002
1.647560e+000 -4.848200e-002 1.046200e-001
1.647690e+000 -3.193200e-002 -1.641100e-002
1.648080e+000 -1.237600e-002 9.948700e-002
1.648290e+000 -1.270010e-001 8.697300e-002
1.648310e+000 -9.613400e-002 1.020490e-001
1.648450e+000 -1.442400e-001 2.749300e-002
1.649140e+000 -1.512030e-001 5.189300e-002
1.649180e+000 -7.899000e-002 -1.611700e-002
1.649320e+000 -1.372060e-001 1.440500e-002
1.649620e+000 1.188200e-002 5.277000e-003
1.650250e+000 -1.421710e-001 6.473700e-002
1.650270e+000 -1.532810e-001 4.086300e-002
1.650640e+000 3.277000e-003 -7.870000e-004
1.650850e+000 2.273200e-002 5.846400e-002
1.651000e+000 -3.356200e-002 1.078830e-001
1.652160e+000 1.334000e-003 9.162800e-002
1.652480e+000 -1.509870e-001 5.642400e-002
1.652620e+000 -1.539510e-001 4.720600e-002
1.652820e+000 -1.171600e-001 9.606800e-002
1.652880e+000 2.044300e-002 6.772700e-002
1.653260e+000 -4.578800e-002 -1.706700e-002
1.653280e+000 -1.514570e-001 3.303600e-002
1.653490e+000 -5.606600e-002 -1.345900e-002
1.653530e+000 -2.574300e-002 -1.513300e-002
1.653910e+000 -1.233240e-001 -2.647000e-003
1.653990e+000 -6.987300e-002 -1.709200e-002
1.654110e+000 -8.314900e-002 1.059230e-001
1.654550e+000 -1.328260e-001 4.326000e-003
1.654680e+000 -8.415900e-002 -1.829900e-002
1.654950e+000 -9.682500e-002 -1.579200e-002
1.654980e+000 -5.451500e-002 1.031100e-001
1.655030e+000 -7.425800e-002 1.054620e-001
1.655420e+000 -1.349760e-001 8.292300e-002
1.655480e+000 -1.418770e-001 2.136800e-002
1.655890e+000 2.533400e-002 3.988700e-002
1.655900e+000 -1.067670e-001 1.024050e-001
1.656310e+000 2.416100e-002 2.821600e-002
1.656830e+000 -5.862700e-002 1.029360e-001
1.657310e+000 -1.405160e-001 6.837200e-002
1.657800e+000 -1.538180e-001 4.583200e-002
1.657830e+000 2.601600e-002 4.805800e-002
1.658050e+000 -1.509230e-001 5.609800e-002
1.658220e+000 -1.535900e-001 3.851200e-002
1.658280e+000 1.312000e-002 8.269200e-002
1.658500e+000 -1.261380e-001 9.202600e-002
1.658650e+000 -1.412100e-002 -1.099900e-002
1.659320e+000 -4.126700e-002 -1.778500e-002
1.659320e+000 1.448100e-002 6.947000e-003
1.659750e+000 -1.502440e-001 3.143400e-002
1.659860e+000 -1.417400e-001 2.175000e-002
1.660000e+000 -1.010210e-001 1.055470e-001
1.660140e+000 -5.711300e-002 -1.493400e-002
1.660350e+000 -7.324700e-002 -1.970800e-002
1.660590e+000 1.927500e-002 7.476800e-002
1.660990e+000 5.230000e-003 9.124800e-002
1.661280e+000 -1.121210e-001 -1.032100e-002
1.661510e+000 -9.028400e-002 1.078850e-001
1.662070e+000 -2.157900e-002 1.060750e-001
1.662510e+000 -1.154760e-001 1.003930e-001
1.662510e+000 2.277300e-002 1.912800e-002
1.662540e+000 -1.418180e-001 7.527100e-002
1.662610e+000 6.133000e-003 -6.140000e-004
1.662780e+000 -1.005370e-001 -1.603300e-002
1.662870e+000 2.524800e-002 5.743800e-002
1.662900e+000 -1.269140e-001 -2.369000e-003
1.662920e+000 -1.569490e-001 4.628900e-002
1.662970e+000 -8.051000e-003 9.999200e-002
1.663210e+000 1.900200e-002 1.149400e-002
1.663750e+000 -1.513660e-001 6.103800e-002
1.664020e+000 -2.375000e-003 -6.013000e-003
1.664110e+000 -3.307800e-002 1.092570e-001
1.664230e+000 -1.316870e-001 8.874700e-002
1.664520e+000 -1.403530e-001 1.152400e-002
1.664810e+000 -1.320880e-001 1.540000e-003
1.664960e+000 -1.520490e-001 2.900600e-002
1.664980e+000 -3.322600e-002 -1.761200e-002
1.666080e+000 -1.575310e-001 3.814200e-002
1.666260e+000 -8.874600e-002 -2.068300e-002
1.666350e+000 -1.569830e-001 5.267100e-002
1.667080e+000 -1.397290e-001 8.056300e-002
1.667240e+000 -1.456780e-001 2.057600e-002
1.667370e+000 -5.422400e-002 1.057680e-001
1.667660e+000 -8.176000e-002 -2.144200e-002
1.668260e+000 2.984900e-002 4.708400e-002
1.668980e+000 -1.538850e-001 5.970900e-002
1.668990e+000 -4.916100e-002 -1.569700e-002
1.669140e+000 3.051800e-002 4.067000e-002
1.669370e+000 -9.544500e-002 -1.912500e-002
1.669840e+000 -1.554050e-001 3.255700e-002
1.670330e+000 -4.152200e-002 1.095560e-001
1.670340e+000 -8.561000e-003 -1.067500e-002
1.670960e+000 1.618700e-002 8.548900e-002
1.671020e+000 1.063300e-002 8.000000e-005
1.671030e+000 9.400000e-004 9.735900e-002
1.671580e+000 -1.460620e-001 1.909300e-002
1.671730e+000 2.544100e-002 7.024100e-002
1.671890e+000 1.031800e-002 9.157100e-002
1.672040e+000 -3.139400e-002 -1.826600e-002
1.672680e+000 2.977100e-002 2.975500e-002
1.673160e+000 -6.744200e-002 1.105260e-001
1.673160e+000 2.105400e-002 8.118300e-002
1.673160e+000 2.740200e-002 6.101600e-002
1.673390e+000 -1.471960e-001 6.833600e-002
1.673400e+000 -2.003600e-002 -1.531900e-002
1.673460e+000 -4.657200e-002 1.079660e-001
1.673810e+000 -1.232370e-001 -5.172000e-003
1.673910e+000 -5.930000e-002 1.104180e-001
1.674070e+000 -1.103880e-001 -1.315200e-002
1.674450e+000 -1.235100e-002 1.050490e-001
1.674700e+000 2.694200e-002 1.920700e-002
1.674860e+000 -1.365030e-001 5.834000e-003
1.675100e+000 -1.567240e-001 5.030000e-002
1.675520e+000 -3.351600e-002 1.112760e-001
1.675880e+000 4.463000e-003 -5.463000e-003
1.676130e+000 3.241300e-002 5.222200e-002
1.676240e+000 3.115400e-002 6.002200e-002
1.676260e+000 -1.229290e-001 9.899100e-002
1.676270e+000 -5.921300e-002 -1.968700e-002
1.676730e+000 -1.391350e-001 8.084100e-002
1.676770e+000 2.277000e-002 1.105600e-002
1.677120e+000 -2.588100e-002 1.110270e-001
1.677260e+000 -3.496400e-002 -1.931300e-002
1.677380e+000 -1.001150e-001 1.097750e-001
1.677600e+000 -1.131900e-001 1.057030e-001
1.677680e+000 -5.411200e-002 1.135180e-001
1.677700e+000 -1.566720e-001 3.844200e-002
1.677750e+000 -4.863000e-002 1.090300e-001
1.678120e+000 -1.480720e-001 2.561100e-002
1.678540e+000 3.394700e-002 4.548200e-002
1.678810e+000 3.354100e-002 3.403700e-002
1.679350e+000 -7.956500e-002 1.129840e-001
1.679400e+000 -1.291810e-001 9.355400e-002
1.679400e+000 -4.439400e-002 -1.683100e-002
1.679450e+000 -1.412090e-001 1.415900e-002
1.679720e+000 1.742500e-002 2.671000e-003
1.679810e+000 -4.827800e-002 -1.676500e-002
1.679950e+000 3.053200e-002 1.826100e-002
1.680020e+000 -7.262300e-002 -2.257100e-002
1.680110e+000 -4.131500e-002 1.114150e-001
1.680240e+000 -1.580350e-001 4.778200e-002
1.680430e+000 -1.301170e-001 -1.132000e-003
1.680430e+000 -4.586700e-002 1.210150e-001
1.680520e+000 2.960600e-002 6.811200e-002
1.680690e+000 -5.737300e-002 1.155880e-001
1.680700e+000 -1.585710e-001 4.140200e-002
1.680730e+000 -6.241800e-002 1.134610e-001
1.680740e+000 -6.009800e-002 -2.120700e-002
1.680860e+000 -5.211000e-002 -1.927500e-002
1.680900e+000 2.590900e-002 7.878500e-002
1.681120e+000 -4.479000e-002 1.130950e-001
1.681190e+000 -1.555820e-001 5.369200e-002
1.681600e+000 -2.689000e-003 -1.050700e-002
1.682120e+000 -1.555400e-002 1.092090e-001
1.682160e+000 -5.343300e-002 -2.275100e-002
1.682350e+000 3.164100e-002 2.301600e-002
1.682360e+000 2.030500e-002 8.733000e-002
1.682580e+000 2.805700e-002 1.402900e-002
1.682680e+000 -5.035100e-002 1.226390e-001
1.683000e+000 3.085400e-002 6.419600e-002
1.683060e+000 -1.457210e-001 6.567600e-002
1.683090e+000 7.735000e-003 9.868700e-002
1.683130e+000 -1.618850e-001 4.401600e-002
1.683340e+000 -2.827600e-002 -1.934700e-002
1.683600e+000 -3.734300e-002 1.165430e-001
1.683780e+000 3.467000e-002 6.133800e-002
1.683790e+000 -1.333920e-001 8.881400e-002
1.683820e+000 -3.631800e-002 1.225600e-001
1.684030e+000 3.399400e-002 5.514300e-002
1.684130e+000 -1.536910e-001 5.774100e-002
1.684320e+000 -1.595580e-001 5.034300e-002
1.684340e+000 -1.491230e-001 3.151900e-002
1.684490e+000 -4.240300e-002 1.268410e-001
1.684510e+000 2.862100e-002 8.029200e-002
1.684680e+000 -4.075800e-002 1.114590e-001
1.684970e+000 -4.101700e-002 -1.946900e-002
1.685130e+000 2.404800e-002 6.984000e-003
1.685170e+000 -1.161380e-001 -1.282200e-002
1.685610e+000 -1.482270e-001 6.291500e-002
1.685740e+000 -1.013490e-001 -1.956100e-002
1.685800e+000 2.943400e-002 7.226300e-002
1.685830e+000 -6.197100e-002 -2.128800e-002
1.686020e+000 -1.432810e-001 2.504600e-002
1.686160e+000 -4.321300e-002 -2.506400e-002
1.686390e+000 -3.341500e-002 1.196260e-001
1.686600e+000 1.769400e-002 9.284600e-002
1.686700e+000 1.028500e-002 -5.906000e-003
1.686720e+000 -1.675130e-001 3.994500e-002
1.687080e+000 -1.245020e-001 -7.226000e-003
1.687300e+000 -1.730750e-001 4.523200e-002
1.687450e+000 -1.592850e-001 3.732000e-002
1.687480e+000 -3.183700e-002 1.143710e-001
1.687480e+000 -1.458900e-002 -1.654000e-002
1.687900e+000 -5.645200e-002 -2.257400e-002
1.687950e+000 -4.178400e-002 -3.059300e-002
1.688170e+000 -1.527800e-001 2.989900e-002
1.688260e+000 -4.878700e-002 -2.838800e-002
1.688320e+000 -3.933500e-002 1.131490e-001
1.688340e+000 -1.376610e-001 6.914000e-003
1.688360e+000 3.070800e-002 7.605900e-002
1.688370e+000 -4.362900e-002 1.289980e-001
1.688570e+000 -3.061500e-002 1.238760e-001
1.688650e+000 2.775400e-002 8.290200e-002
1.688780e+000 -3.523000e-002 -2.058700e-002
1.688780e+000 3.874700e-002 3.207500e-002
1.689140e+000 -1.726080e-001 5.173800e-002
1.689150e+000 -1.363900e-001 8.458900e-002
1.689200e+000 -5.778400e-002 1.172910e-001
1.689290e+000 3.742200e-002 5.786400e-002
1.689450e+000 -3.814600e-002 -2.551400e-002
1.689580e+000 -1.630090e-001 5.854400e-002
1.689630e+000 -9.210200e-002 -2.240300e-002
1.689830e+000 -2.633500e-002 1.230970e-001
1.689880e+000 -3.692300e-002 1.173980e-001
1.689920e+000 -1.461790e-001 2.694100e-002
1.689990e+000 3.795400e-002 2.365600e-002
1.690450e+000 -1.731760e-001 3.848200e-002
1.690640e+000 3.005000e-002 1.044900e-002
1.690910e+000 -1.759530e-001 4.922200e-002
1.690950e+000 -1.567630e-001 6.362700e-002
1.691220e+000 -1.628720e-001 3.323200e-002
1.691380e+000 -3.381100e-002 1.292260e-001
1.691520e+000 -3.071300e-002 1.199360e-001
1.691760e+000 3.232600e-002 8.337500e-002
1.691800e+000 -1.762570e-001 4.180300e-002
1.691920e+000 3.557300e-002 6.378100e-002
1.691990e+000 3.677200e-002 7.045600e-002
1.692170e+000 4.013100e-002 5.983000e-002
1.692200e+000 -3.508400e-002 1.159080e-001
1.692350e+000 -1.406150e-001 1.332500e-002
1.692590e+000 -4.002100e-002 -3.572300e-002
1.692760e+000 2.760300e-002 8.660100e-002
1.692770e+000 5.036000e-003 1.044700e-001
1.693100e+000 -3.026900e-002 1.245970e-001
1.693440e+000 -4.067900e-002 1.303930e-001
1.693540e+000 -2.392800e-002 -2.131500e-002
1.693790e+000 4.117100e-002 4.278800e-002
1.693880e+000 -1.728060e-001 5.522700e-002
1.694030e+000 -1.657540e-001 3.209800e-002
1.694230e+000 -3.353700e-002 1.211230e-001
1.694240e+000 2.162000e-002 4.000000e-006
1.694270e+000 -1.553290e-001 2.743400e-002
1.694370e+000 -5.174700e-002 -2.493700e-002
1.694390e+000 -7.936800e-002 -2.427200e-002
1.694750e+000 -1.324600e-001 -2.174000e-003
1.694840e+000 -3.316400e-002 -2.846600e-002
1.694900e+000 3.590100e-002 7.266400e-002
1.695410e+000 -5.049900e-002 1.278300e-001
1.695440e+000 -5.584600e-002 -2.256600e-002
1.695480e+000 4.178600e-002 5.580500e-002
1.695530e+000 -1.778490e-001 4.621200e-002
1.695590e+000 3.292400e-002 8.474500e-002
1.695610e+000 3.485300e-002 1.597600e-002
1.695790e+000 3.960600e-002 6.697000e-002
1.695940e+000 -7.663100e-002 1.183780e-001
1.695990e+000 3.824600e-002 5.895500e-002
1.696100e+000 -1.498010e-001 6.498600e-002
1.696120e+000 -1.419510e-001 7.276600e-002
1.696130e+000 -1.133380e-001 -1.718500e-002
1.696130e+000 -5.426500e-002 1.225920e-001
1.696180e+000 1.294700e-002 -8.036000e-003
1.696180e+000 2.829800e-002 3.585000e-003
1.696360e+000 -1.548800e-002 1.158130e-001
1.696370e+000 -1.453490e-001 2.578000e-002
1.696480e+000 4.285800e-002 2.948400e-002
1.696600e+000 1.932200e-002 9.713000e-002
1.696740e+000 -1.330640e-001 9.394300e-002
1.697500e+000 -3.267600e-002 -2.371600e-002
1.697790e+000 -1.688970e-001 5.878100e-002
1.697790e+000 3.332200e-002 9.309000e-003
1.697840e+000 -1.728120e-001 3.570300e-002
1.697850e+000 -1.222760e-001 1.073490e-001
1.697860e+000 -1.393000e-003 -1.553800e-002
1.697940e+000 -1.428780e-001 2.222400e-002
1.698010e+000 2.862600e-002 8.734600e-002
1.698120e+000 3.554400e-002 7.351800e-002
1.698180e+000 -3.086600e-002 1.313260e-001
1.698230e+000 -1.750360e-001 5.287400e-002
1.698460e+000 -3.001100e-002 -3.325700e-002
1.698500e+000 4.120500e-002 6.751800e-002
1.698510e+000 -1.766770e-001 4.200200e-002
1.698530e+000 -6.407900e-002 1.193230e-001
1.698590e+000 -1.649590e-001 6.057100e-002
1.698720e+000 -1.662360e-001 3.199400e-002
1.698720e+000 -2.958000e-002 -2.282600e-002
1.698750e+000 -4.854100e-002 -3.059400e-002
1.698860e+000 -3.679000e-002 -3.649000e-002
1.698880e+000 -5.350200e-002 1.213060e-001
1.699030e+000 -3.222900e-002 1.204770e-001
1.699070e+000 -2.778800e-002 1.268110e-001
1.699100e+000 -1.070520e-001 1.143710e-001
1.699560e+000 -1.495420e-001 2.897100e-002
1.699710e+000 4.014100e-002 1.720600e-002
1.699890e+000 3.601000e-002 8.179500e-002
1.699900e+000 -1.367190e-001 3.656000e-003
1.700190e+000 -4.704800e-002 1.195390e-001
1.700470e+000 3.132000e-002 8.996900e-002
1.700570e+000 4.423800e-002 5.544700e-002
1.700820e+000 -3.908700e-002 1.332090e-001
1.700900e+000 -1.158280e-001 1.118610e-001
1.701150e+000 3.463200e-002 8.783000e-002
1.701230e+000 -5.304400e-002 -2.531200e-002
1.701530e+000 -8.302700e-002 1.194470e-001
1.701720e+000 -4.242300e-002 1.298720e-001
1.701870e+000 -5.688000e-002 1.218590e-001
1.701920e+000 -1.456810e-001 6.678000e-002
1.701920e+000 -3.125300e-002 -3.798700e-002
1.701960e+000 -4.085000e-002 1.219470e-001
1.702000e+000 -2.743600e-002 -2.985400e-002
1.702040e+000 3.651700e-002 7.593700e-002
1.702360e+000 -3.451600e-002 -3.830500e-002
1.702450e+000 4.256400e-002 6.512900e-002
1.702520e+000 -4.597300e-002 -3.237100e-002
1.702580e+000 2.747000e-002 9.193600e-002
1.702650e+000 -1.747940e-001 4.889700e-002
1.702690e+000 -2.067300e-002 1.192410e-001
1.702880e+000 2.182200e-002 -5.044000e-003
1.702900e+000 -2.654600e-002 1.295510e-001
1.703010e+000 4.555900e-002 3.875200e-002
1.703060e+000 -6.421200e-002 -2.434400e-002
1.703280e+000 -1.717790e-001 3.821500e-002
1.703300e+000 3.624900e-002 7.345000e-003
1.703350e+000 -8.284000e-003 1.157740e-001
1.703450e+000 3.953100e-002 6.724800e-002
1.703630e+000 -1.377360e-001 8.116700e-002
1.703670e+000 -1.294810e-001 1.014630e-001
1.703930e+000 -1.218530e-001 -1.386600e-002
1.704280e+000 -2.660900e-002 -3.588000e-002
1.704360e+000 4.045500e-002 7.570200e-002
1.704410e+000 -4.284500e-002 1.192590e-001
1.704430e+000 -2.844600e-002 -2.490600e-002
1.704520e+000 3.672100e-002 8.229600e-002
1.704760e+000 4.490900e-002 6.011000e-002
1.704790e+000 -4.311900e-002 -3.015700e-002
1.704840e+000 -4.436700e-002 -2.280500e-002
1.704890e+000 -4.914300e-002 -2.345800e-002
1.705720e+000 3.308400e-002 9.088600e-002
1.705850e+000 6.854000e-003 1.087570e-001
1.705860e+000 -1.021810e-001 -2.261100e-002
1.705960e+000 -3.905100e-002 -2.463800e-002
1.705960e+000 4.255800e-002 1.553800e-002
1.706310e+000 -1.338810e-001 9.383600e-002
1.706440e+000 -1.634050e-001 5.758100e-002
1.706520e+000 4.482900e-002 6.709900e-002
1.706560e+000 -5.395500e-002 -2.590400e-002
1.706610e+000 -1.451970e-001 2.666600e-002
1.706660e+000 -2.299500e-002 -2.506100e-002
1.706830e+000 -2.945200e-002 -3.860300e-002
1.706830e+000 1.904300e-002 1.023180e-001
1.706880e+000 -1.414660e-001 2.080000e-002
1.707080e+000 -1.378400e-002 -2.346000e-002
1.707140e+000 -1.357070e-001 3.588000e-003
1.707180e+000 -2.487800e-002 -2.831100e-002
1.707600e+000 -5.544900e-002 1.249530e-001
1.707750e+000 -2.620000e-002 1.240340e-001
1.707770e+000 -2.396400e-002 1.202480e-001
1.707920e+000 -3.755200e-002 1.251320e-001
1.707940e+000 -1.498620e-001 3.099800e-002
1.708000e+000 -3.728700e-002 -3.461300e-002
1.708060e+000 -6.386100e-002 1.221110e-001
1.708150e+000 -3.893600e-002 -2.297200e-002
1.708210e+000 -2.600900e-002 1.352930e-001
1.708310e+000 -1.297650e-001 -6.992000e-003
1.708460e+000 2.782100e-002 9.553800e-002
1.708510e+000 -8.784300e-002 -2.595200e-002
1.708630e+000 -2.320000e-002 1.314250e-001
1.708820e+000 -3.590900e-002 -2.847800e-002
1.708850e+000 -3.424800e-002 -3.781800e-002
1.709100e+000 3.989500e-002 7.630700e-002
1.709220e+000 1.624000e-002 -1.098500e-002
1.709310e+000 2.530400e-002 -5.599000e-003
1.709450e+000 -1.711900e-001 4.310700e-002
1.709540e+000 -1.256090e-001 1.072550e-001
1.709620e+000 -3.464200e-002 1.346730e-001
1.709860e+000 -3.691000e-002 1.302510e-001
1.709910e+000 -1.637960e-001 3.699200e-002
1.709950e+000 4.633800e-002 2.305000e-002
1.710010e+000 3.409100e-002 8.980200e-002
1.710320e+000 -1.058000e-002 1.192350e-001
1.710480e+000 -6.306800e-002 -2.517700e-002
1.710620e+000 -9.171400e-002 1.203400e-001
1.710770e+000 3.400000e-002 1.275000e-003
1.710900e+000 -8.089600e-002 -2.671000e-002
1.710950e+000 -4.106300e-002 1.215870e-001
1.711210e+000 -2.818900e-002 -4.071600e-002
1.711610e+000 -1.152260e-001 -1.866600e-002
1.711850e+000 -2.524500e-002 1.233870e-001
1.711970e+000 4.804900e-002 5.459500e-002
1.711990e+000 3.100900e-002 9.208000e-002
1.712280e+000 -5.310000e-002 -2.822300e-002
1.712290e+000 3.924600e-002 8.363000e-002
1.712610e+000 3.861000e-003 1.122230e-001
1.712700e+000 3.332400e-002 8.745900e-002
1.712800e+000 4.427100e-002 1.496000e-002
1.712990e+000 -1.380700e-001 7.556800e-002
1.713120e+000 2.584900e-002 9.849600e-002
1.713340e+000 -2.184700e-002 -2.916000e-002
1.713380e+000 -1.292940e-001 1.021540e-001
1.713380e+000 -6.779800e-002 1.221050e-001
1.713410e+000 -2.199000e-002 -3.815200e-002
1.713690e+000 -9.385500e-002 -2.545700e-002
1.713820e+000 -3.408600e-002 -2.650200e-002
1.713840e+000 -3.675600e-002 1.250000e-001
1.713970e+000 -2.303700e-002 1.212480e-001
1.713980e+000 -2.033400e-002 -3.278300e-002
1.714120e+000 -1.597380e-001 5.685000e-002
1.714220e+000 -1.675940e-001 4.507000e-002
1.714250e+000 -1.657020e-001 5.238800e-002
1.714260e+000 4.299900e-002 7.443400e-002
1.714390e+000 2.013500e-002 -1.099600e-002
1.714530e+000 -3.952200e-002 -2.439100e-002
1.714680e+000 -1.879300e-002 -2.653600e-002
1.714890e+000 -1.482400e-001 3.204000e-002
1.715220e+000 -2.584500e-002 1.256590e-001
1.715260e+000 1.435500e-002 -1.294800e-002
1.715460e+000 -2.141400e-002 1.350120e-001
1.715520e+000 -5.338000e-002 1.242770e-001
1.715640e+000 3.346900e-002 9.552700e-002
1.715730e+000 -7.629700e-002 1.227230e-001
1.715790e+000 -9.460000e-003 -2.450500e-002
1.715860e+000 1.745700e-002 1.063930e-001
1.716000e+000 -2.101600e-002 1.313090e-001
1.716060e+000 -1.234810e-001 -1.378100e-002
1.716100e+000 -4.151600e-002 1.229450e-001
1.716230e+000 -3.230600e-002 -2.966000e-002
1.716370e+000 -3.190300e-002 -3.862900e-002
1.716680e+000 -2.535800e-002 1.386700e-001
1.716810e+000 -4.126000e-003 1.177590e-001
1.716870e+000 3.238100e-002 -2.300000e-005
1.716940e+000 -1.647150e-001 4.201800e-002
1.716950e+000 -1.402250e-001 6.861600e-002
1.716970e+000 -1.425010e-001 2.804100e-002
1.717000e+000 -1.178810e-001 1.128510e-001
1.717280e+000 -1.293140e-001 -6.652000e-003
1.717290e+000 -1.349860e-001 8.842800e-002
1.717330e+000 -1.602500e-001 3.916000e-002
1.717710e+000 -3.349900e-002 -3.545000e-002
1.717910e+000 -3.649900e-002 1.350540e-001
1.717930e+000 -1.039060e-001 1.186400e-001
1.717950e+000 2.715700e-002 1.000440e-001
1.717980e+000 -2.568600e-002 1.270630e-001
1.718000e+000 4.180600e-002 7.103000e-003
1.718060e+000 -2.258600e-002 1.350780e-001
1.718360e+000 4.951800e-002 5.639100e-002
1.718400e+000 3.280600e-002 9.813300e-002
1.718710e+000 -2.709100e-002 1.222250e-001
1.718870e+000 3.225000e-003 -1.899000e-002
1.718920e+000 -1.351700e-002 1.210880e-001
1.718980e+000 3.695600e-002 2.603000e-003
1.719170e+000 -1.382580e-001 7.295700e-002
1.719480e+000 -1.929100e-002 -3.339500e-002
1.719550e+000 -4.036200e-002 1.314810e-001
1.719590e+000 -2.833600e-002 1.368790e-001
1.719730e+000 -1.428560e-001 6.452700e-002
1.719730e+000 5.105500e-002 4.862800e-002
1.719820e+000 3.292000e-003 1.151630e-001
1.719980e+000 -4.847600e-002 -2.638300e-002
1.720040e+000 4.973200e-002 6.461700e-002
1.720050e+000 -4.516500e-002 1.283530e-001
1.720080e+000 -2.015200e-002 1.319360e-001
1.720170e+000 -5.899400e-002 1.240530e-001
1.720180e+000 4.548600e-002 7.518900e-002
1.720260e+000 -3.295700e-002 -2.854600e-002
1.720280e+000 5.100500e-002 3.524700e-002
1.720480e+000 -1.376220e-001 2.351100e-002
1.720500e+000 -9.981800e-002 -2.417800e-002
1.720620e+000 -1.540230e-001 3.816700e-002
1.720670e+000 3.440500e-002 9.336100e-002
1.720800e+000 -1.644330e-001 4.583700e-002
1.720930e+000 -6.560600e-002 -2.557700e-002
1.720960e+000 4.101300e-002 8.692600e-002
1.720970e+000 -3.548300e-002 -2.479700e-002
1.721000e+000 -3.896400e-002 -2.388000e-002
1.721000e+000 4.765400e-002 1.660100e-002
1.721050e+000 -2.136500e-002 -4.158900e-002
1.721230e+000 -2.536700e-002 1.213370e-001
1.721360e+000 -1.889400e-002 -3.815000e-002
1.721420e+000 -2.108300e-002 -2.962500e-002
1.721810e+000 -1.366960e-001 1.485200e-002
1.721820e+000 -5.297600e-002 -2.633500e-002
1.722000e+000 4.909000e-002 5.923900e-002
1.722010e+000 3.818900e-002 7.283000e-003
1.722420e+000 -2.368300e-002 -4.318000e-002
1.722440e+000 3.124600e-002 -1.100000e-003
1.722490e+000 -1.314680e-001 9.579800e-002
1.722600e+000 -1.620460e-001 4.624400e-002
1.722720e+000 -6.311400e-002 1.229620e-001
1.722900e+000 -2.241000e-002 1.375290e-001
1.723060e+000 3.757000e-002 9.316100e-002
1.723260e+000 2.591600e-002 -6.989000e-003
1.723500e+000 4.129600e-002 7.585000e-003
1.723610e+000 -2.623900e-002 -3.995200e-002
1.723660e+000 3.017700e-002 9.620000e-002
1.724040e+000 3.635100e-002 1.369000e-003
1.724070e+000 -4.654900e-002 -2.752700e-002
1.724100e+000 -1.705400e-002 1.222170e-001
1.724150e+000 -8.352000e-002 1.240740e-001
1.724200e+000 -1.089520e-001 -2.092800e-002
1.724310e+000 8.058000e-003 -1.683400e-002
1.724320e+000 -1.561300e-001 5.535300e-002
1.724350e+000 -2.597900e-002 1.274610e-001
1.724500e+000 -1.113140e-001 1.161720e-001
1.724510e+000 -1.354830e-001 9.690000e-003
1.724570e+000 -3.436900e-002 -3.555400e-002
1.724650e+000 2.219700e-002 1.038770e-001
1.724790e+000 -2.576000e-002 1.397010e-001
1.724970e+000 -5.120900e-002 1.303560e-001
1.724980e+000 -3.614100e-002 1.347940e-001
1.725120e+000 -2.137100e-002 -2.650500e-002
1.725220e+000 5.118100e-002 6.127100e-002
1.725260e+000 2.768000e-003 1.159410e-001
1.725520e+000 -1.311500e-001 2.462000e-003
1.725660e+000 5.157500e-002 3.642100e-002
1.725960e+000 -4.141300e-002 1.310330e-001
1.726040e+000 -2.209100e-002 1.358800e-001
1.726070e+000 -3.043300e-002 1.371700e-001
1.726150e+000 4.689500e-002 1.286500e-002
1.726270e+000 -1.234010e-001 1.064990e-001
1.726410e+000 -1.076400e-002 -2.476300e-002
1.726470e+000 -1.180940e-001 1.119800e-001
1.726610e+000 -6.115300e-002 -2.480000e-002
1.726710e+000 4.302400e-002 8.399500e-002
1.726760e+000 1.033800e-002 1.135520e-001
1.726820e+000 -1.181900e-001 -1.437100e-002
1.726830e+000 -7.290700e-002 -2.709700e-002
1.726860e+000 -1.366790e-001 2.836800e-002
1.726960e+000 -1.869900e-002 -3.933800e-002
1.727060e+000 1.624700e-002 -1.344800e-002
1.727200e+000 2.420000e-004 -2.197400e-002
1.727260e+000 -3.962500e-002 -2.970300e-002
1.727280e+000 4.915700e-002 4.266400e-002
1.727460e+000 -5.421900e-002 -2.650400e-002
1.727620e+000 -1.556760e-001 4.227800e-002
1.727740e+000 -1.377870e-001 3.411200e-002
1.727740e+000 -1.362310e-001 9.120000e-002
1.727770e+000 5.095800e-002 1.770600e-002
1.727930e+000 -1.383750e-001 2.075600e-002
1.728180e+000 3.742000e-002 6.445000e-003
1.728180e+000 5.268600e-002 5.162100e-002
1.728200e+000 4.494700e-002 1.296500e-002
1.728230e+000 -7.854400e-002 -2.730900e-002
1.728470e+000 -9.536600e-002 1.226310e-001
1.728540e+000 -1.384800e-001 7.597200e-002
1.728620e+000 -1.958600e-002 -3.000600e-002
1.728740e+000 -2.777200e-002 1.233200e-001
1.728810e+000 5.267200e-002 4.218900e-002
1.728820e+000 5.192300e-002 2.418200e-002
1.729370e+000 -4.926000e-002 1.335590e-001
1.729720e+000 3.348300e-002 2.260000e-004
1.729840e+000 -2.674200e-002 1.367160e-001
1.729870e+000 -1.374420e-001 1.203400e-002
1.729880e+000 -2.684200e-002 -3.870700e-002
1.729920e+000 -1.379450e-001 8.532600e-002
1.729920e+000 -3.205400e-002 1.255610e-001
1.729970e+000 3.246300e-002 9.528200e-002
1.730000e+000 -5.710600e-002 1.270330e-001
1.730050e+000 -2.299800e-002 -4.376700e-002
1.730050e+000 3.998600e-002 9.344100e-002
1.730060e+000 4.128800e-002 8.446700e-002
1.730070e+000 -3.230500e-002 1.394900e-001
1.730080e+000 -1.398400e-002 1.219250e-001
1.730100e+000 -1.437850e-001 5.874500e-002
1.730110e+000 5.399700e-002 3.349500e-002
1.730210e+000 -1.345440e-001 6.454000e-003
1.730660e+000 4.600900e-002 8.010100e-002
1.730870e+000 -8.737100e-002 1.248500e-001
1.730960e+000 -4.654300e-002 -3.032700e-002
1.731260e+000 -1.378620e-001 6.372600e-002
1.731300e+000 -1.002000e-001 -2.347100e-002
1.731660e+000 5.105100e-002 6.738700e-002
1.731690e+000 -1.893800e-002 -3.804100e-002
1.731720e+000 -2.917700e-002 1.392660e-001
1.731730e+000 -4.300300e-002 1.368960e-001
1.731800e+000 -1.732800e-002 -2.618700e-002
1.731880e+000 4.358700e-002 5.989000e-003
1.731960e+000 3.533500e-002 9.885200e-002
1.732140e+000 -3.081100e-002 1.272570e-001
1.732200e+000 -2.609400e-002 1.353990e-001
1.732220e+000 -1.397020e-001 3.896100e-002
1.732330e+000 -2.664900e-002 -4.167000e-002
1.732360e+000 -3.807200e-002 -2.981600e-002
1.732390e+000 -1.961600e-002 -2.988700e-002
1.732410e+000 -5.997800e-002 1.261690e-001
1.732500e+000 -1.227900e-001 1.080880e-001
1.732630e+000 4.625500e-002 1.332900e-002
1.732780e+000 -1.363980e-001 2.895500e-002
1.732800e+000 -1.264840e-001 -1.551000e-003
1.732850e+000 2.718000e-002 1.003060e-001
1.732990e+000 4.144100e-002 8.940400e-002
1.733040e+000 -1.283660e-001 9.998800e-002
1.733240e+000 5.385000e-003 1.166850e-001
1.733240e+000 2.084000e-002 -1.149500e-002
1.733290e+000 3.755000e-003 -2.070100e-002
1.733440e+000 -1.070280e-001 1.187900e-001
1.733530e+000 -1.492000e-001 4.206600e-002
1.733610e+000 5.259000e-002 5.877000e-002
1.733810e+000 5.098300e-002 1.673500e-002
1.733920e+000 -1.365180e-001 7.268500e-002
1.733940e+000 -1.407630e-001 5.989000e-002
1.733980e+000 2.947200e-002 9.882400e-002
1.734010e+000 4.398700e-002 8.555300e-002
1.734210e+000 -1.187510e-001 -1.163300e-002
1.734470e+000 -4.994300e-002 -3.022300e-002
1.734550e+000 3.663500e-002 9.947300e-002
1.734610e+000 1.625900e-002 1.100660e-001
1.734670e+000 4.467900e-002 5.138000e-003
1.734710e+000 -5.180100e-002 1.296390e-001
1.734820e+000 -8.393900e-002 -2.682900e-002
1.734930e+000 -3.296400e-002 1.265980e-001
1.735220e+000 -3.602700e-002 -3.319700e-002
1.735260e+000 -4.771000e-002 1.346450e-001
1.735260e+000 -2.240500e-002 -3.872600e-002
1.735300e+000 -1.164600e-001 1.139070e-001
1.735310e+000 -1.526190e-001 5.231000e-002
1.735560e+000 -1.493000e-001 5.562300e-002
1.735640e+000 -1.370920e-001 8.932100e-002
1.735780e+000 -1.369580e-001 3.554700e-002
1.735840e+000 -1.408030e-001 4.006500e-002
1.735920e+000 -5.454100e-002 1.281050e-001
1.735990e+000 3.857500e-002 -3.470000e-004
1.736000e+000 6.698000e-003 1.185220e-001
1.736030e+000 -3.556300e-002 1.406370e-001
1.736080e+000 -1.374970e-001 1.652900e-002
1.736110e+000 5.564100e-002 3.802600e-002
1.736210e+000 2.773800e-002 -4.939000e-003
1.736320e+000 -5.680900e-002 -2.584500e-002
1.736530e+000 -2.853600e-002 -4.176700e-002
1.736530e+000 4.944300e-002 7.150500e-002
1.736590e+000 -5.437000e-003 1.214130e-001
1.736760e+000 -4.206300e-002 1.381090e-001
1.736990e+000 -2.567600e-002 1.252700e-001
1.737160e+000 -1.529210e-001 4.801800e-002
1.737330e+000 -1.284920e-001 3.190000e-004
1.737410e+000 -2.257000e-002 -2.524900e-002
1.737610e+000 -3.962500e-002 1.341950e-001
1.737810e+000 4.144600e-002 9.186100e-002
1.737820e+000 -1.404760e-001 6.158900e-002
1.737820e+000 -1.363440e-001 9.295900e-002
1.738000e+000 -2.276500e-002 -3.675100e-002
1.738010e+000 -3.484500e-002 1.296620e-001
1.738080e+000 4.116800e-002 2.029000e-003
1.738370e+000 3.899300e-002 9.642000e-002
1.738390e+000 -1.376480e-001 7.297800e-002
1.738450e+000 3.623700e-002 1.006130e-001
1.738500e+000 -2.699500e-002 -2.735800e-002
1.738520e+000 4.638900e-002 8.129400e-002
1.738650e+000 -5.670000e-003 -2.234600e-002
1.738710e+000 -1.459310e-001 4.154300e-002
1.738720e+000 -1.353150e-001 7.483000e-003
1.738720e+000 5.662200e-002 2.541500e-002
1.738750e+000 -7.372300e-002 -2.631900e-002
1.738750e+000 -4.440000e-002 -3.538600e-002
1.738940e+000 -1.224780e-001 -8.613000e-003
1.739050e+000 -4.872500e-002 -2.964500e-002
1.739070e+000 -4.634500e-002 1.282980e-001
1.739090e+000 5.525200e-002 2.231800e-002
1.739200e+000 -3.165800e-002 1.276060e-001
1.739250e+000 -1.107700e-002 -2.395800e-002
1.739570e+000 5.592200e-002 4.469700e-002
1.739710e+000 -1.398010e-001 3.717800e-002
1.739770e+000 5.010200e-002 2.085900e-002
1.739970e+000 4.096800e-002 8.403200e-002
1.740000e+000 2.658800e-002 1.018840e-001
1.740020e+000 -1.381920e-001 2.761600e-002
1.740200e+000 -1.384200e-001 1.759800e-002
1.740210e+000 5.441700e-002 5.265200e-002
1.740270e+000 -1.325230e-001 1.015090e-001
1.740330e+000 -6.690100e-002 1.272860e-001
1.740330e+000 4.753000e-002 6.719800e-002
1.740360e+000 4.553600e-002 7.123300e-002
1.740510e+000 -4.010700e-002 1.287090e-001
1.740630e+000 -2.759900e-002 -3.803600e-002
1.740700e+000 3.602000e-003 -2.154700e-002
1.740720e+000 -1.141950e-001 -1.536800e-002
1.740750e+000 4.609000e-002 1.567200e-002
1.740820e+000 4.521000e-003 1.182760e-001
1.741310e+000 4.738400e-002 7.991500e-002
1.741660e+000 5.133300e-002 6.518700e-002
1.741940e+000 -3.650300e-002 -3.886700e-002
1.741990e+000 -1.498790e-001 5.491200e-002
1.741990e+000 4.204000e-002 7.215000e-003
1.742030e+000 -1.419370e-001 8.473700e-002
1.742090e+000 -1.414440e-001 6.596700e-002
1.742410e+000 5.684000e-002 3.165700e-002
1.742450e+000 1.481300e-002 1.110850e-001
1.742550e+000 -4.235700e-002 -3.496000e-002
1.742730e+000 4.064300e-002 5.220000e-004
1.742990e+000 -2.577000e-002 1.271880e-001
1.743090e+000 -8.803100e-002 1.258900e-001
1.743140e+000 -1.618000e-003 -2.430600e-002
1.743300e+000 -1.480240e-001 5.835500e-002
1.743330e+000 -3.246800e-002 -3.020400e-002
1.743430e+000 -1.272110e-001 1.108000e-001
1.743520e+000 -6.219000e-003 1.218580e-001
1.743550e+000 3.409400e-002 -2.830000e-004
1.743650e+000 3.409500e-002 9.371700e-002
1.743810e+000 4.689500e-002 7.780100e-002
1.743860e+000 3.037600e-002 9.909000e-002
1.743880e+000 5.487200e-002 4.484900e-002
1.743970e+000 3.961600e-002 9.280000e-002
1.744000e+000 4.682400e-002 1.166000e-002
1.744330e+000 -4.237600e-002 -2.940200e-002
1.744370e+000 -1.421920e-001 3.397900e-002
1.744450e+000 -1.482680e-001 4.134000e-002
1.744530e+000 5.214500e-002 5.513300e-002
1.744570e+000 4.902800e-002 6.990800e-002
1.744850e+000 4.804600e-002 1.767200e-002
1.745120e+000 -4.783900e-002 -2.797700e-002
1.745170e+000 5.442900e-002 2.073000e-002
1.745180e+000 -1.511160e-001 4.761500e-002
1.745190e+000 4.357600e-002 8.713000e-002
1.745500e+000 9.121000e-003 -1.971700e-002
1.745910e+000 4.311000e-002 3.184000e-003
1.745920e+000 -1.419810e-001 1.282900e-002
1.745920e+000 -1.857500e-002 1.253700e-001
1.746010e+000 -7.914200e-002 1.274300e-001
1.746090e+000 -3.563700e-002 -2.830700e-002
1.746350e+000 -1.339150e-001 1.071600e-001
1.746480e+000 -1.442960e-001 7.680100e-002
1.746580e+000 -1.423350e-001 9.010200e-002
1.746640e+000 -1.133910e-001 1.174270e-001
1.746660e+000 -6.526400e-002 -2.533500e-002
1.746870e+000 3.876000e-003 1.185120e-001
1.747290e+000 2.870100e-002 9.828400e-002
1.747330e+000 1.431200e-002 -1.602300e-002
1.747510e+000 -1.408350e-001 7.765000e-003
1.747780e+000 7.712000e-003 1.152500e-001
1.747800e+000 4.486700e-002 1.154200e-002
1.747810e+000 4.285300e-002 7.806300e-002
1.748000e+000 5.072300e-002 4.577600e-002
1.748520e+000 3.712700e-002 8.950300e-002
1.748530e+000 4.539200e-002 7.418300e-002
1.748550e+000 -1.497650e-001 3.777200e-002
1.748600e+000 -8.454000e-003 -2.240200e-002
1.748720e+000 3.280200e-002 9.239700e-002
1.748880e+000 5.502700e-002 4.334900e-002
1.748900e+000 -1.299150e-001 1.108240e-001
1.748910e+000 -1.519050e-001 5.543000e-002
1.749150e+000 -1.033850e-001 -2.007100e-002
1.749200e+000 3.949400e-002 4.479000e-003
1.749380e+000 -2.044100e-002 -2.665000e-002
1.749640e+000 5.432200e-002 2.299900e-002
1.749710e+000 5.761300e-002 2.888900e-002
1.749920e+000 -7.782000e-003 1.221220e-001
1.749960e+000 1.447000e-002 1.111590e-001
1.750060e+000 4.533300e-002 9.432000e-003
1.750290e+000 -7.780000e-004 -2.188400e-002
1.750500e+000 -2.437300e-002 1.266350e-001
1.750870e+000 1.762600e-002 -1.497100e-002
1.750940e+000 -1.457420e-001 2.364000e-002
1.751050e+000 -1.425180e-001 9.772300e-002
1.751130e+000 5.064900e-002 5.491000e-002
1.751150e+000 -1.490630e-001 7.240600e-002
1.751260e+000 2.934000e-002 -4.890000e-003
1.751280e+000 7.650000e-004 1.198750e-001
1.751300e+000 -9.029700e-002 -2.422500e-002
1.751550e+000 -1.090300e-002 -2.320000e-002
1.751800e+000 -1.341400e-001 -4.559000e-003
1.751840e+000 4.859300e-002 2.069200e-002
1.752190e+000 4.470900e-002 7.830100e-002
1.752220e+000 -4.632400e-002 -2.841800e-002
1.752220e+000 5.084000e-002 4.867400e-002
1.752330e+000 -9.741500e-002 1.243310e-001
1.752920e+000 4.118200e-002 8.275600e-002
1.752980e+000 -1.366320e-001 1.062610e-001
1.753090e+000 -7.384800e-002 -2.604200e-002
1.753410e+000 -5.481000e-003 1.194680e-001
1.753820e+000 -3.661400e-002 1.298620e-001
1.753860e+000 5.379900e-002 4.886400e-002
1.753940e+000 -1.529840e-001 3.581400e-002
1.753990e+000 3.861900e-002 9.380800e-002
1.754000e+000 4.405200e-002 1.330100e-002
1.754180e+000 -1.452800e-002 1.243390e-001
1.754210e+000 4.049200e-002 9.133400e-002
1.754250e+000 3.242000e-002 9.447800e-002
1.754310e+000 -3.511900e-002 -2.889600e-002
1.754330e+000 -5.960800e-002 -2.638100e-002
1.754500e+000 5.167000e-003 1.158870e-001
1.754600e+000 -6.220000e-003 -2.086700e-002
1.754670e+000 -2.275100e-002 1.276130e-001
1.754680e+000 4.953200e-002 5.963400e-002
1.754720e+000 -1.213600e-001 1.140860e-001
1.755170e+000 4.764000e-002 1.883400e-002
1.755260e+000 -1.461780e-001 1.169600e-002
1.755450e+000 5.616800e-002 2.617100e-002
1.755530e+000 -1.508530e-001 2.366100e-002
1.755670e+000 -1.326580e-001 1.088790e-001
1.755780e+000 -1.418130e-001 2.442000e-003
1.755900e+000 -1.487020e-001 8.648600e-002
1.756020e+000 5.412700e-002 2.238000e-002
1.756030e+000 4.314600e-002 7.377400e-002
1.756150e+000 -1.295990e-001 -7.695000e-003
1.756160e+000 -5.605900e-002 1.303990e-001
1.756440e+000 1.213000e-002 -1.669000e-002
1.756690e+000 3.572000e-003 -2.119600e-002
1.757030e+000 -2.842300e-002 -2.859500e-002
1.757130e+000 -1.453670e-001 9.560500e-002
1.757520e+000 -1.543590e-001 6.748400e-002
1.757630e+000 -3.196200e-002 1.285840e-001
1.758230e+000 8.721000e-003 -2.035700e-002
1.758250e+000 -5.912000e-003 1.198950e-001
1.758300e+000 -1.548670e-001 4.127400e-002
1.758300e+000 5.459400e-002 4.072100e-002
1.758350e+000 5.654700e-002 3.127800e-002
1.758710e+000 -1.490540e-001 1.562400e-002
1.759010e+000 -2.110700e-002 1.265920e-001
1.759150e+000 -1.077320e-001 1.210020e-001
1.759300e+000 -8.193000e-003 -2.078900e-002
1.759590e+000 -1.542250e-001 3.059100e-002
1.759910e+000 4.921500e-002 2.303300e-002
1.759920e+000 -4.524900e-002 -2.732700e-002
1.760010e+000 -8.042900e-002 1.290710e-001
1.760090e+000 2.927100e-002 9.459000e-002
1.760190e+000 1.773900e-002 1.051440e-001
1.760310e+000 -1.512700e-002 1.247640e-001
1.760330e+000 -1.367870e-001 -2.078000e-003
1.760370e+000 3.052700e-002 -2.383000e-003
1.760430e+000 3.576900e-002 8.760000e-002
1.760600e+000 4.002800e-002 8.043100e-002
1.761380e+000 -6.904300e-002 1.301190e-001
1.761390e+000 -4.924400e-002 1.303520e-001
1.761500e+000 5.413200e-002 2.602500e-002
1.761630e+000 -1.390780e-001 1.025670e-001
1.761970e+000 5.267100e-002 5.099900e-002
1.762000e+000 4.071400e-002 8.331500e-002
1.762200e+000 -4.261700e-002 -2.911800e-002
1.762390e+000 4.752400e-002 5.908300e-002
1.762530e+000 1.217200e-002 1.100510e-001
1.762590e+000 -2.476300e-002 1.278370e-001
1.762600e+000 2.006500e-002 -1.082500e-002
1.762660e+000 -5.255000e-003 1.197920e-001
1.762790e+000 2.798000e-003 -1.795300e-002
1.763220e+000 -1.216900e-001 -9.410000e-003
1.763230e+000 -1.274680e-001 1.101690e-001
1.763240e+000 4.503600e-002 6.456300e-002
1.763470e+000 1.045500e-002 -1.689300e-002
1.764120e+000 -1.219500e-002 -2.496900e-002
1.764130e+000 -1.533000e-001 7.698400e-002
1.764190e+000 -1.471080e-001 1.117900e-002
1.764320e+000 5.088300e-002 5.472700e-002
1.764360e+000 -1.442210e-001 9.605300e-002
1.764360e+000 5.293300e-002 2.110600e-002
1.764480e+000 4.510200e-002 1.792900e-002
1.764630e+000 -1.553630e-001 3.728600e-002
1.764630e+000 -7.986000e-003 -2.198500e-002
1.764700e+000 -1.103500e-001 -1.557100e-002
1.764950e+000 3.751400e-002 8.262000e-002
1.765030e+000 5.188700e-002 4.295400e-002
1.765150e+000 -9.813300e-002 -2.122800e-002
1.765210e+000 -8.178000e-002 -2.552200e-002
1.765340e+000 -1.535670e-001 2.665100e-002
1.765360e+000 -2.743600e-002 -2.691900e-002
1.766190e+000 3.872000e-002 8.639000e-003
1.766300e+000 2.952000e-003 1.144050e-001
1.766370e+000 -1.557830e-001 6.316800e-002
1.766610e+000 -2.027600e-002 -2.811000e-002
1.766640e+000 5.357400e-002 3.686000e-002
1.766680e+000 4.518300e-002 5.668200e-002
1.767000e+000 5.422000e-002 2.639300e-002
1.767130e+000 -7.286400e-002 -2.644800e-002
1.767300e+000 2.277100e-002 9.798900e-002
1.768130e+000 -1.336000e-002 1.220610e-001
1.768350e+000 -4.309000e-002 1.300680e-001
1.768410e+000 8.531000e-003 1.120920e-001
1.768420e+000 4.523900e-002 6.306700e-002
1.768430e+000 -1.547560e-001 5.072800e-002
1.768640e+000 -1.142840e-001 1.183410e-001
1.768740e+000 -2.564700e-002 1.269060e-001
1.769100e+000 -9.026400e-002 1.276550e-001
1.769180e+000 5.265200e-002 3.489600e-002
1.769400e+000 5.126200e-002 2.226000e-002
1.769460e+000 2.894300e-002 9.271900e-002
1.769640e+000 1.740100e-002 1.049680e-001
1.769800e+000 -1.165900e-002 -2.211500e-002
1.770000e+000 -7.383100e-002 1.306900e-001
1.770180e+000 -3.026100e-002 -2.750600e-002
1.770620e+000 -1.054380e-001 1.223900e-001
1.770650e+000 -6.240100e-002 1.310740e-001
1.770650e+000 -3.702900e-002 -2.928200e-002
1.770700e+000 4.094700e-002 6.766100e-002
1.770800e+000 2.871300e-002 -5.360000e-004
1.770810e+000 -4.906700e-002 -2.766200e-002
1.770930e+000 2.018600e-002 -9.448000e-003
1.770970e+000 -1.536220e-001 7.410300e-002
1.771030e+000 -2.408000e-003 1.152560e-001
1.771100e+000 -1.543550e-001 3.492200e-002
1.771170e+000 4.533300e-002 2.125000e-002
1.771380e+000 4.033800e-002 1.545400e-002
1.771660e+000 4.977700e-002 4.383200e-002
1.771710e+000 4.616200e-002 5.339000e-002
1.771740e+000 -1.491050e-001 8.462800e-002
1.771760e+000 3.477800e-002 8.428800e-002
1.771790e+000 1.281600e-002 -1.436800e-002
1.771800e+000 3.929200e-002 7.374500e-002
1.772020e+000 -1.414570e-001 8.514000e-003
1.772110e+000 -3.899000e-003 -2.079000e-002
1.772140e+000 2.132300e-002 9.897800e-002
1.772200e+000 2.207000e-003 -1.679000e-002
1.772280e+000 3.633900e-002 7.935900e-002
1.772300e+000 -1.524060e-001 2.648000e-002
1.772790e+000 -1.155100e-002 1.216200e-001
1.773300e+000 4.255100e-002 6.266100e-002
1.773520e+000 -1.538440e-001 6.418100e-002
1.773670e+000 -1.320430e-001 -1.590000e-004
1.773990e+000 4.648700e-002 3.410400e-002
1.774710e+000 4.489500e-002 2.414400e-002
1.774790e+000 6.135000e-003 1.121260e-001
1.774820e+000 4.609500e-002 4.619300e-002
1.775510e+000 -2.152700e-002 -2.693100e-002
1.775590e+000 -3.433000e-003 1.161950e-001
1.775690e+000 -3.286500e-002 1.285030e-001
1.775720e+000 2.654000e-003 -1.709900e-002
1.775850e+000 -5.112100e-002 -2.647500e-002
1.776330e+000 -1.466440e-001 1.792800e-002
1.777120e+000 -4.673100e-002 -2.840300e-002
1.777210e+000 -4.087400e-002 1.282540e-001
1.777510e+000 -1.189170e-001 -9.155000e-003
1.777680e+000 4.349700e-002 5.487200e-002
1.777740e+000 3.814600e-002 7.342000e-002
1.777790e+000 -7.920100e-002 1.294190e-001
1.777790e+000 -2.142800e-002 1.245990e-001
1.777870e+000 2.390900e-002 9.542100e-002
1.777900e+000 -6.583500e-002 1.308740e-001
1.778220e+000 -8.008400e-002 -2.481400e-002
1.778330e+000 -1.513500e-001 5.370100e-002
1.778330e+000 4.506900e-002 3.557300e-002
1.778480e+000 -1.453100e-002 -2.407500e-002
1.778640e+000 4.049800e-002 1.838100e-002
1.778850e+000 -1.152860e-001 1.169130e-001
1.779050e+000 4.429400e-002 4.410900e-002
1.779070e+000 1.087200e-002 1.084160e-001
1.779210e+000 -1.430880e-001 9.075900e-002
1.779490e+000 -2.890200e-002 1.255910e-001
1.779640e+000 3.090800e-002 6.035000e-003
1.779760e+000 -6.236900e-002 -2.618200e-002
1.779840e+000 -9.490800e-002 1.254220e-001
1.780000e+000 -3.700300e-002 1.261480e-001
1.780340e+000 -1.036060e-001 -1.723200e-002
1.780540e+000 -5.815000e-002 1.307480e-001
1.780550e+000 -3.624000e-002 -2.708000e-002
1.781080e+000 4.527000e-002 4.158500e-002
1.782530e+000 -9.183200e-002 -2.145800e-002
1.782970e+000 -1.308450e-001 1.056610e-001
1.783100e+000 2.348600e-002 -2.353000e-003
1.783890e+000 3.297000e-003 -1.459700e-002
1.784000e+000 -4.448400e-002 1.272670e-001
1.784220e+000 -3.082000e-003 -1.970200e-002
1.784230e+000 9.392000e-003 -1.315400e-002
1.784510e+000 -8.867000e-003 1.187680e-001
1.784640e+000 4.058300e-002 2.608600e-002
1.784930e+000 -1.246010e-001 1.104190e-001
1.784960e+000 -4.969700e-002 -2.758300e-002
1.785160e+000 -9.921000e-003 -2.076700e-002
1.785390e+000 1.154000e-002 1.054960e-001
1.785410e+000 -3.636200e-002 1.269870e-001
1.785440e+000 -6.826000e-002 -2.467800e-002
1.785730e+000 -1.447070e-001 2.194700e-002
1.786000e+000 -1.839100e-002 -2.528900e-002
1.786040e+000 1.555100e-002 -9.002000e-003
1.786120e+000 -1.054550e-001 1.202310e-001
1.786580e+000 6.211000e-003 1.097180e-001
1.786590e+000 3.036000e-002 8.183900e-002
1.786940e+000 -3.483500e-002 -2.548800e-002
1.786970e+000 -2.503700e-002 -2.381100e-002
1.786980e+000 -5.558900e-002 1.299640e-001
1.787220e+000 -1.102180e-001 -1.259900e-002
1.787270e+000 -4.473400e-002 -2.541000e-002
1.787510e+000 -1.472210e-001 6.532000e-002
1.787880e+000 -1.326290e-001 5.001000e-003
1.787940e+000 -8.764500e-002 1.262330e-001
1.787990e+000 4.015400e-002 4.251300e-002
1.788170e+000 3.190000e-003 -1.460400e-002
1.788260e+000 -2.857000e-003 1.142650e-001
1.788270e+000 -1.474280e-001 4.039500e-002
1.788590e+000 -6.963000e-002 1.296120e-001
1.788770e+000 3.454300e-002 6.690600e-002
1.788800e+000 -1.476250e-001 4.943900e-002
1.788970e+000 -8.120800e-002 -2.290400e-002
1.789260e+000 4.024100e-002 5.041100e-002
1.789820e+000 3.659400e-002 5.500500e-002
1.789870e+000 -5.610400e-002 -2.447600e-002
1.789950e+000 -4.633900e-002 1.290290e-001
1.790210e+000 -1.452790e-001 3.018900e-002
1.790490e+000 -1.555000e-002 1.193410e-001
1.790550e+000 -1.518400e-002 -2.214500e-002
1.790610e+000 -1.329030e-001 9.906300e-002
1.791300e+000 -2.820100e-002 1.228670e-001
1.791650e+000 -1.445030e-001 7.601200e-002
1.791690e+000 2.283900e-002 9.024700e-002
1.791850e+000 -3.739600e-002 -2.579200e-002
1.792020e+000 -4.645500e-002 -2.584800e-002
1.792130e+000 -1.199250e-001 -5.307000e-003
1.792810e+000 -7.875000e-003 -1.712600e-002
1.793340e+000 2.240000e-004 -1.524400e-002
1.793350e+000 -1.228270e-001 1.082940e-001
1.793350e+000 -1.368200e-002 -1.967800e-002
1.793360e+000 -9.942000e-002 1.205330e-001
1.794040e+000 -5.843100e-002 1.276390e-001
1.794470e+000 3.723500e-002 5.344400e-002
1.794740e+000 3.721200e-002 4.171300e-002
1.794790e+000 3.529600e-002 4.589100e-002
1.794890e+000 -9.258100e-002 -1.782500e-002
1.795290e+000 3.126800e-002 6.349300e-002
1.795980e+000 -7.126100e-002 1.269510e-001
1.796220e+000 -3.819000e-002 1.231000e-001
1.796260e+000 -6.438900e-002 -2.146500e-002
1.796530e+000 -1.289550e-001 5.876000e-003
1.797140e+000 2.814300e-002 7.514700e-002
1.797170e+000 -1.238700e-002 1.169270e-001
1.797270e+000 3.413600e-002 3.146000e-002
1.797590e+000 -1.379150e-001 1.772300e-002
1.797750e+000 -8.746100e-002 1.230480e-001
1.798170e+000 -1.447180e-001 4.442900e-002
1.798180e+000 3.232400e-002 5.602000e-002
1.798290e+000 -1.433000e-003 1.106800e-001
1.798290e+000 1.824600e-002 1.400000e-005
1.798370e+000 1.609800e-002 9.377300e-002
1.798540e+000 -4.537000e-003 -1.540000e-002
1.798590e+000 7.377000e-003 -9.567000e-003
1.798850e+000 2.280900e-002 8.434800e-002
1.798900e+000 -3.154800e-002 -2.254000e-002
1.798940e+000 -1.354850e-001 8.962700e-002
1.799120e+000 -1.396030e-001 8.115900e-002
1.799240e+000 -1.047010e-001 -1.142300e-002
1.799330e+000 -4.719800e-002 1.237260e-001
1.799390e+000 5.262000e-003 1.048270e-001
1.800190e+000 -1.815100e-002 -2.039000e-002
1.800200e+000 -1.139260e-001 -5.761000e-003
1.800250e+000 3.340900e-002 4.614100e-002
1.800400e+000 -1.440960e-001 5.617400e-002
1.800600e+000 -1.398860e-001 2.586000e-002
1.800820e+000 -2.057700e-002 1.169780e-001
1.800920e+000 1.129600e-002 9.681000e-002
1.800990e+000 -4.190300e-002 -2.200900e-002
1.801130e+000 2.479900e-002 1.129800e-002
1.801640e+000 -6.490700e-002 1.246890e-001
1.802390e+000 2.787600e-002 1.907300e-002
1.802590e+000 -1.044130e-001 1.139330e-001
1.803350e+000 -1.183530e-001 5.710000e-004
1.803570e+000 -1.286010e-001 9.484200e-002
1.803580e+000 -9.443800e-002 1.179850e-001
1.803640e+000 -4.014000e-003 1.091090e-001
1.803850e+000 -1.152190e-001 1.064440e-001
1.804450e+000 -9.377000e-003 1.113910e-001
1.804810e+000 2.860900e-002 2.599100e-002
1.804830e+000 -1.401440e-001 6.899900e-002
1.804890e+000 -7.090100e-002 -1.625400e-002
1.804960e+000 2.858300e-002 4.209900e-002
1.805250e+000 -1.407390e-001 3.857700e-002
1.805370e+000 -8.810000e-004 -1.113300e-002
1.805490e+000 -6.015500e-002 1.215370e-001
1.805720e+000 -8.379400e-002 1.195000e-001
1.805850e+000 -1.306980e-001 1.531300e-002
1.806350e+000 -7.455700e-002 1.202590e-001
1.806650e+000 -1.336100e-001 8.378800e-002
1.807950e+000 2.437100e-002 6.485800e-002
1.807980e+000 -9.775300e-002 -9.982000e-003
1.808220e+000 -1.072500e-002 -1.530300e-002
1.808230e+000 -1.398040e-001 5.931300e-002
1.808480e+000 -1.298300e-002 1.111130e-001
1.808610e+000 -1.189020e-001 9.898800e-002
1.808790e+000 1.991000e-003 -7.949000e-003
1.809500e+000 -9.123600e-002 -1.109500e-002
1.809770e+000 -1.318860e-001 2.213700e-002
1.809800e+000 -1.351310e-001 2.894400e-002
1.809820e+000 2.260000e-003 9.876800e-002
1.810070e+000 1.015800e-002 9.088200e-002
1.810080e+000 1.788200e-002 9.303000e-003
1.810350e+000 -1.391360e-001 4.920100e-002
1.810580e+000 -9.198900e-002 1.135040e-001
1.810710e+000 -5.276100e-002 -1.617300e-002
1.810810e+000 -1.255740e-001 8.971800e-002
1.810920e+000 2.616300e-002 3.672400e-002
1.811860e+000 -6.200100e-002 1.179560e-001
1.812850e+000 -9.772000e-003 1.053350e-001
1.812980e+000 -2.076700e-002 -1.465100e-002
1.813160e+000 -4.076200e-002 -1.592100e-002
1.813300e+000 -1.003120e-001 -4.646000e-003
1.813430e+000 1.781600e-002 7.574100e-002
1.813640e+000 -3.848200e-002 1.157240e-001
1.814070e+000 2.265500e-002 5.246100e-002
1.814090e+000 1.812600e-002 1.521500e-002
1.814210e+000 -5.022400e-002 1.170750e-001
1.814360e+000 -9.874700e-002 1.067690e-001
1.814950e+000 -1.323720e-001 6.815100e-002
1.815030e+000 9.829000e-003 4.767000e-003
1.815220e+000 -7.951300e-002 -8.447000e-003
1.815390e+000 -6.296700e-002 -1.147400e-002
1.815650e+000 -4.124000e-003 9.725400e-002
1.815900e+000 -1.063620e-001 1.009400e-001
1.815980e+000 1.104100e-002 8.445000e-002
1.816540e+000 -1.341620e-001 5.105800e-002
1.816650e+000 3.276000e-003 1.517000e-003
1.816690e+000 -1.055400e-001 1.947000e-003
1.816800e+000 -7.331000e-002 1.122430e-001
1.816860e+000 2.121100e-002 2.837200e-002
1.817290e+000 -6.507000e-003 -7.022000e-003
1.817350e+000 -1.334800e-002 -1.096200e-002
1.817420e+000 1.851500e-002 6.497600e-002
1.817750e+000 -1.245920e-001 7.925200e-002
1.817970e+000 -3.158800e-002 -1.282800e-002
1.818050e+000 -1.140680e-001 1.117100e-002
1.818580e+000 -1.309270e-001 4.066900e-002
1.819050e+000 -4.020500e-002 1.124540e-001
1.819130e+000 -1.137440e-001 9.093900e-002
1.819760e+000 -1.304340e-001 5.763700e-002
1.820020e+000 -1.173480e-001 1.718300e-002
1.820190e+000 -8.754200e-002 -2.665000e-003
1.820250e+000 -3.630000e-003 8.000000e-004
1.820640e+000 -1.258950e-001 3.280000e-002
1.820880e+000 -3.230500e-002 1.086810e-001
1.820930e+000 -5.761200e-002 1.103300e-001
1.821310e+000 -6.453000e-002 -5.989000e-003
1.821720e+000 5.512000e-003 8.331000e-002
1.821910e+000 1.679300e-002 2.745800e-002
1.821950e+000 -1.020740e-001 9.580900e-002
1.822420e+000 -1.244330e-001 6.969700e-002
1.822780e+000 -1.254700e-001 3.867100e-002
1.822890e+000 -2.017300e-002 -8.311000e-003
1.823070e+000 -3.822500e-002 -8.945000e-003
1.823280e+000 1.163000e-002 7.130500e-002
1.823390e+000 -1.453000e-003 8.801900e-002
1.823790e+000 -9.661200e-002 4.605000e-003
1.824020e+000 5.750000e-003 8.723200e-002
1.824040e+000 -1.154400e-001 8.059100e-002
1.824090e+000 -1.079660e-001 1.444700e-002
1.824530e+000 -7.874800e-002 1.032210e-001
1.824810e+000 4.257000e-003 8.022000e-002
1.825020e+000 1.500800e-002 4.413100e-002
1.825100e+000 -7.172800e-002 -1.257000e-003
1.825180e+000 -8.583300e-002 9.993800e-002
1.825630e+000 -5.006000e-003 -4.478000e-003
1.825770e+000 -1.013500e-002 9.103500e-002
1.825820e+000 -1.235030e-001 5.370500e-002
1.825960e+000 -7.020000e-003 -8.816000e-003
1.826150e+000 -1.173100e-001 3.130200e-002
1.826210e+000 1.083700e-002 2.313100e-002
1.826250e+000 -6.339600e-002 1.043730e-001
1.826340e+000 1.279700e-002 5.370600e-002
1.826400e+000 -4.143000e-002 1.051330e-001
1.826720e+000 -2.497000e-003 8.432800e-002
1.826860e+000 -3.068400e-002 1.004720e-001
1.827140e+000 2.373000e-003 1.322500e-002
1.827970e+000 -8.425800e-002 5.399000e-003
1.828140e+000 -4.872100e-002 -1.975000e-003
1.828170e+000 -9.177000e-003 -8.096000e-003
1.829010e+000 -1.139840e-001 7.136100e-002
1.829020e+000 -1.050330e-001 8.117000e-002
1.829060e+000 -9.071000e-002 9.141100e-002
1.829280e+000 -6.412800e-002 2.286000e-003
1.829560e+000 4.934000e-003 1.997700e-002
1.829810e+000 -1.156060e-001 6.446300e-002
1.830490e+000 -7.466000e-003 9.363000e-003
1.831080e+000 -5.963800e-002 9.742100e-002
1.831270e+000 -1.074670e-001 3.042500e-002
1.831520e+000 -9.854800e-002 2.107200e-002
1.831520e+000 -2.766300e-002 3.560000e-004
1.831560e+000 1.147000e-003 7.329500e-002
1.831760e+000 -1.066400e-002 5.463000e-003
1.831930e+000 -9.749000e-003 -1.603000e-003
1.831970e+000 -1.098290e-001 3.785200e-002
1.832170e+000 -1.125990e-001 5.650000e-002
1.833330e+000 -7.192200e-002 9.213200e-002
1.833690e+000 3.768000e-003 6.194200e-002
1.833800e+000 -1.030050e-001 7.196500e-002
1.834070e+000 -1.541500e-002 6.180000e-004
1.834240e+000 -7.555000e-003 7.783700e-002
1.834270e+000 5.456000e-003 3.360600e-002
1.834270e+000 6.292000e-003 4.511300e-002
1.834970e+000 -8.046600e-002 8.649600e-002
1.835530e+000 4.097000e-003 5.556900e-002
1.835710e+000 -8.557700e-002 1.926700e-002
1.835960e+000 6.551000e-003 6.294300e-002
1.836120e+000 -1.021150e-001 6.374700e-002
1.836400e+000 -5.520000e-004 6.433700e-002
1.836430e+000 -1.617000e-002 1.044000e-002
1.836730e+000 -6.275200e-002 8.680400e-002
1.836780e+000 -3.928900e-002 1.093900e-002
1.837600e+000 -6.196100e-002 1.832800e-002
1.837900e+000 -6.024000e-003 2.223600e-002
1.837930e+000 1.746000e-003 4.868300e-002
1.838080e+000 -2.278000e-003 5.645200e-002
1.838090e+000 1.661000e-003 4.063200e-002
1.838390e+000 -7.574500e-002 2.046000e-002
1.839220e+000 -2.734600e-002 7.874100e-002
1.839260e+000 -9.406800e-002 5.081800e-002
1.839480e+000 -8.798500e-002 7.209300e-002
1.839890e+000 -1.885100e-002 7.600900e-002
1.839990e+000 -5.105800e-002 7.651600e-002
1.840170e+000 -7.183500e-002 7.878500e-002
1.840230e+000 -2.877500e-002 1.559900e-002
1.841200e+000 -6.820300e-002 2.764500e-002
1.841300e+000 -4.534000e-003 3.356200e-002
1.841690e+000 -4.451200e-002 2.447100e-002
1.841740e+000 -8.367000e-002 3.388800e-002
1.841770e+000 -3.276600e-002 6.928800e-002
1.841930e+000 -8.060800e-002 2.896000e-002
1.842120e+000 -1.240500e-002 6.469700e-002
1.842240e+000 -1.808600e-002 7.378400e-002
1.842410e+000 -3.702000e-003 4.605100e-002
1.842430e+000 -5.115500e-002 6.462500e-002
1.842760e+000 -7.213300e-002 6.862500e-002
1.842810e+000 -8.196700e-002 6.626100e-002
1.842940e+000 -7.520800e-002 3.504400e-002
1.843330e+000 -4.069600e-002 3.064600e-002
1.843480e+000 -7.634300e-002 5.312500e-002
1.843760e+000 -5.568000e-002 4.407900e-002
1.843840e+000 -2.503000e-002 2.283800e-002
1.843960e+000 -4.381700e-002 5.088800e-002
1.844020e+000 -1.135300e-002 5.336400e-002
1.844290e+000 -1.375200e-002 5.859800e-002
1.844390e+000 -3.876700e-002 4.073900e-002
1.845210e+000 -2.697700e-002 5.066400e-002
1.845290e+000 -1.963100e-002 5.851700e-002
1.845430e+000 -2.466900e-002 3.030800e-002
1.845720e+000 -1.551000e-002 3.212900e-002
1.845780e+000 -9.503000e-003 5.118100e-002
1.846750e+000 -8.261000e-003 4.800300e-002
1.846910e+000 -1.885600e-002 4.344000e-002
1.846920e+000 -1.346400e-002 4.409300e-002
1.847880e+000 -1.386700e-002 5.476500e-002
1.847900e+000 -1.002800e-002 5.716000e-002
