8.091080e-001 -5.981000e-003 5.715500e-002
8.092040e-001 1.406200e-002 5.727800e-002
8.112490e-001 -1.227300e-002 5.974300e-002
8.133180e-001 1.919200e-002 5.725800e-002
8.178450e-001 2.966500e-002 5.942200e-002
8.188230e-001 -2.696000e-002 6.376600e-002
8.178440e-001 -1.032000e-002 5.621900e-002
8.233690e-001 2.651600e-002 5.763700e-002
8.200510e-001 -1.465200e-002 5.975000e-002
8.302000e-001 -4.535800e-002 7.071100e-002
8.268400e-001 -2.712700e-002 6.330400e-002
8.272600e-001 -1.287800e-002 5.917000e-002
8.386820e-001 -3.595300e-002 6.631700e-002
8.304910e-001 3.731100e-002 5.971300e-002
8.315270e-001 4.503100e-002 6.519900e-002
8.356360e-001 -5.498000e-002 7.666500e-002
8.330320e-001 -6.076200e-002 8.137000e-002
8.328870e-001 4.044100e-002 3.209300e-002
8.428340e-001 6.175700e-002 7.630000e-002
8.343410e-001 -1.307800e-002 5.685400e-002
8.336770e-001 3.993300e-002 4.623300e-002
8.349880e-001 -1.531600e-002 5.957300e-002
8.349080e-001 4.400600e-002 6.086400e-002
8.419280e-001 -4.843500e-002 7.202600e-002
8.378020e-001 -2.584000e-002 6.237700e-002
8.410250e-001 5.205500e-002 6.819200e-002
8.386570e-001 5.038700e-002 2.692800e-002
8.398890e-001 -2.029100e-002 5.611200e-002
8.399420e-001 4.851100e-002 6.134900e-002
8.496730e-001 -7.595100e-002 9.548900e-002
8.441040e-001 -3.678800e-002 6.532100e-002
8.439570e-001 5.586100e-002 6.729100e-002
8.438850e-001 -2.790900e-002 3.832600e-002
8.451430e-001 6.032800e-002 2.016100e-002
8.469230e-001 -6.779100e-002 8.611400e-002
8.458930e-001 5.817200e-002 5.775700e-002
8.475710e-001 6.983400e-002 7.832000e-002
8.547590e-001 7.287800e-002 3.757800e-002
8.493940e-001 -5.936400e-002 7.916600e-002
8.489820e-001 -4.030700e-002 5.983300e-002
8.548220e-001 -5.595600e-002 7.660000e-002
8.506430e-001 7.243400e-002 6.776300e-002
8.540440e-001 -4.297300e-002 3.272700e-002
8.503500e-001 6.458300e-002 5.884800e-002
8.502940e-001 7.046500e-002 1.771300e-002
8.504840e-001 -3.989500e-002 4.061000e-002
8.516520e-001 -3.991800e-002 2.894600e-002
8.528520e-001 7.251000e-002 2.841800e-002
8.536350e-001 6.966300e-002 5.172300e-002
8.534220e-001 -4.816500e-002 5.573900e-002
8.536510e-001 7.152700e-002 5.979300e-002
8.553660e-001 8.500100e-002 1.471000e-002
8.538820e-001 -4.918900e-002 4.014800e-002
8.541910e-001 -5.160200e-002 7.115200e-002
8.577270e-001 9.606100e-002 7.326600e-002
8.562940e-001 -5.300500e-002 6.617000e-002
8.590360e-001 1.045250e-001 8.842200e-002
8.581190e-001 8.343500e-002 2.630700e-002
8.580660e-001 1.009790e-001 8.142400e-002
8.613780e-001 -6.288100e-002 5.676400e-002
8.583950e-001 -4.565100e-002 2.578500e-002
8.584530e-001 -5.707000e-002 3.759100e-002
8.591610e-001 -5.645400e-002 7.166900e-002
8.599110e-001 9.677300e-002 1.259100e-002
8.604770e-001 7.989000e-002 5.486400e-002
8.625140e-001 1.095560e-001 8.069500e-002
8.659810e-001 -7.341000e-002 9.200200e-002
8.615190e-001 -6.006800e-002 6.449100e-002
8.609030e-001 9.258600e-002 6.273300e-002
8.610880e-001 -4.776500e-002 2.849400e-002
8.667590e-001 8.869200e-002 4.698000e-002
8.621700e-001 -6.573100e-002 4.544300e-002
8.656440e-001 -5.161800e-002 1.975700e-002
8.627210e-001 -5.580800e-002 2.995900e-002
8.651830e-001 1.094060e-001 -1.398000e-003
8.636250e-001 9.745400e-002 2.091000e-002
8.653920e-001 -6.811700e-002 3.820000e-002
8.648690e-001 1.046070e-001 6.588400e-002
8.671490e-001 -6.921600e-002 6.557400e-002
8.651030e-001 -6.309800e-002 3.240500e-002
8.667010e-001 1.187140e-001 9.280600e-002
8.671590e-001 -8.212200e-002 1.036810e-001
8.695000e-001 -5.113400e-002 2.316300e-002
8.689510e-001 1.028940e-001 5.771700e-002
8.675500e-001 -6.104200e-002 7.135800e-002
8.676810e-001 1.076140e-001 1.416000e-002
8.678180e-001 1.137700e-001 -1.199600e-002
8.709790e-001 9.658600e-002 4.971300e-002
8.725480e-001 -6.496200e-002 7.874400e-002
8.704830e-001 1.154560e-001 6.818800e-002
8.735520e-001 1.024200e-001 3.318700e-002
8.694070e-001 1.130880e-001 6.458000e-003
8.714930e-001 -7.779400e-002 4.405100e-002
8.699910e-001 -7.685700e-002 5.844200e-002
8.701370e-001 -6.699900e-002 8.472500e-002
8.710060e-001 1.182500e-001 -1.115500e-002
8.725690e-001 -6.620800e-002 7.506100e-002
8.735810e-001 -5.432300e-002 1.973000e-002
8.735570e-001 -5.428500e-002 2.214400e-002
8.720940e-001 1.230280e-001 7.919700e-002
8.739820e-001 1.283050e-001 9.079300e-002
8.752970e-001 -6.909500e-002 2.413000e-002
8.749850e-001 1.170300e-001 1.199600e-002
8.850820e-001 -8.230700e-002 1.058630e-001
8.750090e-001 1.206990e-001 1.482000e-003
8.794360e-001 -6.289300e-002 1.203400e-002
8.753200e-001 -7.967200e-002 6.718500e-002
8.774860e-001 1.185790e-001 6.058100e-002
8.787240e-001 -7.954200e-002 7.297400e-002
8.789860e-001 1.271060e-001 7.032000e-002
8.766820e-001 -5.919600e-002 2.094200e-002
8.786640e-001 1.100930e-001 3.110800e-002
8.774530e-001 -8.481000e-002 4.664500e-002
8.802710e-001 -5.991100e-002 1.857500e-002
8.778880e-001 -7.921400e-002 3.146900e-002
8.799030e-001 1.334550e-001 8.452800e-002
8.782660e-001 1.106430e-001 5.248000e-002
8.782710e-001 1.250800e-001 -2.710300e-002
8.787210e-001 -8.596500e-002 5.884900e-002
8.795180e-001 1.099640e-001 4.717200e-002
8.789090e-001 1.265660e-001 -1.725300e-002
8.856340e-001 -7.745300e-002 9.923900e-002
8.797820e-001 1.348910e-001 9.424800e-002
8.797930e-001 -6.821000e-002 8.535400e-002
8.812890e-001 -8.630000e-002 4.038800e-002
8.839510e-001 -6.971000e-002 8.460800e-002
8.836530e-001 1.274760e-001 4.171000e-003
8.831120e-001 1.296740e-001 -8.775000e-003
8.836680e-001 1.185720e-001 3.963400e-002
8.828010e-001 -8.917900e-002 1.185730e-001
8.832050e-001 1.171870e-001 2.624000e-002
8.875430e-001 -8.114300e-002 2.130700e-002
8.835510e-001 -8.858600e-002 6.582500e-002
8.846530e-001 1.196810e-001 3.620400e-002
8.881460e-001 -9.355400e-002 4.981800e-002
8.922980e-001 -7.645900e-002 8.640900e-002
8.909080e-001 -8.182400e-002 8.317200e-002
8.894500e-001 1.233900e-001 3.080100e-002
8.869350e-001 1.314540e-001 -3.353200e-002
8.900670e-001 -7.792200e-002 1.641800e-002
8.920320e-001 -8.968400e-002 7.660300e-002
8.866350e-001 -8.620800e-002 3.060500e-002
8.881590e-001 -7.328200e-002 9.107700e-002
8.868420e-001 -6.866800e-002 5.757000e-003
8.878530e-001 -7.009200e-002 1.538400e-002
8.894400e-001 1.385380e-001 7.522200e-002
8.887180e-001 -6.794200e-002 1.194400e-002
8.883040e-001 1.420010e-001 9.720700e-002
8.888730e-001 1.251310e-001 5.392700e-002
8.928280e-001 1.353840e-001 -9.660000e-004
8.900560e-001 -9.499100e-002 5.891600e-002
8.973530e-001 -7.566900e-002 -8.070000e-003
8.895190e-001 1.333260e-001 6.369500e-002
8.899200e-001 1.271260e-001 1.848800e-002
8.899720e-001 -9.133100e-002 3.717200e-002
8.921860e-001 -9.020800e-002 1.229630e-001
8.938340e-001 1.372040e-001 -1.951600e-002
8.921980e-001 -7.414700e-002 8.815900e-002
8.928590e-001 1.281390e-001 2.571600e-002
8.935300e-001 -9.510100e-002 4.211100e-002
8.984010e-001 -7.375200e-002 1.068000e-002
9.040350e-001 -9.260600e-002 1.330440e-001
8.972330e-001 1.442740e-001 7.486700e-002
8.991340e-001 -8.269100e-002 8.844800e-002
8.958460e-001 1.343140e-001 4.117300e-002
8.996610e-001 -7.994600e-002 1.037800e-001
8.960990e-001 1.473310e-001 1.029630e-001
8.980410e-001 -7.328800e-002 9.084700e-002
8.961210e-001 1.332530e-001 5.041000e-002
9.007610e-001 -9.908700e-002 7.046200e-002
8.969760e-001 1.346070e-001 1.238900e-002
8.976850e-001 -8.391400e-002 1.338200e-002
8.972760e-001 -7.205800e-002 9.524000e-003
8.983580e-001 -7.390100e-002 9.387900e-002
8.980970e-001 1.378240e-001 5.647600e-002
9.011840e-001 -7.448300e-002 -3.040000e-003
9.010110e-001 -8.911900e-002 8.565700e-002
8.987070e-001 1.381820e-001 -3.626000e-002
9.032630e-001 -9.567400e-002 8.134700e-002
9.006780e-001 -7.524300e-002 2.343000e-003
9.020610e-001 1.488720e-001 8.311800e-002
8.999940e-001 1.492970e-001 1.101950e-001
9.002460e-001 1.382420e-001 4.365500e-002
9.035270e-001 1.386760e-001 2.149800e-002
9.011510e-001 -8.956300e-002 2.352700e-002
9.117700e-001 -1.080390e-001 5.765100e-002
9.080910e-001 1.446320e-001 -6.525000e-003
9.019970e-001 1.416690e-001 -2.271700e-002
9.020620e-001 -8.033800e-002 6.654000e-003
9.047330e-001 -9.555600e-002 2.859500e-002
9.040690e-001 -7.725900e-002 9.213900e-002
9.035790e-001 1.442330e-001 6.220500e-002
9.038040e-001 -7.614200e-002 -1.056900e-002
9.069010e-001 -8.443700e-002 1.127480e-001
9.040000e-001 -7.314700e-002 -7.604000e-003
9.106600e-001 -1.064990e-001 6.692600e-002
9.069860e-001 1.414030e-001 1.231800e-002
9.095360e-001 -8.286400e-002 7.910000e-004
9.062480e-001 -7.939800e-002 1.015120e-001
9.067680e-001 -7.507800e-002 -5.700000e-003
9.069730e-001 -8.490900e-002 6.909000e-003
9.068190e-001 -7.776900e-002 -1.716000e-003
9.085070e-001 -8.760100e-002 1.466800e-002
9.069320e-001 1.377490e-001 -5.054800e-002
9.074170e-001 1.431750e-001 4.027500e-002
9.082300e-001 -8.518400e-002 9.306600e-002
9.084820e-001 -7.659400e-002 -1.183900e-002
9.094290e-001 -8.038500e-002 9.735700e-002
9.124590e-001 1.435050e-001 -3.878600e-002
9.133640e-001 1.459440e-001 -2.799300e-002
9.103060e-001 1.532590e-001 8.629800e-002
9.118040e-001 1.533220e-001 1.162000e-001
9.175230e-001 -1.043240e-001 3.443300e-002
9.108450e-001 -8.922300e-002 1.240330e-001
9.129500e-001 -9.376700e-002 1.469500e-002
9.118660e-001 -1.064690e-001 4.961300e-002
9.118930e-001 1.546930e-001 9.837600e-002
9.142740e-001 -7.621500e-002 -1.483700e-002
9.127170e-001 -7.296700e-002 -7.207000e-003
9.154040e-001 -1.011080e-001 8.465800e-002
9.127750e-001 -8.036200e-002 1.031030e-001
9.150030e-001 1.507720e-001 6.398200e-002
9.157810e-001 -1.069930e-001 7.522800e-002
9.145520e-001 -7.435900e-002 -4.815000e-003
9.204510e-001 -7.928500e-002 -2.381300e-002
9.200270e-001 -8.440600e-002 1.102000e-003
9.168790e-001 1.491850e-001 4.635500e-002
9.155050e-001 -8.070300e-002 -5.179000e-003
9.164400e-001 -9.396000e-002 9.273800e-002
9.209240e-001 1.492040e-001 -3.740000e-004
9.152040e-001 1.478510e-001 -1.445300e-002
9.165540e-001 1.548030e-001 7.808700e-002
9.179300e-001 1.535800e-001 1.253830e-001
9.184090e-001 -9.223400e-002 6.957000e-003
9.179220e-001 1.474920e-001 1.398800e-002
9.229040e-001 -1.142810e-001 5.383300e-002
9.237870e-001 -8.201900e-002 -1.010100e-002
9.233540e-001 -8.342300e-002 9.975400e-002
9.215910e-001 -8.946000e-002 1.286210e-001
9.199660e-001 -8.199500e-002 1.094030e-001
9.198110e-001 -7.991200e-002 1.024170e-001
9.202190e-001 -1.002660e-001 8.786500e-002
9.204830e-001 -7.747200e-002 -1.884100e-002
9.252220e-001 -8.296200e-002 1.156850e-001
9.202930e-001 -9.161000e-002 1.371820e-001
9.223430e-001 -7.783500e-002 -1.238900e-002
9.263080e-001 -8.532600e-002 -5.432000e-003
9.215540e-001 -7.726400e-002 1.017730e-001
9.214820e-001 1.576640e-001 9.208300e-002
9.238110e-001 1.433370e-001 -5.066200e-002
9.237290e-001 -9.700600e-002 1.016500e-002
9.268550e-001 1.510800e-001 1.251300e-002
9.252780e-001 -7.757500e-002 1.055030e-001
9.266720e-001 -9.411200e-002 9.914800e-002
9.277250e-001 1.518460e-001 -1.724700e-002
9.260090e-001 1.505580e-001 -2.588900e-002
9.261440e-001 -1.172680e-001 6.517900e-002
9.263820e-001 -7.903700e-002 1.025880e-001
9.291610e-001 -1.065920e-001 8.840200e-002
9.270610e-001 1.582460e-001 7.925200e-002
9.271210e-001 -8.314000e-002 -8.301000e-003
9.272780e-001 -9.160000e-002 1.469610e-001
9.301730e-001 -1.180660e-001 7.290100e-002
9.296830e-001 -8.251500e-002 1.022480e-001
9.279040e-001 1.526650e-001 1.369560e-001
9.281430e-001 1.591510e-001 1.030990e-001
9.277980e-001 -1.109640e-001 8.212600e-002
9.304790e-001 -1.079780e-001 2.531900e-002
9.321720e-001 -9.365900e-002 -8.040000e-003
9.294940e-001 1.479980e-001 -4.123900e-002
9.293190e-001 1.561070e-001 6.386800e-002
9.294850e-001 -9.119500e-002 1.030960e-001
9.361740e-001 -1.210030e-001 6.221600e-002
9.298670e-001 -7.552100e-002 1.072600e-001
9.300010e-001 -8.246700e-002 1.185950e-001
9.328120e-001 -8.023200e-002 -2.092200e-002
9.314670e-001 -8.217900e-002 -3.259000e-002
9.399420e-001 1.396590e-001 -6.492800e-002
9.304990e-001 -1.160700e-001 4.852100e-002
9.318950e-001 -8.624300e-002 1.276150e-001
9.309860e-001 1.545550e-001 4.524000e-002
9.346630e-001 1.582190e-001 1.187800e-001
9.318430e-001 1.320310e-001 -7.380200e-002
9.347830e-001 1.532890e-001 9.160000e-004
9.346830e-001 -8.904600e-002 1.396120e-001
9.409470e-001 -8.313600e-002 -3.743000e-002
9.333940e-001 -1.108670e-001 3.003200e-002
9.338260e-001 -8.114300e-002 -1.541000e-002
9.382840e-001 -8.873200e-002 -2.092600e-002
9.366750e-001 -7.757200e-002 1.079970e-001
9.340510e-001 -7.764900e-002 1.103630e-001
9.341280e-001 -8.453400e-002 1.224580e-001
9.369990e-001 1.505310e-001 1.453930e-001
9.354060e-001 1.538650e-001 1.904900e-002
9.400150e-001 -8.614600e-002 1.127250e-001
9.362830e-001 -9.799800e-002 1.009480e-001
9.360540e-001 1.606280e-001 8.366600e-002
9.386460e-001 -9.916500e-002 -2.547000e-003
9.365860e-001 -9.091700e-002 1.089550e-001
9.428220e-001 -8.817900e-002 1.606330e-001
9.368260e-001 -1.052820e-001 9.571300e-002
9.398170e-001 -8.287600e-002 -2.618000e-002
9.369730e-001 -1.216430e-001 6.983300e-002
9.395470e-001 -1.198050e-001 5.429900e-002
9.388690e-001 -7.592600e-002 1.122660e-001
9.385790e-001 1.583190e-001 6.469400e-002
9.431460e-001 1.619810e-001 9.540100e-002
9.392110e-001 -1.089380e-001 1.794100e-002
9.420650e-001 1.567200e-001 4.396600e-002
9.415910e-001 -1.116230e-001 3.431300e-002
9.418590e-001 -1.058910e-001 5.642000e-003
9.457750e-001 1.284260e-001 -8.033500e-002
9.399230e-001 -1.177140e-001 8.547700e-002
9.506810e-001 -8.512900e-002 -4.946000e-002
9.407820e-001 -8.462800e-002 1.316400e-001
9.399910e-001 -7.765900e-002 1.188820e-001
9.474830e-001 1.564030e-001 1.314060e-001
9.406060e-001 1.548730e-001 -1.431100e-002
9.434940e-001 -8.972400e-002 -2.447500e-002
9.409360e-001 -1.212400e-001 7.895400e-002
9.421550e-001 1.462040e-001 -5.307300e-002
9.423860e-001 -9.505800e-002 -1.404100e-002
9.425160e-001 -7.994900e-002 1.148660e-001
9.451650e-001 -9.456200e-002 1.089000e-001
9.423430e-001 1.513790e-001 -3.878600e-002
9.433890e-001 -1.045700e-001 1.012110e-001
9.440020e-001 1.541610e-001 -2.730300e-002
9.441080e-001 -7.848400e-002 1.199690e-001
9.442670e-001 -8.460700e-002 1.312320e-001
9.446690e-001 -1.131450e-001 3.698800e-002
9.452060e-001 -1.223660e-001 7.763500e-002
9.447740e-001 -1.118560e-001 9.747200e-002
9.450590e-001 -1.223570e-001 6.648100e-002
9.465120e-001 -8.423500e-002 -3.364800e-002
9.453580e-001 -1.077580e-001 1.993500e-002
9.454770e-001 -1.189680e-001 8.837900e-002
9.454530e-001 1.553820e-001 3.374000e-003
9.502360e-001 -1.196270e-001 4.884900e-002
9.506640e-001 -1.038960e-001 -9.276000e-003
9.502780e-001 1.620250e-001 1.041440e-001
9.477190e-001 -1.063560e-001 3.857000e-003
9.506350e-001 -9.974600e-002 -1.811900e-002
9.511100e-001 -8.567100e-002 1.204720e-001
9.503970e-001 1.567020e-001 2.239700e-002
9.516820e-001 -1.068640e-001 1.895100e-002
9.493720e-001 1.475710e-001 1.524380e-001
9.487700e-001 1.352110e-001 -7.289400e-002
9.488900e-001 -9.817200e-002 1.087880e-001
9.522320e-001 1.619080e-001 7.991500e-002
9.496090e-001 -1.159060e-001 3.726900e-002
9.495970e-001 -8.476100e-002 1.404130e-001
9.496040e-001 -7.887700e-002 1.272760e-001
9.534660e-001 -7.941000e-002 1.270500e-001
9.548970e-001 -8.050400e-002 1.258250e-001
9.533230e-001 -9.065100e-002 -2.969700e-002
9.553600e-001 1.506250e-001 -4.587700e-002
9.541790e-001 1.524760e-001 1.428120e-001
9.552830e-001 1.566090e-001 -1.392500e-002
9.517060e-001 1.609830e-001 1.132150e-001
9.594280e-001 1.109970e-001 -9.476300e-002
9.520460e-001 -8.552700e-002 1.519670e-001
9.582230e-001 -1.189480e-001 4.687700e-002
9.608150e-001 -1.075980e-001 1.150230e-001
9.569550e-001 -1.135390e-001 1.048750e-001
9.538830e-001 -8.338300e-002 1.759040e-001
9.564920e-001 -1.215800e-001 7.469000e-002
9.539800e-001 -8.406000e-002 1.396930e-001
9.544600e-001 -1.200000e-001 9.066500e-002
9.585740e-001 -8.512000e-002 -4.290600e-002
9.544440e-001 -1.048550e-001 1.121240e-001
9.553490e-001 1.548580e-001 -3.108300e-002
9.559080e-001 -9.323900e-002 1.158320e-001
9.568980e-001 -1.020850e-001 -1.919000e-002
9.579390e-001 1.449410e-001 -5.938800e-002
9.571540e-001 -1.024270e-001 -1.402100e-002
9.615600e-001 -9.911400e-002 -1.136100e-002
9.604150e-001 1.598880e-001 5.926000e-002
9.612270e-001 -1.143060e-001 1.055480e-001
9.608260e-001 -1.026070e-001 4.502000e-003
9.613630e-001 -8.584300e-002 1.251200e-001
9.605630e-001 -8.249700e-002 1.639840e-001
9.582760e-001 1.566320e-001 9.210000e-004
9.657380e-001 1.319340e-001 -7.767500e-002
9.640340e-001 -1.146380e-001 2.268900e-002
9.652480e-001 -9.616400e-002 -4.130300e-002
9.614700e-001 -9.992600e-002 -4.742000e-003
9.660950e-001 1.600410e-001 1.192020e-001
9.603560e-001 1.259010e-001 -8.357600e-002
9.691340e-001 -7.673900e-002 1.799980e-001
9.652560e-001 1.451180e-001 1.556590e-001
9.684840e-001 -1.187870e-001 9.392700e-002
9.663070e-001 -1.114650e-001 1.135200e-002
9.614960e-001 -8.226000e-002 1.487020e-001
9.650910e-001 -9.333800e-002 -4.463000e-002
9.611450e-001 -7.944200e-002 1.379060e-001
9.662680e-001 1.631360e-001 9.454600e-002
9.618970e-001 -8.941400e-002 1.207850e-001
9.647950e-001 1.626510e-001 8.331100e-002
9.676350e-001 -1.167480e-001 1.015890e-001
9.624360e-001 1.396180e-001 -6.829900e-002
9.628000e-001 -1.187870e-001 6.116800e-002
9.696920e-001 1.582870e-001 3.989200e-002
9.642560e-001 -8.716400e-002 -4.721600e-002
9.635130e-001 1.624060e-001 1.054470e-001
9.729720e-001 1.568930e-001 1.294180e-001
9.683400e-001 -9.816000e-002 1.292350e-001
9.640870e-001 -1.096200e-001 9.937000e-003
9.658160e-001 -9.243300e-002 1.278200e-001
9.696190e-001 1.383360e-001 1.643630e-001
9.657090e-001 -8.036400e-002 1.341960e-001
9.702410e-001 -9.623900e-002 -3.879300e-002
9.690100e-001 -9.889000e-002 -9.031000e-003
9.688820e-001 -1.132470e-001 1.089060e-001
9.720560e-001 -9.475700e-002 -4.923500e-002
9.718020e-001 -1.003290e-001 1.296960e-001
9.677920e-001 -1.158490e-001 3.411600e-002
9.674630e-001 -7.940600e-002 1.477140e-001
9.690080e-001 -8.282300e-002 1.322390e-001
9.688260e-001 1.543720e-001 -3.474000e-002
9.741090e-001 1.488590e-001 1.481090e-001
9.688210e-001 1.566630e-001 5.920000e-003
9.727080e-001 1.534540e-001 1.387540e-001
9.704190e-001 -9.473400e-002 -2.317300e-002
9.744590e-001 -8.551300e-002 -6.177100e-002
9.694090e-001 1.566490e-001 -1.921300e-002
9.712720e-001 -7.912600e-002 1.422250e-001
9.744980e-001 -1.132310e-001 4.060300e-002
9.705730e-001 -1.176900e-001 6.100000e-002
9.737900e-001 1.490300e-001 -5.167300e-002
9.720110e-001 1.270690e-001 1.759750e-001
9.784190e-001 -9.427100e-002 -2.582700e-002
9.812100e-001 -7.358600e-002 1.689670e-001
9.728270e-001 -7.820000e-002 1.567460e-001
9.728180e-001 -1.076050e-001 1.168810e-001
9.782890e-001 -1.113010e-001 1.097270e-001
9.792040e-001 -1.114440e-001 2.337700e-002
9.769460e-001 -9.040800e-002 -6.116400e-002
9.741670e-001 -8.999200e-002 1.375850e-001
9.743330e-001 1.606390e-001 7.084800e-002
9.817730e-001 -6.846000e-002 1.889010e-001
9.796540e-001 -8.930800e-002 -4.524300e-002
9.754510e-001 -1.047740e-001 -9.735000e-003
9.791530e-001 -1.081450e-001 -3.261000e-003
9.839880e-001 -1.159020e-001 6.779500e-002
9.772630e-001 -1.173060e-001 8.561000e-002
9.780070e-001 -9.358500e-002 1.396860e-001
9.881390e-001 1.018730e-001 -1.020360e-001
9.832970e-001 1.589830e-001 1.187290e-001
9.788640e-001 -8.357100e-002 -7.088100e-002
9.783980e-001 -9.800400e-002 1.339780e-001
9.817710e-001 8.902600e-002 -1.080260e-001
9.785270e-001 -1.040010e-001 1.191030e-001
9.824450e-001 1.554670e-001 -2.401500e-002
9.783830e-001 1.563840e-001 -1.333500e-002
9.793200e-001 -8.818700e-002 1.440700e-001
9.787600e-001 -1.099230e-001 1.520500e-002
9.894870e-001 -6.109400e-002 1.967530e-001
9.814550e-001 1.615530e-001 8.376200e-002
9.819930e-001 -8.991500e-002 -3.802600e-002
9.829480e-001 -1.047410e-001 -1.481700e-002
1.004250e+000 -4.048200e-002 2.108870e-001
9.813580e-001 1.453840e-001 -5.867400e-002
9.796670e-001 -7.907200e-002 1.480330e-001
9.828470e-001 -8.945600e-002 -6.349200e-002
9.807760e-001 -8.479000e-002 -6.980900e-002
9.817060e-001 -1.151640e-001 1.023650e-001
9.982540e-001 1.115760e-001 -9.619900e-002
9.812390e-001 1.374280e-001 -7.143500e-002
9.824090e-001 1.612260e-001 1.061470e-001
9.818010e-001 1.557610e-001 2.141000e-003
9.874060e-001 -1.146780e-001 5.534700e-002
9.827650e-001 -1.129920e-001 1.079760e-001
9.858790e-001 1.387410e-001 1.605810e-001
9.837170e-001 -1.044180e-001 1.181650e-001
9.815000e-001 1.154920e-001 1.815710e-001
9.815350e-001 1.303830e-001 1.701720e-001
9.818400e-001 1.507470e-001 -4.622900e-002
9.852380e-001 -1.064040e-001 -2.299000e-003
9.925900e-001 -1.063240e-001 2.034100e-002
9.875140e-001 -1.000890e-001 -2.801600e-002
9.877100e-001 -8.494800e-002 -7.608800e-002
9.834010e-001 -8.045300e-002 1.494840e-001
9.834010e-001 1.580150e-001 5.530600e-002
9.836330e-001 -7.688300e-002 1.543290e-001
9.855050e-001 -1.130710e-001 4.094100e-002
9.853590e-001 -8.038100e-002 -7.838600e-002
9.857540e-001 -8.984600e-002 -3.958800e-002
9.844670e-001 1.617780e-001 9.600600e-002
9.898920e-001 -1.048220e-001 3.728000e-003
9.915710e-001 -1.063360e-001 1.201750e-001
9.875880e-001 1.003320e-001 1.891440e-001
9.852180e-001 1.535100e-001 -3.449900e-002
9.852610e-001 -7.067200e-002 1.760330e-001
9.874070e-001 -8.807600e-002 1.493430e-001
9.857790e-001 1.563710e-001 3.322000e-002
9.947270e-001 1.250020e-001 -8.457800e-002
9.859810e-001 1.508180e-001 1.415340e-001
9.861300e-001 -8.571700e-002 -5.292200e-002
9.881440e-001 -9.255500e-002 1.365700e-001
9.884820e-001 1.200840e-001 1.777920e-001
9.888630e-001 -9.640400e-002 1.288010e-001
9.866490e-001 1.547820e-001 1.318310e-001
9.872210e-001 1.447540e-001 1.521340e-001
9.889710e-001 -8.418200e-002 -6.465900e-002
9.879820e-001 -1.128380e-001 8.582700e-002
9.918740e-001 -1.076420e-001 2.537600e-002
9.912060e-001 -8.346700e-002 -7.713200e-002
9.916880e-001 -1.100430e-001 1.025370e-001
9.911440e-001 -1.017770e-001 -2.481100e-002
9.897510e-001 -7.740500e-002 -8.584100e-002
9.899450e-001 -1.142760e-001 7.534800e-002
9.939070e-001 -8.190300e-002 -7.000400e-002
9.904890e-001 -7.200700e-002 1.680010e-001
1.000330e+000 -5.189500e-002 2.019820e-001
9.954640e-001 1.414090e-001 -6.311200e-002
9.909070e-001 -8.654400e-002 -5.154900e-002
9.950820e-001 1.596580e-001 9.036500e-002
9.996040e-001 1.520930e-001 -2.664500e-002
9.936690e-001 -1.006570e-001 -1.665800e-002
9.950460e-001 -7.239600e-002 -9.283200e-002
9.987580e-001 1.527490e-001 2.536000e-003
9.938790e-001 -9.547600e-002 1.306220e-001
9.927590e-001 -1.149430e-001 6.277000e-002
9.937310e-001 1.040980e-001 1.876260e-001
9.942680e-001 -7.730100e-002 1.602330e-001
9.977360e-001 -9.055900e-002 -4.963800e-002
9.930500e-001 1.544530e-001 -1.505900e-002
1.003050e+000 1.294810e-001 -7.816200e-002
9.982910e-001 -7.144900e-002 1.678800e-001
9.936660e-001 -1.064930e-001 9.894000e-003
9.939040e-001 -6.681800e-002 1.789310e-001
9.961740e-001 -8.674600e-002 1.422900e-001
9.990800e-001 -7.812500e-002 -7.984800e-002
9.978460e-001 -7.725900e-002 -8.993000e-002
9.960210e-001 1.553060e-001 5.004900e-002
1.005230e+000 1.488690e-001 1.372380e-001
9.951100e-001 -1.113100e-001 8.449500e-002
9.948650e-001 -8.382800e-002 1.533620e-001
9.951820e-001 -1.129730e-001 4.313800e-002
9.994180e-001 -9.805500e-002 -3.664100e-002
9.953680e-001 1.516780e-001 -3.550600e-002
9.980130e-001 -1.004740e-001 1.297630e-001
9.979160e-001 8.577800e-002 1.968890e-001
9.988150e-001 -1.083880e-001 2.168700e-002
9.962770e-001 -1.069660e-001 9.796700e-002
9.979740e-001 -9.604600e-002 -4.154000e-002
9.971350e-001 -1.066750e-001 1.163990e-001
9.967040e-001 -1.142820e-001 7.238500e-002
9.978550e-001 8.543000e-002 -1.114940e-001
9.988010e-001 1.533640e-001 2.350400e-002
9.993220e-001 -9.848300e-002 -3.206000e-002
9.981750e-001 -7.501200e-002 -9.363400e-002
9.987860e-001 -1.012410e-001 -4.585000e-003
9.993610e-001 -1.035780e-001 1.256490e-001
1.004870e+000 1.552570e-001 1.168380e-001
9.986860e-001 -8.493200e-002 -5.954700e-002
1.007690e+000 -1.108250e-001 2.779300e-002
9.994400e-001 -7.835600e-002 1.616440e-001
1.001360e+000 1.449060e-001 1.472100e-001
1.000310e+000 1.086330e-001 1.827580e-001
1.000500e+000 1.582620e-001 1.037870e-001
1.008260e+000 1.317960e-001 1.631560e-001
9.995270e-001 6.345100e-002 -1.204820e-001
1.002740e+000 -1.031100e-001 -4.240000e-004
1.009390e+000 1.383410e-001 1.545920e-001
1.000270e+000 -1.075750e-001 9.275500e-002
1.000980e+000 -8.177200e-002 1.468930e-001
1.000700e+000 1.472030e-001 -4.837000e-002
1.004740e+000 5.716900e-002 2.062110e-001
1.000040e+000 -5.876500e-002 1.907620e-001
1.003980e+000 -9.820200e-002 -1.883500e-002
1.003550e+000 -1.149110e-001 5.420200e-002
1.004890e+000 1.184460e-001 -9.008200e-002
1.000600e+000 -9.290700e-002 1.368380e-001
1.006410e+000 -1.019630e-001 3.349000e-003
1.000760e+000 7.182100e-002 2.025160e-001
1.004300e+000 -9.451400e-002 -2.861800e-002
1.004370e+000 -1.006000e-001 1.054740e-001
1.005720e+000 1.524840e-001 1.267980e-001
1.003410e+000 9.174000e-002 1.911370e-001
1.003460e+000 -7.945500e-002 1.527250e-001
1.005580e+000 -1.132100e-001 7.497200e-002
1.004670e+000 -1.132720e-001 3.887500e-002
1.002380e+000 1.553720e-001 6.898700e-002
1.002530e+000 1.369180e-001 -6.857000e-002
1.004500e+000 -7.485300e-002 1.672500e-001
1.003260e+000 -1.147430e-001 6.524700e-002
1.003810e+000 -6.873500e-002 -1.006840e-001
1.004030e+000 -7.412300e-002 -8.700800e-002
1.005710e+000 -6.604400e-002 1.753440e-001
1.010360e+000 5.763700e-002 -1.229920e-001
1.004500e+000 7.663500e-002 1.980450e-001
1.006560e+000 -9.488900e-002 1.401360e-001
1.007290e+000 -9.769400e-002 1.338180e-001
1.004660e+000 -8.559000e-002 -5.966100e-002
1.008480e+000 -1.024190e-001 5.477000e-003
1.010000e+000 -8.053800e-002 1.526780e-001
1.005740e+000 -9.836500e-002 1.119790e-001
1.006140e+000 9.541100e-002 -1.068480e-001
1.005700e+000 -1.000650e-001 1.227380e-001
1.006540e+000 -1.135560e-001 6.319900e-002
1.012180e+000 -8.667600e-002 -6.438800e-002
1.006160e+000 1.509050e-001 -1.553600e-002
1.006230e+000 -1.130930e-001 4.553100e-002
1.017930e+000 8.150800e-002 -1.144840e-001
1.006370e+000 -6.248800e-002 1.823880e-001
1.008780e+000 -1.056380e-001 9.804500e-002
1.007700e+000 -7.509100e-002 1.576680e-001
1.008830e+000 1.512880e-001 4.397200e-002
1.010250e+000 -8.952500e-002 1.480640e-001
1.014210e+000 2.931600e-002 -1.280240e-001
1.006990e+000 1.204250e-001 1.738650e-001
1.010840e+000 -4.795100e-002 2.005290e-001
1.007210e+000 -1.097400e-001 8.886800e-002
1.007480e+000 1.417470e-001 -5.728100e-002
1.007920e+000 -1.072320e-001 1.506500e-002
1.009090e+000 -1.042890e-001 8.484000e-003
1.007900e+000 -8.099400e-002 -7.031400e-002
1.010350e+000 -9.237200e-002 -5.223300e-002
1.009040e+000 -1.103120e-001 7.847700e-002
1.009790e+000 1.494390e-001 7.560000e-003
1.013160e+000 -1.845400e-002 2.171920e-001
1.012270e+000 -6.009400e-002 1.838060e-001
1.008790e+000 -1.103770e-001 3.346300e-002
1.011710e+000 1.393000e-003 2.183560e-001
1.008940e+000 -9.778400e-002 -1.516400e-002
1.010900e+000 2.206700e-002 2.146990e-001
1.009560e+000 -6.816000e-002 1.735890e-001
1.011080e+000 -1.057870e-001 6.536800e-002
1.009800e+000 6.734900e-002 2.007010e-001
1.011110e+000 -1.003500e-001 -9.794000e-003
1.012850e+000 -9.297500e-002 1.385800e-001
1.013010e+000 -9.082600e-002 1.220310e-001
1.018560e+000 1.528100e-001 1.008750e-001
1.014740e+000 -7.401300e-002 1.605830e-001
1.010520e+000 -1.063620e-001 5.187500e-002
1.011360e+000 -1.054810e-001 9.592500e-002
1.011950e+000 -9.119600e-002 -3.395800e-002
1.010860e+000 -7.053800e-002 1.680150e-001
1.011960e+000 -9.329700e-002 1.162730e-001
1.016330e+000 -5.702500e-002 1.881000e-001
1.018090e+000 -8.753400e-002 -4.529500e-002
1.017340e+000 1.051420e-001 -9.969000e-002
1.012240e+000 1.545480e-001 8.842800e-002
1.012710e+000 -9.072500e-002 1.473970e-001
1.012140e+000 -1.052650e-001 7.644900e-002
1.009260e+000 -6.817700e-002 -9.634500e-002
1.015270e+000 1.451240e-001 -3.953200e-002
1.015210e+000 1.318350e-001 -7.126800e-002
1.017190e+000 1.463910e-001 -2.281300e-002
1.014210e+000 -6.588300e-002 1.778160e-001
1.020680e+000 2.995000e-002 2.105350e-001
1.013200e+000 -1.060400e-001 3.250600e-002
1.013340e+000 1.009130e-001 1.858580e-001
1.016110e+000 6.855300e-002 -1.195870e-001
1.017560e+000 9.046600e-002 1.909460e-001
1.017200e+000 -8.726900e-002 1.391840e-001
1.014940e+000 -8.802000e-002 1.272400e-001
1.019400e+000 -9.375000e-003 2.150400e-001
1.014360e+000 -1.017610e-001 1.029110e-001
1.014500e+000 -1.043560e-001 1.498000e-002
1.014570e+000 -2.699600e-002 2.139320e-001
1.015530e+000 -9.399100e-002 -2.953700e-002
1.014870e+000 -6.299800e-002 -1.017550e-001
1.019300e+000 -3.878200e-002 2.045420e-001
1.014740e+000 -1.036580e-001 7.228300e-002
1.016370e+000 1.486370e-001 4.512600e-002
1.014840e+000 -9.831000e-002 1.095210e-001
1.020650e+000 7.423600e-002 1.981100e-001
1.015100e+000 -6.871200e-002 1.669520e-001
1.016050e+000 -5.639600e-002 -1.083830e-001
1.017600e+000 -8.970900e-002 -5.292900e-002
1.015530e+000 -9.943600e-002 9.333400e-002
1.017800e+000 5.029700e-002 2.067300e-001
1.018240e+000 -4.844700e-002 -1.144190e-001
1.017930e+000 -9.453900e-002 -1.994300e-002
1.015980e+000 4.022700e-002 2.090780e-001
1.016780e+000 -9.903400e-002 -5.564000e-003
1.016590e+000 -1.060780e-001 4.977500e-002
1.016930e+000 1.390040e-001 -5.681600e-002
1.017230e+000 -8.683700e-002 -6.411700e-002
1.019810e+000 -9.859400e-002 9.104700e-002
1.019150e+000 -8.494500e-002 1.265920e-001
1.017530e+000 -7.812100e-002 -7.731600e-002
1.018150e+000 -8.109300e-002 1.610570e-001
1.017800e+000 6.265000e-003 2.146020e-001
1.018750e+000 -8.281800e-002 1.326380e-001
1.018350e+000 1.222520e-001 -8.279900e-002
1.020690e+000 -3.814000e-002 -1.191130e-001
1.019040e+000 -9.230700e-002 1.175750e-001
1.022790e+000 1.544800e-002 2.130510e-001
1.020690e+000 -4.597500e-002 1.980440e-001
1.019950e+000 -6.804900e-002 1.697490e-001
1.018950e+000 1.238070e-001 1.687930e-001
1.019110e+000 9.124900e-002 -1.088710e-001
1.023820e+000 -5.888400e-002 1.823910e-001
1.021080e+000 -1.021500e-001 7.924000e-002
1.020200e+000 -9.490500e-002 1.009060e-001
1.019430e+000 1.465880e-001 1.328890e-001
1.022100e+000 1.119580e-001 -9.276300e-002
1.019730e+000 -8.340100e-002 1.579800e-001
1.020140e+000 4.434800e-002 -1.258960e-001
1.019640e+000 -8.535000e-002 1.488340e-001
1.019790e+000 1.414610e-001 1.447870e-001
1.021640e+000 -2.686400e-002 -1.232900e-001
1.020290e+000 -1.058870e-001 6.351800e-002
1.020320e+000 1.517430e-001 1.100480e-001
1.020460e+000 -1.052080e-001 2.122300e-002
1.020670e+000 -5.826100e-002 1.870980e-001
1.024520e+000 -1.868000e-002 2.110710e-001
1.023790e+000 1.502270e-001 9.094500e-002
1.021060e+000 -1.018880e-001 3.833000e-003
1.024270e+000 -6.090500e-002 1.792880e-001
1.024260e+000 -8.078400e-002 -7.465700e-002
1.024390e+000 1.431960e-001 1.616300e-002
1.022620e+000 -1.089150e-001 4.999100e-002
1.022580e+000 -1.076630e-001 3.620600e-002
1.022650e+000 -7.515200e-002 1.697280e-001
1.022840e+000 -8.599500e-002 -4.580600e-002
1.023400e+000 -9.603300e-002 -1.550400e-002
1.023700e+000 1.128710e-001 1.769250e-001
1.022470e+000 -9.023600e-002 -3.614900e-002
1.024200e+000 -6.202200e-002 -9.869500e-002
1.022650e+000 -1.184000e-003 -1.279500e-001
1.025830e+000 -9.246200e-002 -2.629800e-002
1.029120e+000 1.461900e-001 1.213600e-001
1.024160e+000 -7.749400e-002 1.627910e-001
1.027190e+000 -7.031900e-002 -8.773600e-002
1.025670e+000 -4.797600e-002 1.937860e-001
1.025570e+000 1.291830e-001 1.608100e-001
1.024170e+000 -8.760300e-002 1.154250e-001
1.024870e+000 -1.005200e-001 9.316400e-002
1.027620e+000 -6.575500e-002 1.807140e-001
1.024320e+000 -2.769000e-002 2.080530e-001
1.029130e+000 6.399900e-002 -1.199290e-001
1.024500e+000 -7.795500e-002 1.373730e-001
1.026780e+000 7.300000e-003 2.122820e-001
1.025100e+000 -8.461800e-002 -5.766400e-002
1.031240e+000 1.253450e-001 -7.154700e-002
1.025600e+000 -1.055720e-001 7.533800e-002
1.025700e+000 -9.355700e-002 1.042970e-001
1.027830e+000 -7.161600e-002 1.572670e-001
1.026590e+000 -3.656400e-002 2.030160e-001
1.026180e+000 -1.074600e-001 2.437400e-002
1.027650e+000 -1.032900e-001 2.941000e-003
1.026080e+000 -1.079760e-001 6.172400e-002
1.026650e+000 -7.479800e-002 1.455640e-001
1.026790e+000 -8.101400e-002 -6.678200e-002
1.028650e+000 -1.309000e-003 -1.265850e-001
1.027670e+000 -2.299500e-002 -1.230290e-001
1.033360e+000 -8.158400e-002 -6.028500e-002
1.027510e+000 1.411400e-001 -5.700000e-003
1.028780e+000 1.989400e-002 2.107720e-001
1.028160e+000 1.443440e-001 6.102500e-002
1.029330e+000 -6.553300e-002 1.792970e-001
1.028240e+000 -5.498300e-002 1.869120e-001
1.031370e+000 6.081100e-002 2.026360e-001
1.028410e+000 -9.978800e-002 -8.286000e-003
1.028500e+000 9.158400e-002 -1.070500e-001
1.030330e+000 -8.098400e-002 1.284350e-001
1.028090e+000 -1.032200e-001 8.686300e-002
1.032010e+000 9.385900e-002 1.875820e-001
1.028930e+000 -8.688200e-002 1.162600e-001
1.028890e+000 1.398690e-001 -3.481000e-002
1.030660e+000 4.022300e-002 2.081920e-001
1.028250e+000 1.364360e-001 -5.112000e-002
1.030830e+000 -6.348400e-002 -9.500400e-002
1.031020e+000 -5.215400e-002 -1.059900e-001
1.031440e+000 -7.263000e-002 -8.286600e-002
1.029800e+000 -3.378000e-003 2.118490e-001
1.029290e+000 -1.083530e-001 4.122900e-002
1.029520e+000 -3.376800e-002 -1.183690e-001
1.029940e+000 -1.079910e-001 6.894300e-002
1.031360e+000 2.312500e-002 -1.270560e-001
1.031050e+000 -8.661700e-002 -4.429900e-002
1.031950e+000 -5.730800e-002 1.891210e-001
1.030080e+000 -3.713900e-002 2.026630e-001
1.033180e+000 1.298590e-001 -6.140600e-002
1.031140e+000 -1.066220e-001 1.658300e-002
1.031960e+000 1.332830e-001 1.514380e-001
1.033280e+000 -1.039040e-001 4.969000e-003
1.033150e+000 -9.120400e-002 1.094690e-001
1.031300e+000 1.173660e-001 -8.309500e-002
1.031670e+000 -7.715400e-002 1.372860e-001
1.034050e+000 3.630700e-002 -1.254590e-001
1.034040e+000 -9.968900e-002 9.078200e-002
1.034250e+000 -5.822400e-002 1.787700e-001
1.034760e+000 1.368520e-001 1.422120e-001
1.032860e+000 -3.775300e-002 2.007700e-001
1.036930e+000 1.014370e-001 -9.737300e-002
1.032420e+000 -5.159500e-002 1.922750e-001
1.033100e+000 -2.022000e-002 2.082120e-001
1.032510e+000 1.465210e-001 1.103160e-001
1.037100e+000 -4.562600e-002 -1.085240e-001
1.033470e+000 4.740500e-002 -1.239200e-001
1.033280e+000 -6.418300e-002 1.676660e-001
1.037730e+000 -7.262600e-002 -7.628400e-002
1.033520e+000 1.414950e-001 1.323790e-001
1.034390e+000 -8.698000e-002 1.207840e-001
1.034080e+000 9.060000e-003 2.123760e-001
1.035320e+000 -9.356300e-002 1.077280e-001
1.034000e+000 -5.113400e-002 1.948140e-001
1.035970e+000 -3.974800e-002 2.021820e-001
1.034870e+000 1.139640e-001 1.732230e-001
1.034390e+000 -1.054980e-001 3.494000e-002
1.044790e+000 7.291900e-002 1.964270e-001
1.034300e+000 -1.018630e-001 -4.046000e-003
1.034680e+000 -1.048710e-001 5.651400e-002
1.040960e+000 1.356690e-001 4.842600e-002
1.035360e+000 1.439870e-001 8.637200e-002
1.034930e+000 -1.059400e-002 -1.227510e-001
1.037500e+000 1.046700e-002 -1.253820e-001
1.035240e+000 -1.035950e-001 6.789200e-002
1.035620e+000 -2.704300e-002 -1.180070e-001
1.037310e+000 -1.277000e-002 2.098650e-001
1.042470e+000 5.404400e-002 2.036580e-001
1.035710e+000 -5.867300e-002 -9.902300e-002
1.038480e+000 -5.367700e-002 -1.002510e-001
1.036670e+000 -1.002770e-001 8.150800e-002
1.037040e+000 1.444640e-001 1.011800e-001
1.036710e+000 1.354270e-001 -1.161500e-002
1.038380e+000 1.200750e-001 1.655560e-001
1.036710e+000 7.737500e-002 -1.130530e-001
1.036990e+000 -5.031000e-002 1.878830e-001
1.037290e+000 1.354420e-001 1.405900e-002
1.037540e+000 2.866400e-002 2.090410e-001
1.038230e+000 -9.519800e-002 -2.064300e-002
1.037830e+000 1.021210e-001 1.813780e-001
1.038040e+000 -1.034600e-001 1.187900e-002
1.038010e+000 -3.243900e-002 2.051390e-001
1.038020e+000 -4.095900e-002 1.990130e-001
1.038940e+000 9.035700e-002 -1.047640e-001
1.038620e+000 -3.825100e-002 -1.114800e-001
1.038410e+000 -9.402000e-002 1.059330e-001
1.038870e+000 1.520000e-004 2.107200e-001
1.038980e+000 1.090250e-001 -8.886800e-002
1.044450e+000 1.392190e-001 1.167660e-001
1.040630e+000 1.322950e-001 -3.624800e-002
1.042300e+000 1.275860e-001 -5.366600e-002
1.041350e+000 -9.421800e-002 9.865400e-002
1.041670e+000 -5.588700e-002 1.778720e-001
1.039950e+000 -9.971700e-002 -3.657000e-003
1.040400e+000 -7.898500e-002 -6.271400e-002
1.040090e+000 -3.401600e-002 2.009270e-001
1.041200e+000 -8.117500e-002 1.313240e-001
1.040570e+000 -6.135600e-002 -9.073800e-002
1.043550e+000 -8.618300e-002 -4.247100e-002
1.041680e+000 -2.330000e-003 -1.232350e-001
1.042720e+000 -6.166000e-002 1.653390e-001
1.043360e+000 -4.713200e-002 1.883760e-001
1.041550e+000 -2.202800e-002 2.055240e-001
1.041920e+000 6.388800e-002 -1.169980e-001
1.041680e+000 -8.880800e-002 1.163650e-001
1.041790e+000 -8.434200e-002 1.229150e-001
1.048890e+000 -7.907200e-002 -5.938400e-002
1.041980e+000 1.170350e-001 -7.623200e-002
1.042240e+000 -7.483700e-002 1.413630e-001
1.042080e+000 2.359800e-002 -1.246050e-001
1.042380e+000 -2.057900e-002 -1.165500e-001
1.042820e+000 -9.552100e-002 -1.573500e-002
1.047570e+000 -1.021780e-001 7.906100e-002
1.048440e+000 4.458600e-002 2.049390e-001
1.042650e+000 1.858400e-002 2.080880e-001
1.043270e+000 -4.689700e-002 -1.028290e-001
1.046090e+000 -9.040200e-002 1.066720e-001
1.044110e+000 7.658000e-003 2.089510e-001
1.043100e+000 -3.252900e-002 2.001670e-001
1.043560e+000 -1.258500e-002 2.081950e-001
1.044450e+000 -3.754600e-002 -1.083600e-001
1.043570e+000 1.371840e-001 1.295910e-001
1.051560e+000 1.260140e-001 2.439700e-002
1.044050e+000 -1.112000e-003 2.075560e-001
1.044150e+000 5.021700e-002 -1.200920e-001
1.044600e+000 -9.695400e-002 9.360000e-002
1.046690e+000 -8.624600e-002 -3.667500e-002
1.047490e+000 -1.057360e-001 5.779000e-002
1.045040e+000 1.392670e-001 9.638300e-002
1.049390e+000 2.420000e-003 -1.197180e-001
1.047560e+000 -2.681300e-002 2.030700e-001
1.047190e+000 -8.390600e-002 1.173660e-001
1.046520e+000 -6.770600e-002 1.545340e-001
1.046800e+000 4.030100e-002 -1.212080e-001
1.053890e+000 1.279000e-001 6.118900e-002
1.046560e+000 -1.068320e-001 3.907400e-002
1.050140e+000 -3.593800e-002 1.970930e-001
1.047710e+000 7.649400e-002 -1.090070e-001
1.050080e+000 -7.798500e-002 1.349560e-001
1.047750e+000 -5.636400e-002 1.723030e-001
1.047640e+000 1.276620e-001 -2.411900e-002
1.049530e+000 -5.045600e-002 1.804730e-001
1.050810e+000 -6.018400e-002 -8.802000e-002
1.047930e+000 -7.257300e-002 1.476490e-001
1.050840e+000 1.433900e-002 -1.198930e-001
1.050970e+000 2.930000e-004 2.059030e-001
1.048290e+000 1.196380e-001 1.606160e-001
1.048320e+000 9.804900e-002 -9.387700e-002
1.051410e+000 1.223270e-001 -4.883800e-002
1.053300e+000 -2.285700e-002 -1.113630e-001
1.051810e+000 -1.415400e-002 2.026470e-001
1.049130e+000 -5.641100e-002 -9.293900e-002
1.051290e+000 5.683300e-002 -1.147720e-001
1.049270e+000 8.722900e-002 1.880880e-001
1.053210e+000 -7.647000e-002 1.273640e-001
1.057720e+000 2.952300e-002 2.037480e-001
1.049580e+000 1.259120e-001 -5.174000e-003
1.054670e+000 3.005700e-002 -1.178820e-001
1.052490e+000 1.064650e-001 1.725380e-001
1.050010e+000 -4.114400e-002 1.926490e-001
1.051490e+000 1.064970e-001 -8.185700e-002
1.052790e+000 8.733900e-002 -9.949800e-002
1.050170e+000 1.246900e-001 1.512690e-001
1.051110e+000 6.198400e-002 1.996440e-001
1.051750e+000 1.452100e-002 2.052880e-001
1.051540e+000 1.153930e-001 -6.797400e-002
1.051650e+000 9.821300e-002 1.798530e-001
1.054380e+000 -2.687200e-002 1.966330e-001
1.056040e+000 1.318430e-001 1.086680e-001
1.054600e+000 7.546800e-002 1.927250e-001
1.052320e+000 1.233550e-001 -3.723600e-002
1.052830e+000 1.340590e-001 9.876200e-002
1.052870e+000 1.323930e-001 1.260580e-001
1.052890e+000 1.281980e-001 1.403530e-001
1.053040e+000 -6.987700e-002 1.482050e-001
1.053940e+000 -6.671400e-002 1.571260e-001
1.057720e+000 4.232000e-002 2.027100e-001
1.054340e+000 -3.339000e-003 -1.172460e-001
1.056390e+000 -4.939600e-002 1.794750e-001
1.055440e+000 -5.868900e-002 1.661460e-001
1.054250e+000 5.156800e-002 2.020920e-001
1.060210e+000 1.096170e-001 1.635230e-001
1.057440e+000 1.147010e-001 -5.717100e-002
1.057860e+000 9.359500e-002 -8.997400e-002
1.055430e+000 8.057700e-002 -1.020600e-001
1.055860e+000 -3.938700e-002 1.878320e-001
1.055970e+000 6.548900e-002 -1.089360e-001
1.057480e+000 4.569600e-002 -1.138120e-001
1.058200e+000 8.511500e-002 1.861520e-001
1.060000e+000 1.004520e-001 -7.961400e-002
1.059390e+000 1.199510e-001 2.556200e-002
1.059700e+000 1.178720e-001 -8.820000e-003
1.059830e+000 1.068940e-001 -7.046600e-002
1.059850e+000 -5.657000e-003 1.995760e-001
1.061260e+000 2.544700e-002 2.015600e-001
1.061310e+000 1.146850e-001 -4.097600e-002
1.062790e+000 1.190300e-001 1.453140e-001
1.063380e+000 1.225710e-001 1.341860e-001
1.064160e+000 1.169900e-001 3.109100e-002
1.064390e+000 7.994600e-002 1.867750e-001
1.064540e+000 1.241460e-001 1.214370e-001
1.065490e+000 1.240400e-001 1.057900e-001
1.065880e+000 1.124660e-001 1.535290e-001
8.383820e-001 -1.612900e-002 4.573600e-002
8.357010e-001 -1.315600e-002 3.841800e-002
8.170100e-001 1.709100e-002 5.424000e-002
8.292420e-001 2.981200e-002 4.084900e-002
8.331740e-001 -1.011900e-002 4.855600e-002
8.243070e-001 -6.914000e-003 4.674500e-002
8.292420e-001 3.085100e-002 5.299700e-002
8.240520e-001 2.084500e-002 4.916200e-002
8.165890e-001 1.116800e-002 4.744200e-002
