1983
1986
1987
1988
1989
1990
1991
1992
1993
1994
1995
1996
1997
1998
1999
2000
2001
2002
2003
2004
2005
2006
2007
2008
2009
2010
2011
2012
2013
2014
2015
2016
2017
2018
2019
2020
2021
2026
2028
2029
2030
2031
2032
2033
2034
2035
2036
2059
2061
2062
2063
2064
2065
2066
2067
2068
2069
2070
2071
2072
2074
2078
2079
2080
2081
2082
2083
2084
2085
2086
2087
2088
2089
2090
2091
2092
2093
2094
2095
2096
2097
2098
2099
2100
2101
2102
2103
2104
2105
2106
2107
2108
2109
2110
2111
2112
2113
2114
2115
2116
2117
2118
2119
2120
2121
2122
2123
2124
2125
2126
4923
4925
4926
4927
4928
4929
4930
4931
4932
4933
4934
4935
4936
4937
4938
4939
4940
4941
4942
4943
4944
4945
4946
4947
4948
4949
4950
4951
4954
4955
4956
4957
4958
4959
4960
4961
4962
4963
4964
4965
4966
4967
4968
4969
4970
4971
4972
4973
4974
4975
4976
4977
4978
4979
5261
5262
5263
5264
5265
6212
6318
6319
6655
6656
6657
6658
6659
6660
6661
6846
7228
7229
7231
7232
7233
7234
7235
7236
7237
7238
7239
7240
7241
7242
7243
7244
7245
7246
7247
7248
7354
7355
7356
7357
7358
7359
7360
7363
7364
7365
7409
7411
7418
7419
7420
7422
7424
7425
7426
7427
7428
7429
7582
7583
7584
7585
7617
7623
7624
7625
7626
7627
7628
7629
7630
7640
7641
7642
7643
7645
7664
7764
7765
7766
7767
7768
7769
7770
7836
7837
7838
7839
7840
7880
7882
7916
7917
7918
7947
7954
8028
8029
8037
8039
8040
8041
8042
8043
8044
8045
8046
8047
8048
8049
8057
8058
8075
8092
8102
8120
8121
8147
8153
8154
8171
8172
8192
8193
8257
8392
8393
8413
8451
8452
8455
8456
8457
8458
8459
8460
8461
8462
8463
8464
8465
8466
8467
8468
8469
8470
8471
8472
8473
8474
8475
8476
8477
8478
8479
8480
8481
8554
8555
8556
8557
8558
8573
8574
8575
8576
8577
8578
8581
8645
8646
8647
8648
8665
8666
8667
8668
8669
8707
8708
8713
8714
8715
8747
8751
8753
8804
8811
8812
8813
8814
8815
8816
8819
8820
8821
8822
8823
8824
8825
8826
8827
8828
8829
8830
8831
8875
8877
8920
8921
8922
8923
8924
8925
8926
8927
8928
8929
8930
8931
8932
8933
8968
8969
8970
8971
8972
9075
9083
9084
9138
9139
9155
9156
9197
9198
9199
9200
9201
9202
9203
9204
9205
9206
9207
9260
9261
9262
9263
9264
9265
9266
9267
9268
9269
9270
9271
9272
9273
9274
9275
9276
9277
9278
9279
9280
9281
9282
9283
9284
9285
9286
9302
9303
9304
9305
9306
9307
9308
9309
9390
9391
9392
9393
9394
9397
9398
9399
9400
9420
9421
9422
9423
9424
9434
9435
9436
9437
9438
9439
9440
9478
9479
9484
9485
9486
9487
9488
9489
9490
9491
9492
9493
9494
9495
9496
9497
9498
9499
9500
9511
9512
9513
9514
9515
9516
9517
9518
9519
9520
9521
9522
9523
9524
9525
9526
9527
9528
9529
9530
9531
9532
9533
9534
9535
9536
9537
9538
9539
9540
9541
9542
9543
9544
9545
9546
9547
9548
9549
9550
9551
9552
9685
9686
9754
9755
9756
9757
9758
9759
9780
9781
9782
9783
9784
9785
9786
9787
9788
9789
9790
9791
9793
9794
9795
9815
9816
9817
9818
9819
9820
9821
9822
9823
9824
9825
9826
9827
9851
9858
9859
9860
9861
9862
9863
9864
9865
9866
9867
9869
9870
9871
9872
9873
9874
9878
9881
9882
9883
9889
9890
9891
9892
9893
9908
9916
9917
9918
9922
9923
9924
9925
9955
9975
9976
9977
9978
9979
9980
9981
9999
10000
10001
10002
10003
10004
10005
10006
10007
10008
10009
10010
10011
10012
10013
10014
10015
10016
10017
10018
10019
10020
10021
10022
10023
10024
10025
10027
10070
10071
10072
10078
10079
10080
10222
10235
10236
10237
10238
10239
10240
10241
10243
10244
10245
10246
10247
10249
10324
10325
10326
10327
10328
10329
10330
10331
10332
10333
10369
10457
10471
10472
10473
10474
10475
10477
10478
10479
10480
10483
10484
10485
10486
10487
10488
10489
10490
10491
10492
10493
10496
10497
10566
10567
10568
10894
10895
10896
10897
10898
10899
10900
10901
10909
10910
11048
11126
11127
11128
11129
11142
11143
11144
11145
11146
11147
11148
11149
11150
11202
11203
11207
11208
11209
11210
11221
11388
11389
11390
11391
11392
11393
11453
11454
11455
11456
11457
11458
11459
11460
11461
11462
11572
11578
11582
11583
11608
11609
11610
11611
11612
11613
11622
11623
11624
11625
11667
11668
11669
11673
11674
11675
11676
11677
11683
11715
11716
11717
11718
11719
11720
11721
11722
11723
11731
11732
11733
11759
11760
11761
11762
11763
11784
11833
11834
11835
11885
11886
11887
11900
11901
11902
11903
11904
11905
11906
11907
11908
11910
11911
11912
11913
11942
11943
11961
11962
11963
11966
11967
11999
12031
12032
12033
12049
12050
12051
12052
12053
12054
12058
12059
12060
12061
12062
12063
12064
12065
12075
12076
12077
12078
12079
12080
12081
12082
12083
12092
12093
12094
12095
12096
12097
12098
12099
12100
12101
12102
12103
12104
12105
12106
12173
12174
12213
12214
12215
12216
12217
12218
12219
12220
12221
12222
12223
12224
12225
12226
12227
12228
12229
12230
12259
12260
12261
12262
12263
12264
12265
12266
12267
12289
12290
12291
12292
12304
12314
12315
12316
12317
12321
12322
12440
12441
12484
12485
12486
12566
12567
12568
12569
12570
12571
12594
12609
12610
12611
12612
12613
12614
12615
12617
12619
12620
12621
12622
12659
12660
12661
12666
12667
12754
12755
12756
12757
12758
12759
12844
12845
12846
12850
12851
12852
12873
12874
12875
12876
12877
12882
12883
12912
12917
12942
12943
12944
12945
12946
12947
12948
12949
12950
12951
12952
12953
12954
12955
12956
12957
12958
12959
12960
12961
12962
12963
12964
12965
12966
12967
12968
12969
12970
12971
12972
12995
12996
12997
12998
12999
13000
13001
13002
13003
13004
13005
13006
13028
13029
13030
13031
13032
13033
13034
13035
13036
13037
13038
13039
13040
13041
13042
13043
13044
13045
13046
13047
13054
13055
13149
13150
13151
13241
13242
13243
13244
13245
13246
13247
13248
13249
13250
13251
13252
13253
13254
13255
13256
13257
13258
13301
13302
13346
13347
13348
13349
13402
13403
13404
13405
13406
13407
13461
13474
13475
13476
13477
13489
13490
13491
13492
13493
13494
13495
13496
13497
13498
13499
13500
13501
13502
13503
13504
13505
13506
13507
13508
13509
13510
13511
13512
13513
13514
13515
13516
13525
13526
13527
13528
13529
13530
13531
13532
13533
13534
13536
13553
13554
13569
13590
13591
13592
13593
13594
13595
13596
13597
13598
13599
13600
13601
13602
13603
13604
13605
13606
13607
13608
13609
13610
13611
13612
13613
13614
13615
13616
13617
13618
13619
13620
13621
13622
13623
13624
13625
13626
13627
13628
13629
13630
13631
13632
13633
13662
13663
13664
13665
13666
13667
13715
13771
13772
13773
13774
13775
13776
13778
13779
13780
13781
13782
13783
13784
13785
13786
13864
13866
13867
13868
13869
13870
13945
13946
13947
13948
13949
13950
13951
13952
13953
13954
13955
13957
13972
13973
13974
13975
13976
13977
13978
13979
13980
13981
13982
13983
13984
13985
13986
13987
13988
13989
13990
13991
13992
13993
13994
13995
13996
13997
13999
14000
14001
14002
14003
14004
14020
14021
14022
14023
14024
14025
14026
14027
14028
14029
14030
14031
14032
14033
14061
14062
14063
14064
14065
14069
14070
14072
14073
14074
14077
14099
14100
14101
14102
14103
14104
14105
14106
14130
14209
14264
14265
14266
14273
14274
14275
14276
14277
14278
14279
14283
14297
14298
14301
14302
14303
14304
14305
14306
14307
14308
14313
14314
14315
14316
14317
14318
14319
14320
14321
14322
14340
14341
14342
14343
14344
14345
14346
14348
14462
14506
14507
14508
14528
14529
14530
14531
14532
14533
14534
14535
14536
14537
14557
14558
14559
14560
14561
14582
14583
14584
14585
14601
14605
14606
14609
14635
14636
14637
14638
14656
14658
14660
14661
14679
14680
14681
14682
14683
14684
14685
14686
14687
14701
14703
14704
14705
14752
14753
14754
14755
14756
14757
14758
14759
14821
14822
14921
14922
14925
14926
14927
14928
14929
14930
14931
14932
14933
14934
14935
14936
14971
14972
14973
14974
15007
15008
15009
15010
15011
15012
15013
15022
15041
15055
15056
15057
15076
15081
15130
15145
15146
15147
15210
15211
15212
15232
15233
15234
15235
15254
15255
15256
15309
15318
15319
15320
15321
15322
15323
15324
15325
15326
15327
15328
15329
15330
15500
15501
15565
15567
15568
15569
15570
15571
15572
15584
15585
15586
15587
15588
15589
15590
15591
15592
15593
15594
15595
15596
15597
15598
15599
15600
15601
15602
15608
15609
15610
15611
15612
15621
15622
15660
15661
15676
15677
15678
15679
15680
15681
15682
15683
15702
15703
15704
15705
15706
15707
15708
15709
15710
15711
15712
15713
15714
15715
15716
15717
15718
15719
15720
15721
15722
15723
15724
15725
15726
15727
15728
15730
15731
15732
15733
15734
15735
15736
15737
15738
15739
15882
15883
15916
15918
15919
16010
16036
16090
16091
16092
16109
16110
16111
16112
16269
16270
16271
16280
16281
16282
16283
16284
16285
16286
16287
16289
16412
16413
16414
16415
16416
16417
16418
16419
16420
16421
16422
16423
16431
16432
16433
16434
16435
16436
16437
16438
16439
16440
16441
16442
16443
16444
16445
16446
16447
16448
16449
16450
16451
16452
16453
16454
16455
16456
16457
16458
16459
16460
16461
16462
16463
16464
16465
16466
16467
16468
16469
16470
16471
16472
16473
16530
16531
16532
16533
16534
16563
16567
16568
16569
16570
16571
16572
16573
16574
16575
16576
16577
16578
16579
16580
16581
16584
16585
16586
16587
16588
16589
16590
16710
16731
16732
16734
16735
16797
16799
16800
16801
16841
16842
16843
16844
16845
16846
16847
16848
16849
16850
16851
16852
16853
16854
16855
16856
16857
16858
16859
16877
16881
16912
16915
16916
16918
16919
16920
17054
17055
17069
17081
17117
17124
17125
17126
17127
17128
17129
17130
17136
17137
17190
17191
17192
17202
17203
17282
17289
17290
17291
17292
17303
17304
17305
17306
17307
17308
17309
17397
17398
17399
17400
17401
17402
17403
17404
17405
17445
17446
17447
17448
17483
17484
17485
17486
17487
17488
17489
17490
17517
17518
17521
17522
17523
17695
17715
17716
17717
17718
17719
17732
17837
17838
17839
17893
17894
17895
17896
17946
17947
17955
17956
17957
17958
17959
17960
17961
17962
17963
17964
17965
17966
17967
17968
17969
17970
17971
17972
17973
17974
17975
17976
17977
17980
17981
18099
18100
18101
18146
18147
18148
18149
18150
18151
18159
18160
18164
18165
18166
18167
18208
18209
18216
18237
18239
18240
18244
18245
18246
18247
18248
18249
18250
18251
18252
18253
18267
18268
18269
18270
18278
18279
18280
18288
18289
18322
18339
18340
18341
18342
18343
18344
18345
18351
18352
18353
18382
18383
18384
18387
18388
18409
18437
18438
18439
18440
18441
18509
18516
18832
18932
18933
18934
18935
18936
18937
18938
18988
18989
19051
19060
19063
19064
19065
19066
19067
19068
19069
19070
19071
19072
19215
19216
19217
19335
19336
19337
19374
19402
19409
19410
19527
19583
19584
19585
19619
19620
19621
19624
19626
19644
19645
19649
19650
19672
19673
19674
19955
19957
19958
19959
20004
20019
20084
20092
20113
20114
20115
20116
20117
20118
20166
20167
20173
20174
20177
20242
20243
20244
20338
20339
20349
20350
20351
20352
20353
20354
20355
20356
20427
20428
20429
20564
20565
20648
20649
20650
20651
20989
20991
24718
24719
24720
24721
24722
24723
24724
24725
24726
24727
24729
24730
24731
24732
24733
24734
24735
24736
24737
24739
24742
24743
24744
24745
24746
24747
24759
24944
24946
24948
24949
24950
24951
24952
24955
24956
24957
24959
24961
24964
24966
24968
24969
24970
24971
24972
24973
24974
24975
24976
24977
24978
24980
24981
24984
24986
24987
24988
24992
