1.041850e-001 1.179670e-001 2.016480e-001
1.069670e-001 1.110300e-001 2.110820e-001
1.072090e-001 1.054860e-001 2.204360e-001
1.082350e-001 1.156930e-001 1.959170e-001
1.085380e-001 1.169020e-001 1.988730e-001
1.140520e-001 1.087600e-001 1.903590e-001
1.148550e-001 9.268200e-002 2.486910e-001
1.155260e-001 1.018060e-001 1.878870e-001
1.165620e-001 1.121550e-001 2.083650e-001
1.194600e-001 1.021950e-001 2.327730e-001
1.209040e-001 1.045760e-001 2.219470e-001
1.216520e-001 8.225600e-002 1.862730e-001
1.227720e-001 1.149980e-001 1.990530e-001
1.231850e-001 8.241700e-002 2.502650e-001
1.247470e-001 6.491100e-002 1.855220e-001
1.249150e-001 1.060580e-001 2.160700e-001
1.251750e-001 5.819600e-002 1.861870e-001
1.254040e-001 1.088280e-001 1.904730e-001
1.264690e-001 8.986400e-002 2.442090e-001
1.266340e-001 1.128300e-001 2.011230e-001
1.268400e-001 9.871600e-002 2.356600e-001
1.299670e-001 6.424300e-002 2.524750e-001
1.322640e-001 5.332800e-002 1.884680e-001
1.327120e-001 7.157300e-002 2.498160e-001
1.328100e-001 9.323600e-002 1.845850e-001
1.347880e-001 4.340600e-002 1.937480e-001
1.349720e-001 6.233300e-002 1.862820e-001
1.350840e-001 3.970000e-002 2.484820e-001
1.353420e-001 1.104060e-001 1.940250e-001
1.353580e-001 9.993500e-002 2.302750e-001
1.355800e-001 5.241100e-002 2.521250e-001
1.360340e-001 3.497000e-002 2.016180e-001
1.364640e-001 2.838700e-002 2.110750e-001
1.372710e-001 1.116130e-001 1.985680e-001
1.378990e-001 9.113100e-002 2.394700e-001
1.379190e-001 1.079320e-001 2.105080e-001
1.391280e-001 2.682900e-002 2.185050e-001
1.406000e-001 2.686300e-002 2.297990e-001
1.416700e-001 7.020800e-002 1.858420e-001
1.419680e-001 1.092520e-001 2.073040e-001
1.430790e-001 8.169300e-002 2.433980e-001
1.433650e-001 8.041600e-002 1.846110e-001
1.438570e-001 1.005920e-001 1.861130e-001
1.438810e-001 6.886900e-002 2.478190e-001
1.440300e-001 4.597800e-002 2.491940e-001
1.441280e-001 1.036710e-001 2.177800e-001
1.447100e-001 9.109800e-002 1.842660e-001
1.469890e-001 3.022100e-002 2.381270e-001
1.473440e-001 4.585100e-002 1.932130e-001
1.475950e-001 5.836900e-002 2.495330e-001
1.477420e-001 9.163500e-002 2.373920e-001
1.482880e-001 9.655700e-002 2.324420e-001
1.496620e-001 3.904400e-002 2.455730e-001
1.498820e-001 1.087560e-001 2.051560e-001
1.499590e-001 3.381700e-002 2.415260e-001
1.502950e-001 5.006900e-002 2.494660e-001
1.509820e-001 2.962300e-002 2.134420e-001
1.516320e-001 3.429000e-002 2.046590e-001
1.518070e-001 5.828900e-002 1.870650e-001
1.528450e-001 2.737000e-002 2.272740e-001
1.540310e-001 7.627600e-002 2.438070e-001
1.548140e-001 6.779500e-002 1.849110e-001
1.548140e-001 8.505200e-002 1.826120e-001
1.557300e-001 2.798000e-002 2.203510e-001
1.559000e-001 3.982600e-002 1.980800e-001
1.559530e-001 9.365400e-002 2.345670e-001
1.560900e-001 4.232000e-002 2.473010e-001
1.579160e-001 2.943400e-002 2.350180e-001
1.581270e-001 9.880400e-002 2.265590e-001
1.583840e-001 1.084230e-001 1.993990e-001
1.587630e-001 1.041590e-001 1.896420e-001
1.592720e-001 1.036410e-001 2.163970e-001
1.593310e-001 6.230000e-002 2.482510e-001
1.603530e-001 8.893000e-002 1.820000e-001
1.615490e-001 3.450900e-002 2.422770e-001
1.622320e-001 1.076780e-001 2.043380e-001
1.627040e-001 5.574900e-002 1.872730e-001
1.636100e-001 9.957800e-002 1.858530e-001
1.644090e-001 4.206600e-002 2.478930e-001
1.649370e-001 3.064900e-002 2.090530e-001
1.680030e-001 7.595000e-002 1.812070e-001
1.693660e-001 2.840200e-002 2.313900e-001
1.705400e-001 8.058100e-002 1.807490e-001
1.708160e-001 1.056390e-001 1.946060e-001
1.709770e-001 9.445600e-002 1.830870e-001
1.716060e-001 1.015500e-001 1.888290e-001
1.725850e-001 2.840500e-002 2.151070e-001
1.727390e-001 3.093800e-002 2.386820e-001
1.732390e-001 5.799400e-002 1.856980e-001
1.736020e-001 3.649700e-002 2.450670e-001
1.740150e-001 9.573700e-002 2.300550e-001
1.747230e-001 4.647900e-002 1.917790e-001
1.758290e-001 6.673100e-002 1.821310e-001
1.761580e-001 3.855500e-002 1.986020e-001
1.780220e-001 3.351300e-002 2.042790e-001
1.784700e-001 5.570000e-002 2.496130e-001
1.795100e-001 2.788400e-002 2.282190e-001
1.798270e-001 8.320800e-002 2.398630e-001
1.801050e-001 2.892400e-002 2.135590e-001
1.819530e-001 4.440100e-002 2.495640e-001
1.824960e-001 8.851000e-002 2.366240e-001
1.836480e-001 1.050940e-001 1.983840e-001
1.843920e-001 1.053780e-001 2.057170e-001
1.846550e-001 5.589800e-002 1.846190e-001
1.855730e-001 8.957200e-002 1.805150e-001
1.867520e-001 7.024000e-002 1.796050e-001
1.875800e-001 7.061200e-002 2.454830e-001
1.882940e-001 1.007790e-001 1.890690e-001
1.890150e-001 2.703700e-002 2.256820e-001
1.892500e-001 3.923600e-002 1.959550e-001
1.900100e-001 1.027570e-001 2.147500e-001
1.903520e-001 3.398900e-002 2.451970e-001
1.915440e-001 5.748200e-002 2.497930e-001
1.916480e-001 8.047100e-002 1.781110e-001
1.916700e-001 4.678400e-002 1.883750e-001
1.931720e-001 3.271600e-002 2.028040e-001
1.949160e-001 2.672200e-002 2.333460e-001
1.951500e-001 4.025300e-002 2.492360e-001
1.963120e-001 2.799300e-002 2.107500e-001
1.964210e-001 6.205600e-002 2.489860e-001
1.965820e-001 1.047310e-001 2.018890e-001
1.970210e-001 2.873200e-002 2.398280e-001
1.984420e-001 9.468900e-002 1.827010e-001
1.987590e-001 8.541000e-002 2.390600e-001
1.988050e-001 9.310500e-002 2.320180e-001
1.990630e-001 4.791200e-002 2.512040e-001
2.000430e-001 9.872300e-002 2.231980e-001
2.003990e-001 1.024320e-001 1.921380e-001
2.007440e-001 7.427600e-002 2.447650e-001
2.012280e-001 4.246400e-002 1.886310e-001
2.015380e-001 5.248900e-002 1.820370e-001
2.021330e-001 2.483700e-002 2.255920e-001
2.038040e-001 2.558000e-002 2.354780e-001
2.065480e-001 6.225900e-002 1.770380e-001
2.081580e-001 1.032860e-001 2.108740e-001
2.084360e-001 1.036820e-001 1.966080e-001
2.084860e-001 8.484500e-002 1.769920e-001
2.085540e-001 3.339400e-002 2.468990e-001
2.098210e-001 1.011460e-001 2.179160e-001
2.107330e-001 2.816600e-002 2.042520e-001
2.113610e-001 2.413600e-002 2.165500e-001
2.143160e-001 3.693800e-002 1.903470e-001
2.144610e-001 2.778000e-002 2.417710e-001
2.145390e-001 2.446600e-002 2.343890e-001
2.150730e-001 3.912100e-002 2.503240e-001
2.152860e-001 2.496700e-002 2.101550e-001
2.175530e-001 4.493000e-002 1.823070e-001
2.177290e-001 6.935400e-002 2.475990e-001
2.189560e-001 5.552000e-002 1.766760e-001
2.198390e-001 6.869300e-002 1.734180e-001
2.220460e-001 5.297000e-002 2.519290e-001
2.232630e-001 7.569100e-002 2.452320e-001
2.234720e-001 2.165600e-002 2.229360e-001
2.238120e-001 9.508500e-002 2.294640e-001
2.238160e-001 3.037500e-002 2.463750e-001
2.244840e-001 1.015300e-001 2.149680e-001
2.245110e-001 7.416000e-002 1.727970e-001
2.256310e-001 8.136600e-002 1.744030e-001
2.261230e-001 4.349500e-002 2.521460e-001
2.272270e-001 2.150900e-002 2.311870e-001
2.274990e-001 8.820200e-002 1.774310e-001
2.281780e-001 2.618900e-002 2.014230e-001
2.282400e-001 6.167500e-002 2.504780e-001
2.287020e-001 2.369100e-002 2.385880e-001
2.296260e-001 9.926600e-002 1.873480e-001
2.303590e-001 1.031780e-001 2.000550e-001
2.311800e-001 2.612200e-002 2.429330e-001
2.320740e-001 5.107900e-002 1.743430e-001
2.336970e-001 1.023540e-001 2.091570e-001
2.338800e-001 2.086200e-002 2.108200e-001
2.341100e-001 3.461700e-002 2.499450e-001
2.344880e-001 5.823500e-002 1.718400e-001
2.357480e-001 7.078300e-002 2.481490e-001
2.364800e-001 9.428100e-002 1.814510e-001
2.375150e-001 8.964100e-002 2.355610e-001
2.383200e-001 8.243500e-002 2.418700e-001
2.386550e-001 2.955100e-002 1.901480e-001
2.400140e-001 1.782200e-002 2.187060e-001
2.403210e-001 4.101600e-002 1.775030e-001
2.406520e-001 7.876300e-002 1.719850e-001
2.406900e-001 1.022480e-001 1.952170e-001
2.410380e-001 3.009000e-002 2.484390e-001
2.420910e-001 6.995900e-002 1.697670e-001
2.420930e-001 8.685500e-002 1.756260e-001
2.425200e-001 5.092900e-002 2.529870e-001
2.447750e-001 1.009620e-001 1.906270e-001
2.448140e-001 2.065500e-002 2.025630e-001
2.450520e-001 9.588200e-002 2.270950e-001
2.462110e-001 3.304400e-002 1.825360e-001
2.475990e-001 3.725000e-002 2.524850e-001
2.483390e-001 1.003260e-001 2.158300e-001
2.489780e-001 5.070700e-002 1.705390e-001
2.490100e-001 9.808300e-002 2.226410e-001
2.490140e-001 1.649600e-002 2.125950e-001
2.498690e-001 2.335600e-002 2.443760e-001
2.499440e-001 3.292400e-002 2.511810e-001
2.501540e-001 1.643000e-002 2.306750e-001
2.519210e-001 3.750700e-002 1.763740e-001
2.526220e-001 4.384700e-002 1.723230e-001
2.527350e-001 1.021810e-001 2.041000e-001
2.544770e-001 6.275500e-002 1.672920e-001
2.552150e-001 2.254700e-002 1.926220e-001
2.559300e-001 9.061000e-002 1.772160e-001
2.567700e-001 4.511400e-002 2.541710e-001
2.568350e-001 1.373800e-002 2.239940e-001
2.572930e-001 6.327300e-002 2.518510e-001
2.573850e-001 1.834400e-002 2.391990e-001
2.602990e-001 5.121800e-002 2.542600e-001
2.604190e-001 1.503400e-002 2.068160e-001
2.633630e-001 7.560000e-002 2.473980e-001
2.639240e-001 7.040200e-002 2.498510e-001
2.648800e-001 8.246600e-002 1.705880e-001
2.659580e-001 2.837100e-002 1.795580e-001
2.663030e-001 1.159900e-002 2.181630e-001
2.670540e-001 2.181000e-002 1.884420e-001
2.672900e-001 2.588400e-002 2.491150e-001
2.674350e-001 3.518200e-002 2.534730e-001
2.676020e-001 5.822000e-002 1.652370e-001
2.676380e-001 6.628400e-002 1.651320e-001
2.677540e-001 7.327000e-002 1.663670e-001
2.691210e-001 9.431000e-002 1.795610e-001
2.700810e-001 1.016370e-001 1.950640e-001
2.703430e-001 1.307800e-002 2.342730e-001
2.705160e-001 4.846500e-002 1.661930e-001
2.712320e-001 4.279400e-002 2.551580e-001
2.718370e-001 3.190300e-002 1.739600e-001
2.722700e-001 9.455400e-002 2.305970e-001
2.734020e-001 1.649900e-002 2.420630e-001
2.738850e-001 1.000100e-001 2.166200e-001
2.746640e-001 1.016830e-001 2.039210e-001
2.756920e-001 3.595700e-002 1.702470e-001
2.763660e-001 1.061600e-002 2.093150e-001
2.764950e-001 1.372600e-002 2.001740e-001
2.768950e-001 6.331700e-002 2.531570e-001
2.768970e-001 9.726900e-002 2.253420e-001
2.771580e-001 9.900100e-002 1.862780e-001
2.789900e-001 8.194800e-002 2.439170e-001
2.804970e-001 2.113800e-002 1.830360e-001
2.808790e-001 1.946300e-002 2.468410e-001
2.809300e-001 8.946500e-002 2.373400e-001
2.821560e-001 4.661600e-002 1.636000e-001
2.822920e-001 2.627000e-002 2.520150e-001
2.828480e-001 1.055700e-002 2.352830e-001
2.853050e-001 8.422000e-003 2.300050e-001
2.853480e-001 5.238900e-002 2.555570e-001
2.855070e-001 3.519800e-002 1.676220e-001
2.874100e-001 2.741500e-002 1.724690e-001
2.886400e-001 6.442800e-002 2.535310e-001
2.895160e-001 1.638200e-002 2.466710e-001
2.897840e-001 7.872900e-002 1.641550e-001
2.900900e-001 3.004600e-002 2.546970e-001
2.902600e-001 9.215100e-002 1.744820e-001
2.903430e-001 4.370400e-002 2.564630e-001
2.912670e-001 9.749800e-002 1.815120e-001
2.914810e-001 5.272000e-002 1.601390e-001
2.920590e-001 1.035200e-002 2.397980e-001
2.926640e-001 1.015440e-001 2.089000e-001
2.927590e-001 1.151600e-002 1.952510e-001
2.934660e-001 3.883900e-002 1.641330e-001
2.937860e-001 8.477700e-002 1.669370e-001
2.938070e-001 6.793400e-002 1.594630e-001
2.944080e-001 2.001500e-002 1.778590e-001
2.947120e-001 8.013700e-002 2.456170e-001
2.956870e-001 6.154700e-002 1.582520e-001
2.957420e-001 2.908400e-002 1.686760e-001
2.958870e-001 7.224700e-002 2.506030e-001
2.963570e-001 4.577600e-002 1.603920e-001
2.976260e-001 4.735000e-003 2.241340e-001
2.982340e-001 1.482400e-002 1.843130e-001
2.988970e-001 7.062000e-003 2.348790e-001
2.991920e-001 2.074300e-002 2.526770e-001
3.002340e-001 9.957300e-002 2.191780e-001
3.003190e-001 9.731300e-002 2.256740e-001
3.007320e-001 3.707600e-002 2.572530e-001
3.028960e-001 2.828600e-002 2.561160e-001
3.031770e-001 9.442000e-002 2.312730e-001
3.047200e-001 7.596200e-002 1.591050e-001
3.048650e-001 1.018420e-001 1.908020e-001
3.052190e-001 1.026370e-001 1.997590e-001
3.055070e-001 2.620000e-003 2.177680e-001
3.056420e-001 5.146300e-002 2.567890e-001
3.058210e-001 9.994500e-002 1.837870e-001
3.064200e-001 5.879200e-002 2.557960e-001
3.070670e-001 3.003000e-002 1.641170e-001
3.072110e-001 2.207200e-002 1.699210e-001
3.076710e-001 6.244000e-003 1.979900e-001
3.079440e-001 2.826000e-003 2.091950e-001
3.090970e-001 5.486500e-002 1.544050e-001
3.094250e-001 1.221600e-002 2.478900e-001
3.096580e-001 6.975000e-003 2.406660e-001
3.096890e-001 1.371800e-002 1.783140e-001
3.104190e-001 9.631100e-002 1.751580e-001
3.125340e-001 3.043000e-003 2.332930e-001
3.137450e-001 7.755400e-002 2.485760e-001
3.140970e-001 2.229600e-002 2.553170e-001
3.148500e-001 6.561300e-002 2.540990e-001
3.151380e-001 3.499000e-003 1.994130e-001
3.153360e-001 8.925300e-002 1.652170e-001
3.165540e-001 9.292200e-002 2.342940e-001
3.173890e-001 9.211000e-003 1.824620e-001
3.180250e-001 4.739700e-002 2.578630e-001
3.181480e-001 1.379100e-002 2.515250e-001
3.185810e-001 -3.810000e-004 2.129320e-001
3.195960e-001 8.456200e-002 1.597110e-001
3.198090e-001 2.811900e-002 1.606380e-001
3.198690e-001 8.745000e-002 2.410760e-001
3.202700e-001 8.278500e-002 2.452610e-001
3.203570e-001 -4.640000e-004 2.267270e-001
3.203630e-001 6.938000e-003 2.456060e-001
3.209010e-001 6.892000e-002 1.516180e-001
3.223520e-001 1.032810e-001 2.088080e-001
3.223910e-001 1.415500e-002 1.708130e-001
3.225970e-001 2.123100e-002 1.642460e-001
3.228020e-001 4.569100e-002 1.519510e-001
3.246950e-001 3.557600e-002 1.550690e-001
3.251200e-001 1.624600e-002 2.545090e-001
3.270590e-001 7.965100e-002 1.539870e-001
3.275980e-001 5.738000e-002 1.485040e-001
3.277590e-001 2.985600e-002 2.584280e-001
3.280030e-001 7.962000e-003 2.495000e-001
3.282330e-001 -1.565000e-003 2.048490e-001
3.290400e-001 1.612400e-002 1.659000e-001
3.303850e-001 -1.800000e-004 2.382890e-001
3.304280e-001 4.035100e-002 2.591850e-001
3.308900e-001 7.230100e-002 1.494920e-001
3.309070e-001 1.043700e-001 1.921670e-001
3.311850e-001 5.295500e-002 2.583490e-001
3.333920e-001 7.085700e-002 2.529770e-001
3.344110e-001 2.197200e-002 1.595910e-001
3.349660e-001 2.039800e-002 2.575530e-001
3.362220e-001 6.628300e-002 1.466680e-001
3.365540e-001 -5.327000e-003 2.261860e-001
3.365840e-001 5.164700e-002 1.465320e-001
3.366410e-001 9.065800e-002 1.599540e-001
3.367800e-001 -3.020000e-004 1.938040e-001
3.368670e-001 2.060000e-004 2.431820e-001
3.373030e-001 3.834800e-002 1.499470e-001
3.374340e-001 2.698600e-002 2.591830e-001
3.374430e-001 6.424000e-003 1.754030e-001
3.374600e-001 9.943300e-002 2.245900e-001
3.395360e-001 -6.373000e-003 2.144970e-001
3.395750e-001 1.000460e-001 1.725280e-001
3.396230e-001 8.825000e-003 1.705900e-001
3.397810e-001 6.969000e-003 2.520240e-001
3.404020e-001 6.118900e-002 2.570550e-001
3.404100e-001 1.056100e-001 2.002400e-001
3.432790e-001 8.532700e-002 2.436680e-001
3.434750e-001 2.327200e-002 1.554280e-001
3.438770e-001 1.029500e-001 2.170160e-001
3.448780e-001 -6.495000e-003 2.327700e-001
3.453620e-001 7.135500e-002 2.533380e-001
3.454850e-001 7.623800e-002 1.480210e-001
3.455010e-001 -3.077000e-003 1.941830e-001
3.455390e-001 1.034750e-001 1.790500e-001
3.464620e-001 3.092800e-002 1.503720e-001
3.466240e-001 8.486000e-002 1.527900e-001
3.472690e-001 1.328000e-003 2.492080e-001
3.473280e-001 9.430500e-002 2.341600e-001
3.485100e-001 1.515700e-002 2.574910e-001
3.486140e-001 4.481800e-002 2.607680e-001
3.489820e-001 9.786400e-002 1.658800e-001
3.497250e-001 5.687600e-002 1.434720e-001
3.518190e-001 5.792000e-003 2.536900e-001
3.520300e-001 -7.576000e-003 2.028500e-001
3.532190e-001 4.605600e-002 1.438630e-001
3.532310e-001 2.944200e-002 2.604500e-001
3.533190e-001 6.150000e-003 1.689010e-001
3.543880e-001 1.060950e-001 1.873020e-001
3.558310e-001 -1.040100e-002 2.122900e-001
3.559630e-001 6.743000e-002 1.435970e-001
3.564570e-001 1.028400e-002 1.622940e-001
3.568300e-001 9.376600e-002 1.593990e-001
3.569240e-001 5.161400e-002 2.612030e-001
3.571890e-001 8.521600e-002 1.514220e-001
3.574030e-001 8.968000e-003 2.563630e-001
3.574260e-001 1.948800e-002 2.595670e-001
3.574720e-001 -1.145400e-002 2.247880e-001
3.582560e-001 1.816800e-002 1.549450e-001
3.583620e-001 1.054160e-001 2.116690e-001
3.584240e-001 1.040540e-001 1.770490e-001
3.584580e-001 -4.242000e-003 1.898700e-001
3.589740e-001 1.011090e-001 1.696550e-001
3.597740e-001 9.929000e-002 2.279140e-001
3.599130e-001 -3.636000e-003 2.478010e-001
3.604060e-001 1.069990e-001 1.992380e-001
3.604890e-001 7.571500e-002 1.459830e-001
3.611210e-001 -1.031400e-002 2.360100e-001
3.613570e-001 5.939300e-002 1.417480e-001
3.623140e-001 -1.493000e-003 1.814060e-001
3.626890e-001 2.436000e-003 2.533530e-001
3.629860e-001 7.714100e-002 2.508270e-001
3.632810e-001 -8.232000e-003 2.424900e-001
3.652130e-001 3.808100e-002 1.438300e-001
3.656400e-001 6.351800e-002 2.587860e-001
3.660040e-001 5.115200e-002 1.411520e-001
3.660930e-001 2.394600e-002 1.493520e-001
3.667260e-001 2.840000e-003 1.695420e-001
3.681810e-001 9.767400e-002 1.636160e-001
3.690190e-001 -6.416000e-003 2.475870e-001
3.690280e-001 1.084000e-002 1.583040e-001
3.694480e-001 1.023930e-001 2.222990e-001
3.712080e-001 4.290900e-002 2.631050e-001
3.717140e-001 9.276000e-003 2.584580e-001
3.718540e-001 -1.677000e-003 2.520290e-001
3.743000e-001 6.876800e-002 2.566630e-001
3.745630e-001 -1.381100e-002 2.379790e-001
3.747840e-001 2.245600e-002 2.613510e-001
3.749880e-001 -3.895000e-003 1.814620e-001
3.753590e-001 1.068490e-001 2.035950e-001
3.754930e-001 8.751800e-002 2.431590e-001
3.758870e-001 4.915000e-003 1.640590e-001
3.762250e-001 -1.128000e-002 1.964520e-001
3.763060e-001 2.531500e-002 1.469760e-001
3.764370e-001 -1.580300e-002 2.119460e-001
3.765630e-001 9.451300e-002 2.360700e-001
3.766310e-001 1.595300e-002 1.521170e-001
3.768790e-001 8.079100e-002 1.480340e-001
3.769140e-001 -1.718000e-002 2.287440e-001
3.773250e-001 8.820600e-002 1.534830e-001
3.776370e-001 -1.754100e-002 2.225270e-001
3.782560e-001 5.630800e-002 2.612510e-001
3.800480e-001 -8.550000e-004 2.550950e-001
3.803560e-001 -1.558200e-002 2.062460e-001
3.803850e-001 3.478500e-002 1.429890e-001
3.804120e-001 -7.662000e-003 2.495330e-001
3.806110e-001 7.163000e-002 1.435550e-001
3.807750e-001 -1.223700e-002 2.435790e-001
3.808060e-001 4.753900e-002 1.405080e-001
3.815970e-001 1.057130e-001 1.813450e-001
3.816800e-001 6.111500e-002 1.407600e-001
3.822580e-001 9.973500e-002 2.283800e-001
3.822870e-001 1.058800e-002 1.555880e-001
3.827860e-001 1.038540e-001 2.197430e-001
3.836090e-001 3.428000e-003 1.642790e-001
3.837580e-001 7.928700e-002 2.501660e-001
3.846770e-001 6.307900e-002 2.595770e-001
3.849600e-001 3.423200e-002 2.635030e-001
3.861270e-001 1.850500e-002 1.491610e-001
3.863910e-001 1.069080e-001 1.886710e-001
3.864160e-001 -1.837200e-002 2.338430e-001
3.867050e-001 9.334700e-002 1.586730e-001
3.869680e-001 1.072400e-002 2.601950e-001
3.870960e-001 4.813000e-003 2.580650e-001
3.877640e-001 1.023520e-001 1.715330e-001
3.889590e-001 -1.397200e-002 2.447730e-001
3.891710e-001 5.282100e-002 2.620860e-001
3.892920e-001 1.655400e-002 2.612080e-001
3.893890e-001 1.062390e-001 2.119060e-001
3.893900e-001 5.858000e-003 1.599220e-001
3.908100e-001 1.074530e-001 1.987280e-001
3.910120e-001 -2.080500e-002 2.250320e-001
3.911610e-001 2.439200e-002 1.457900e-001
3.922390e-001 -5.781000e-003 1.789190e-001
3.923170e-001 6.830600e-002 2.568880e-001
3.925950e-001 3.486500e-002 1.419540e-001
3.929800e-001 3.712800e-002 2.634790e-001
3.929990e-001 1.044740e-001 1.777740e-001
3.930430e-001 8.928500e-002 2.415100e-001
3.930820e-001 -2.074600e-002 2.180190e-001
3.936660e-001 9.944500e-002 1.668750e-001
3.941530e-001 -1.164200e-002 1.895310e-001
3.945560e-001 -1.778800e-002 2.041250e-001
3.953330e-001 -1.780500e-002 2.401830e-001
3.956240e-001 1.424500e-002 1.511470e-001
3.966380e-001 5.479200e-002 1.399480e-001
3.977000e-001 7.634500e-002 1.462300e-001
3.979450e-001 6.433800e-002 1.415340e-001
3.979890e-001 -5.141000e-003 2.541450e-001
3.981220e-001 -2.121400e-002 2.323100e-001
3.986800e-001 4.294400e-002 1.401680e-001
3.991950e-001 8.970000e-003 1.553980e-001
3.995080e-001 7.703200e-002 2.510210e-001
3.995190e-001 -9.806000e-003 2.504890e-001
4.002690e-001 -3.883000e-003 1.729350e-001
4.007520e-001 2.336000e-003 1.631460e-001
4.012800e-001 8.539700e-002 1.524050e-001
4.018430e-001 4.361100e-002 2.629220e-001
4.026160e-001 2.156400e-002 1.459510e-001
4.027230e-001 1.049220e-001 2.160060e-001
4.032850e-001 3.416000e-002 1.415640e-001
4.040390e-001 9.161700e-002 1.587210e-001
4.040660e-001 1.063800e-001 2.075180e-001
4.041020e-001 6.183900e-002 2.589010e-001
4.047260e-001 -2.312700e-002 2.260330e-001
4.048550e-001 1.068340e-001 1.983590e-001
4.061010e-001 1.015350e-001 1.744290e-001
4.061300e-001 -1.628500e-002 2.452400e-001
4.071140e-001 2.421600e-002 2.617850e-001
4.076580e-001 9.484500e-002 2.347680e-001
4.079770e-001 -2.102800e-002 2.382500e-001
4.081350e-001 1.469600e-002 1.496200e-001
4.081370e-001 -7.670000e-004 2.568400e-001
4.086060e-001 1.000260e-001 2.271580e-001
4.091500e-001 -1.096700e-002 2.514250e-001
4.099480e-001 9.759000e-002 1.680680e-001
4.101910e-001 8.937000e-003 2.598610e-001
4.107620e-001 1.055560e-001 1.905790e-001
4.114990e-001 5.639600e-002 1.406520e-001
4.115470e-001 3.252300e-002 2.619430e-001
4.117950e-001 -1.210800e-002 1.841160e-001
4.122660e-001 8.483900e-002 2.443360e-001
4.124360e-001 4.192500e-002 2.613920e-001
4.125290e-001 -2.261900e-002 2.092230e-001
4.129000e-001 7.639000e-002 1.477600e-001
4.136050e-001 2.836000e-002 1.430600e-001
4.146210e-001 1.013460e-001 2.225790e-001
4.147450e-001 6.352200e-002 1.423750e-001
4.148520e-001 1.042720e-001 2.133640e-001
4.149260e-001 -1.906200e-002 1.965040e-001
4.150870e-001 7.225000e-003 1.556660e-001
4.151970e-001 1.030670e-001 1.825110e-001
4.155090e-001 -3.360000e-004 1.635680e-001
4.164870e-001 1.979500e-002 1.464660e-001
4.166110e-001 8.392900e-002 1.537670e-001
4.175500e-001 6.498400e-002 2.556050e-001
4.175800e-001 -7.788000e-003 2.541540e-001
4.176990e-001 -2.475100e-002 2.200440e-001
4.197150e-001 -1.548400e-002 2.477650e-001
4.216870e-001 1.042230e-001 2.025600e-001
4.219240e-001 7.232000e-002 2.510020e-001
4.224490e-001 6.300000e-005 2.577420e-001
4.226760e-001 1.243700e-002 1.504790e-001
4.227510e-001 3.476000e-002 1.416800e-001
4.227890e-001 4.376900e-002 2.593460e-001
4.230890e-001 9.601200e-002 2.301560e-001
4.233280e-001 9.018100e-002 2.373640e-001
4.240920e-001 4.020000e-004 1.608950e-001
4.245320e-001 4.704100e-002 1.408340e-001
4.249600e-001 -1.213200e-002 1.784100e-001
4.251480e-001 -2.425000e-002 2.321450e-001
4.256830e-001 -1.958700e-002 2.432650e-001
4.260700e-001 5.465600e-002 2.571450e-001
4.264340e-001 1.021270e-001 1.885230e-001
4.264850e-001 8.569100e-002 1.580420e-001
4.264950e-001 6.427000e-003 1.548060e-001
4.266640e-001 1.026300e-001 2.093540e-001
4.269310e-001 9.995600e-002 2.196680e-001
4.269550e-001 -2.209800e-002 1.974440e-001
4.269810e-001 9.809800e-002 1.767730e-001
4.277730e-001 8.114800e-002 2.440740e-001
4.282090e-001 1.165400e-002 2.598900e-001
4.289330e-001 7.551600e-002 1.499190e-001
4.300720e-001 -4.251000e-003 1.643970e-001
4.302690e-001 6.400700e-002 1.443150e-001
4.306350e-001 -1.066500e-002 2.527650e-001
4.308880e-001 2.350400e-002 2.596880e-001
4.311640e-001 2.492000e-002 1.438010e-001
4.316010e-001 -2.134000e-003 2.570950e-001
4.323600e-001 3.736300e-002 1.413980e-001
4.323610e-001 -2.220500e-002 2.389190e-001
4.327770e-001 -2.076800e-002 1.908170e-001
4.330080e-001 3.616100e-002 2.583740e-001
4.331620e-001 -2.626500e-002 2.236530e-001
4.345670e-001 -2.658200e-002 2.145510e-001
4.349760e-001 5.995000e-003 1.536210e-001
4.353510e-001 -2.545300e-002 2.034160e-001
4.354800e-001 6.381700e-002 2.518620e-001
4.356440e-001 1.768500e-002 1.464310e-001
4.360330e-001 9.296600e-002 2.286430e-001
4.361740e-001 -1.711900e-002 2.474640e-001
4.367810e-001 8.529100e-002 2.378590e-001
4.371470e-001 -3.971000e-003 1.620360e-001
4.371630e-001 8.735200e-002 1.639120e-001
4.378530e-001 -1.354200e-002 1.747670e-001
4.393150e-001 9.867900e-002 2.078160e-001
4.395140e-001 9.902700e-002 1.989360e-001
4.403390e-001 7.872500e-002 1.553350e-001
4.406940e-001 9.689300e-002 1.854990e-001
4.422440e-001 7.417300e-002 2.444790e-001
4.430830e-001 9.430300e-002 2.197450e-001
4.430890e-001 -3.532000e-003 2.558650e-001
4.431530e-001 -2.284200e-002 1.882980e-001
4.438200e-001 2.273300e-002 2.573020e-001
4.439820e-001 7.213200e-002 1.513930e-001
4.441590e-001 -2.697800e-002 2.280330e-001
4.449980e-001 4.015800e-002 1.414840e-001
4.460990e-001 6.465300e-002 1.474780e-001
4.462120e-001 5.903600e-002 2.503330e-001
4.465460e-001 -1.854100e-002 2.464170e-001
4.467900e-001 -2.229700e-002 2.400450e-001
4.472500e-001 6.081000e-003 2.572530e-001
4.474190e-001 -2.971000e-002 2.119970e-001
4.478480e-001 8.747000e-002 2.296470e-001
4.489140e-001 8.950300e-002 1.736920e-001
4.493870e-001 -1.663000e-002 1.728220e-001
4.498160e-001 -2.305000e-002 1.832620e-001
4.506320e-001 -3.966000e-003 2.553660e-001
4.507590e-001 7.851400e-002 2.381010e-001
4.510170e-001 1.128100e-002 1.465040e-001
4.512470e-001 -8.092000e-003 1.608790e-001
4.513380e-001 2.026500e-002 1.432910e-001
4.514690e-001 -2.840800e-002 2.282570e-001
4.515560e-001 -2.827500e-002 1.953510e-001
4.518080e-001 2.927300e-002 1.418530e-001
4.520160e-001 8.161600e-002 1.628800e-001
4.527450e-001 2.535700e-002 2.545360e-001
4.527460e-001 6.210000e-004 1.523520e-001
4.529820e-001 5.059000e-002 2.503470e-001
4.534220e-001 -3.118600e-002 2.210340e-001
4.545700e-001 -1.101900e-002 2.515220e-001
4.571400e-001 -2.847400e-002 1.881400e-001
4.573990e-001 -2.032400e-002 2.433850e-001
4.577600e-001 -2.516400e-002 2.370580e-001
4.584080e-001 -2.343800e-002 1.756950e-001
4.589480e-001 8.912000e-002 2.145420e-001
4.592700e-001 4.889600e-002 1.440090e-001
4.606500e-001 -1.912900e-002 1.680050e-001
4.607630e-001 8.455300e-002 2.236390e-001
4.614420e-001 -1.285300e-002 1.598420e-001
4.616600e-001 3.531600e-002 1.412540e-001
4.618460e-001 8.548000e-003 2.542170e-001
4.620690e-001 5.683800e-002 1.472100e-001
4.622440e-001 -5.149000e-003 1.523290e-001
4.623950e-001 -1.620800e-002 2.471660e-001
4.625890e-001 7.221000e-003 1.452980e-001
4.626500e-001 3.260300e-002 2.501000e-001
4.631760e-001 6.317200e-002 2.430650e-001
4.635310e-001 1.680700e-002 1.419240e-001
4.645600e-001 7.692200e-002 2.324260e-001
4.653220e-001 1.198000e-003 2.538530e-001
4.666090e-001 -2.241500e-002 2.407040e-001
4.675960e-001 -1.377700e-002 1.579870e-001
4.676200e-001 -7.583000e-003 2.511500e-001
4.679750e-001 6.813100e-002 2.381470e-001
4.681100e-001 8.492200e-002 1.759520e-001
4.681480e-001 8.736900e-002 1.860930e-001
4.682820e-001 -3.671700e-002 2.186160e-001
4.685550e-001 -5.718000e-003 1.506330e-001
4.692710e-001 -3.708300e-002 2.040070e-001
4.708960e-001 -3.117500e-002 1.807860e-001
4.715400e-001 8.626000e-002 2.010770e-001
4.717510e-001 -3.566200e-002 2.243930e-001
4.718620e-001 -3.652200e-002 1.960110e-001
4.724020e-001 6.321800e-002 1.526070e-001
4.724480e-001 -2.364300e-002 1.658580e-001
4.731020e-001 3.793000e-002 1.416870e-001
4.735410e-001 7.091900e-002 1.582820e-001
4.740520e-001 -1.868000e-003 1.451940e-001
4.743150e-001 2.753900e-002 1.397090e-001
4.743530e-001 -1.527900e-002 2.464160e-001
4.744890e-001 7.701100e-002 1.643840e-001
4.748630e-001 5.171500e-002 2.427600e-001
4.750440e-001 -3.970300e-002 2.099440e-001
4.755160e-001 1.151600e-002 2.504230e-001
4.763500e-001 -3.396600e-002 2.288920e-001
4.773710e-001 3.178700e-002 2.453040e-001
4.777410e-001 9.328000e-003 1.396570e-001
4.778020e-001 9.360000e-004 2.505810e-001
4.781480e-001 -3.047100e-002 1.727610e-001
4.790120e-001 4.803400e-002 1.461670e-001
4.795070e-001 8.374400e-002 1.879130e-001
4.805890e-001 1.491400e-002 1.382780e-001
4.809200e-001 7.756700e-002 2.182610e-001
4.812370e-001 -1.481800e-002 1.503440e-001
4.822820e-001 -4.062600e-002 2.194510e-001
4.824400e-001 -7.816000e-003 2.475800e-001
4.827810e-001 7.942700e-002 2.107950e-001
4.835400e-001 -9.650000e-004 1.407320e-001
4.835430e-001 -1.506200e-002 2.444160e-001
4.837840e-001 2.515800e-002 1.382920e-001
4.838730e-001 -2.993900e-002 1.688530e-001
4.838960e-001 -2.291300e-002 1.576890e-001
4.846580e-001 7.247300e-002 2.233890e-001
4.851460e-001 6.473100e-002 2.313430e-001
4.859040e-001 -3.813400e-002 2.262400e-001
4.863150e-001 -2.967300e-002 2.335470e-001
4.867550e-001 -4.296000e-002 2.024760e-001
4.868100e-001 3.863500e-002 1.425350e-001
4.872350e-001 -4.168000e-002 1.940520e-001
4.874770e-001 7.357200e-002 1.642830e-001
4.879190e-001 7.701500e-002 1.693350e-001
4.881490e-001 1.103600e-002 2.472650e-001
4.888330e-001 -1.100400e-002 1.436000e-001
4.889620e-001 -3.859400e-002 1.825430e-001
4.891090e-001 -2.290700e-002 2.375520e-001
4.900330e-001 -4.368300e-002 2.148140e-001
4.907910e-001 5.501300e-002 2.354750e-001
4.909620e-001 -2.043500e-002 1.505080e-001
4.918370e-001 7.463000e-003 1.351160e-001
4.919660e-001 -4.260100e-002 2.205430e-001
4.922820e-001 1.937000e-002 2.441870e-001
4.926390e-001 5.114300e-002 1.496600e-001
4.926470e-001 7.780400e-002 1.745540e-001
4.930680e-001 -9.691000e-003 2.440780e-001
4.934670e-001 -3.480300e-002 2.308630e-001
4.937740e-001 7.300000e-004 2.463360e-001
4.940480e-001 -2.872000e-002 2.344050e-001
4.940530e-001 6.586200e-002 1.586500e-001
4.940780e-001 7.852900e-002 1.900120e-001
4.946830e-001 2.582400e-002 1.365550e-001
4.950090e-001 1.607600e-002 1.340170e-001
4.966710e-001 -1.537900e-002 1.420330e-001
4.969250e-001 4.167300e-002 2.386320e-001
4.969850e-001 3.598800e-002 1.415180e-001
4.971470e-001 -2.144300e-002 2.382750e-001
4.971650e-001 -4.778600e-002 2.068770e-001
4.974930e-001 -3.961200e-002 1.739550e-001
4.977560e-001 -4.030000e-002 2.272260e-001
4.979600e-001 7.592500e-002 1.984010e-001
5.000530e-001 -1.011200e-002 1.371310e-001
5.009610e-001 -4.263000e-003 1.339300e-001
5.011980e-001 3.117300e-002 2.403040e-001
5.016120e-001 -4.680200e-002 2.177020e-001
5.019990e-001 -5.015300e-002 1.899910e-001
5.023590e-001 -1.613000e-002 2.400630e-001
5.025720e-001 -4.849200e-002 1.829790e-001
5.029350e-001 6.574000e-003 2.433530e-001
5.034260e-001 -2.604400e-002 1.482140e-001
5.042790e-001 6.134000e-003 1.306240e-001
5.042840e-001 -5.693000e-003 2.429030e-001
5.046060e-001 7.132300e-002 1.693010e-001
5.048600e-001 7.408000e-002 1.811120e-001
5.050980e-001 4.929100e-002 1.511760e-001
5.055410e-001 6.780900e-002 2.120310e-001
5.056690e-001 6.348600e-002 2.189080e-001
5.058920e-001 7.092000e-002 2.036630e-001
5.059790e-001 5.791000e-002 2.253790e-001
5.076110e-001 4.782000e-002 2.326930e-001
5.078150e-001 6.397100e-002 1.615230e-001
5.079610e-001 1.794000e-002 1.312280e-001
5.084100e-001 -3.693300e-002 1.608290e-001
5.090060e-001 -2.005300e-002 1.388810e-001
5.095590e-001 -4.637800e-002 2.233030e-001
5.098450e-001 -4.079500e-002 2.298860e-001
5.100600e-001 1.841000e-003 2.422170e-001
5.101840e-001 3.306100e-002 1.396650e-001
5.106780e-001 -3.442800e-002 2.338660e-001
5.115970e-001 -4.421600e-002 1.684560e-001
5.118870e-001 -1.931000e-003 1.290010e-001
5.121390e-001 1.136700e-002 1.280370e-001
5.123320e-001 3.313400e-002 2.376590e-001
5.132440e-001 -1.583300e-002 2.388020e-001
5.139180e-001 6.817600e-002 1.716720e-001
5.144520e-001 -2.687000e-002 2.369410e-001
5.153700e-001 6.875600e-002 1.912570e-001
5.157970e-001 1.948400e-002 2.394280e-001
5.160520e-001 4.685200e-002 1.517110e-001
5.171130e-001 -1.465400e-002 1.314190e-001
5.174430e-001 4.658700e-002 2.297120e-001
5.175970e-001 -5.880100e-002 1.900920e-001
5.176460e-001 -5.585600e-002 1.790380e-001
5.179870e-001 -5.218200e-002 2.189540e-001
5.182430e-001 -4.565100e-002 2.277890e-001
5.183000e-001 2.549400e-002 1.333560e-001
5.185470e-001 -5.700100e-002 2.036940e-001
5.188490e-001 6.091200e-002 1.629520e-001
5.190110e-001 -3.979400e-002 2.331020e-001
5.196600e-001 -5.475000e-003 2.402540e-001
5.205380e-001 -2.545400e-002 1.374830e-001
5.208930e-001 -3.350100e-002 1.467220e-001
5.212460e-001 6.612000e-003 2.401210e-001
5.214670e-001 -6.038000e-002 1.846920e-001
5.216540e-001 5.481500e-002 2.179400e-001
5.225110e-001 -3.404400e-002 2.365540e-001
5.228430e-001 6.563500e-002 1.836030e-001
5.231490e-001 6.507100e-002 1.764410e-001
5.235680e-001 -5.461400e-002 1.729830e-001
5.236500e-001 3.447000e-002 2.352660e-001
5.242270e-001 -5.362400e-002 2.196530e-001
5.243430e-001 5.904200e-002 2.087360e-001
5.247450e-001 5.165300e-002 1.559010e-001
5.256860e-001 -1.985000e-002 2.372220e-001
5.257930e-001 -4.013800e-002 1.536240e-001
5.259480e-001 3.312300e-002 1.387050e-001
5.264970e-001 6.175500e-002 1.988260e-001
5.267620e-001 -9.431000e-003 2.386660e-001
5.268330e-001 -2.961100e-002 2.374340e-001
5.274020e-001 -8.897000e-003 1.245800e-001
5.280000e-001 -4.720000e-004 1.226970e-001
5.284400e-001 -4.563100e-002 2.308600e-001
5.285020e-001 1.336700e-002 1.243950e-001
5.289220e-001 4.322800e-002 1.496220e-001
5.289310e-001 -6.260700e-002 1.967950e-001
5.294580e-001 -2.381400e-002 1.310440e-001
5.295830e-001 5.588000e-002 1.608920e-001
5.302310e-001 1.490300e-002 2.389880e-001
5.304270e-001 -5.232100e-002 2.250250e-001
5.307710e-001 4.310700e-002 2.270390e-001
5.309580e-001 -3.046400e-002 1.369380e-001
5.330330e-001 -1.842400e-002 1.260100e-001
5.334430e-001 -3.511800e-002 1.418650e-001
5.336140e-001 -5.340400e-002 1.675530e-001
5.336370e-001 3.355800e-002 2.339120e-001
5.337820e-001 -5.927500e-002 2.150010e-001
5.342820e-001 -6.511100e-002 1.887690e-001
5.343310e-001 2.632800e-002 2.370940e-001
5.346940e-001 -3.327700e-002 2.369230e-001
5.347300e-001 2.270000e-004 2.386050e-001
5.348270e-001 -4.346500e-002 1.550040e-001
5.361510e-001 -1.917800e-002 2.357470e-001
5.364350e-001 -6.524700e-002 1.841230e-001
5.368580e-001 -4.426300e-002 2.332190e-001
5.370210e-001 -6.218900e-002 2.109660e-001
5.393240e-001 -1.532400e-002 1.218380e-001
5.405320e-001 -1.108700e-002 2.367670e-001
5.423900e-001 -6.170400e-002 1.733440e-001
5.430870e-001 -5.792500e-002 2.216710e-001
5.437990e-001 1.073300e-002 2.393340e-001
5.438270e-001 -4.010300e-002 2.347850e-001
5.439120e-001 -6.485500e-002 1.775840e-001
5.452520e-001 1.817000e-003 2.388020e-001
5.459240e-001 -2.995900e-002 1.289770e-001
5.467190e-001 -6.731400e-002 2.003600e-001
5.468900e-001 -2.476700e-002 2.336740e-001
5.472680e-001 -3.933500e-002 1.409480e-001
5.474110e-001 -4.417800e-002 2.329360e-001
5.474950e-001 -6.435600e-002 2.112910e-001
5.476740e-001 -4.795100e-002 1.584290e-001
5.481390e-001 -3.491000e-002 2.344080e-001
5.485910e-001 -6.043500e-002 2.184680e-001
5.487590e-001 -5.398100e-002 2.251190e-001
5.504250e-001 -4.346200e-002 1.492770e-001
5.528560e-001 -6.908700e-002 1.873110e-001
5.528780e-001 -6.764400e-002 2.082210e-001
5.544090e-001 -6.178800e-002 1.717430e-001
5.569930e-001 -6.761500e-002 1.797850e-001
5.615990e-001 -6.793900e-002 2.125930e-001
5.623760e-001 -7.277300e-002 1.974040e-001
