22765
22766
22767
22768
22769
22770
22771
22772
22773
22774
22775
22776
22777
22778
22779
22780
22781
22782
22783
22784
22785
22786
22787
22788
22789
22790
22791
22792
22793
22794
22795
22796
22797
22798
22799
22800
22801
22802
22803
22804
22805
22806
22807
22808
22809
22810
22811
22812
22813
22814
22815
22816
22817
22818
22819
22820
23093
23094
23095
23096
23097
23098
23099
23100
23101
23102
23103
23104
23105
23106
23107
23108
23109
23110
23111
23112
23113
23114
23115
23116
23117
23118
23119
23120
23121
23122
23123
23124
23125
23126
23127
23128
23129
23130
23131
23132
23133
23134
23135
23136
23137
23138
23139
23140
23141
23142
23143
23144
23145
23146
23147
23148
23149
23150
23151
23180
23181
23182
23312
23313
23314
23315
23316
23317
23318
23319
23320
23321
23322
23323
23324
23325
23326
23327
23328
23329
23330
23331
23332
23333
23334
23335
23336
23337
23338
23339
23340
23341
23342
23343
23344
23345
23346
23347
23348
23349
23350
23351
23352
23353
23354
23355
23356
23357
23358
23359
23360
23361
23362
23363
23364
23365
23366
23367
23368
23369
23370
23371
23372
23373
23374
23375
23376
23377
23378
23379
23380
23381
23382
23383
23384
23385
23386
23395
23396
23397
23398
23399
23400
23401
23402
23403
23404
23405
23406
23407
23408
23409
23410
23411
23412
23413
23414
23415
23416
23417
23425
23426
23427
23428
23429
23430
23431
23432
23433
23434
23453
23454
23455
23456
23457
23458
23459
23460
23461
23462
23463
23464
23465
23466
23467
23468
23493
23494
23495
23496
23497
23504
23505
23506
23507
23508
23509
23510
23512
23513
23514
23515
23526
23527
23528
23534
23535
23536
23537
23538
23539
23540
23541
23542
23543
23544
23545
23546
23547
23548
23549
23550
23551
23552
23553
23554
23555
23556
23557
23558
23559
23562
23563
23564
23565
23566
23567
23568
23569
23570
23571
23586
23587
23588
23589
23590
23591
23592
23593
23594
23595
23596
23597
23609
23610
23620
23621
23622
23647
23648
23649
23652
23653
23654
23655
23656
23657
23658
23659
23660
23661
23662
23663
23668
23670
23673
23674
23675
23676
23677
23678
23679
23680
23691
23692
23693
23694
23697
23698
23703
23709
23710
23711
23712
23713
23714
23715
23716
23717
23718
23719
23720
23721
23722
23723
23724
23727
23728
23729
23730
23731
23732
23733
23734
23763
23778
23788
23789
23790
23791
23792
23810
23811
23812
23813
23817
23818
23819
23820
23821
23822
23823
23824
23825
23826
23828
23829
23831
23832
23833
23845
23846
23847
23848
23849
23850
23851
23852
23853
23854
23855
23856
23857
23858
23871
23872
23873
23874
23875
23876
23877
23878
23879
23880
23881
23882
23883
23884
23889
23890
23891
23892
23893
23894
23895
23896
23897
23898
23899
23900
23901
23902
23903
23904
23907
23908
23909
23910
23911
23912
23913
23914
23915
23916
23919
23938
23939
23940
23941
23942
23943
23944
23945
23950
23951
23955
23956
23957
23964
23972
23973
23974
23989
23990
23991
23992
23993
23994
23995
23996
23997
23998
23999
24000
24001
24002
24003
24004
24005
24006
24007
24008
24009
24010
24011
24012
24013
24014
24015
24016
24017
24018
24019
24020
24021
24022
24023
24024
24025
24026
24027
24028
24029
24030
24031
24032
24033
24034
24035
24036
24037
24038
24039
24045
24046
24047
24048
24049
24050
24051
24052
24053
24054
24055
24056
24057
24058
24059
24060
24061
24062
24065
24098
24099
24100
24101
24102
24103
24104
24105
24106
24107
24108
24109
24110
24111
24112
24113
24114
24115
24116
24117
24118
24119
24120
24121
24122
24123
24124
24125
24126
24127
24128
24129
24130
24131
24132
24133
24134
24146
24147
24148
24149
24150
24151
24152
24153
24154
24155
24156
24157
24158
24159
24160
24161
24162
24163
24169
24170
24189
24194
24200
24201
24202
24203
24204
24205
24206
24207
24208
24209
24210
24211
24212
24213
24214
24215
24216
24217
24218
24219
24220
24221
24222
24223
24224
24225
24226
24227
24229
24230
24231
24232
24233
24234
24235
24236
24237
24238
24239
24250
24251
24252
24253
24254
24263
24264
24265
24266
24268
24269
24270
24271
24272
24273
24274
24275
24276
24277
24278
24279
24280
24281
24282
24283
24284
24285
24286
24287
24288
24289
24290
24291
24292
24293
24294
24302
24303
24304
24305
24317
24337
24339
24340
24341
24342
24343
24344
24345
24346
24347
24348
24350
24351
24355
24356
24357
24358
24359
24360
24372
24373
24374
24377
24378
24379
24380
24381
24382
24383
24384
24402
24403
24404
24405
24406
24407
24413
24414
24415
24416
24417
24420
24421
24422
24423
24425
24426
24428
24429
24430
24431
24432
24433
24434
24435
24436
24437
24439
24440
24441
24442
24444
24445
24446
24447
24448
24449
24450
24451
24452
24453
24454
24455
24456
24457
24458
24459
24460
24461
24462
24463
24464
24465
24466
24467
24468
24469
24470
24471
24472
24864
24865
24866
24867
24869
24870
24871
24872
24873
24874
24877
24878
24879
24880
24881
24882
24884
24885
24886
24887
24888
24889
24890
24893
24896
24897
24898
24899
24900
24902
24903
24904
24905
24906
24907
24909
24910
24912
24913
24914
24915
24918
24919
