1.487600e-002 -6.145000e-002 2.766440e-001
1.501200e-002 -6.417000e-002 2.647780e-001
1.539200e-002 -6.842800e-002 2.834910e-001
1.560400e-002 -7.548500e-002 2.701070e-001
1.563100e-002 -4.006000e-002 2.704030e-001
1.618200e-002 -6.716000e-002 2.470270e-001
1.628700e-002 -5.047700e-002 2.501240e-001
1.630700e-002 -2.616100e-002 2.854470e-001
1.639200e-002 -7.670400e-002 2.512650e-001
1.669800e-002 -8.187700e-002 2.767690e-001
1.701600e-002 -6.021700e-002 2.971660e-001
1.704800e-002 -2.905600e-002 2.973230e-001
1.774900e-002 -8.002100e-002 2.943200e-001
1.801300e-002 -1.127500e-002 2.939780e-001
1.801400e-002 8.021300e-002 2.353200e-001
1.818000e-002 9.075900e-002 2.317510e-001
1.818200e-002 -5.052600e-002 2.357820e-001
1.843500e-002 -2.421000e-003 2.769800e-001
1.863400e-002 -2.876800e-002 3.052630e-001
1.871100e-002 8.155600e-002 2.497740e-001
1.873400e-002 5.578600e-002 2.374410e-001
1.874700e-002 -1.366000e-002 3.009700e-001
1.875300e-002 6.489900e-002 2.456410e-001
1.902400e-002 4.183500e-002 2.677220e-001
1.903200e-002 -8.293600e-002 2.354820e-001
1.910300e-002 9.816100e-002 2.110250e-001
1.923700e-002 1.416500e-002 2.708100e-001
1.932300e-002 1.078850e-001 2.290420e-001
1.937700e-002 6.800000e-005 2.608560e-001
1.943900e-002 1.911900e-002 2.600880e-001
1.945600e-002 8.746400e-002 1.870910e-001
1.957800e-002 -8.810400e-002 2.972760e-001
1.961200e-002 -9.817400e-002 2.662060e-001
1.973400e-002 -6.917500e-002 3.043960e-001
1.977100e-002 -5.975700e-002 3.099730e-001
1.977300e-002 -7.840600e-002 3.043040e-001
1.982800e-002 -1.005600e-001 2.406110e-001
1.988300e-002 4.470000e-002 2.293810e-001
1.988700e-002 -9.398000e-002 2.911270e-001
1.990800e-002 5.421600e-002 2.623590e-001
2.002400e-002 1.082350e-001 2.185400e-001
2.007700e-002 8.977700e-002 1.804780e-001
2.009400e-002 -9.476500e-002 2.329520e-001
2.013100e-002 4.520800e-002 2.728580e-001
2.015800e-002 1.000890e-001 1.871480e-001
2.022200e-002 7.619000e-003 2.900950e-001
2.022900e-002 7.480300e-002 2.580650e-001
2.025600e-002 -1.126850e-001 2.343540e-001
2.048300e-002 -6.008800e-002 2.212990e-001
2.053900e-002 -1.512900e-002 2.401110e-001
2.054000e-002 9.090500e-002 2.467160e-001
2.056300e-002 1.202420e-001 2.239000e-001
2.085100e-002 1.177550e-001 2.289980e-001
2.098200e-002 -1.116880e-001 2.630150e-001
2.103100e-002 -2.277900e-002 3.095410e-001
2.103300e-002 -1.251540e-001 2.541590e-001
2.107000e-002 7.695200e-002 1.808130e-001
2.109400e-002 6.648800e-002 2.595890e-001
2.111000e-002 -4.207700e-002 3.130790e-001
2.112500e-002 -1.132970e-001 2.796990e-001
2.129400e-002 -5.222500e-002 3.170290e-001
2.139200e-002 1.016750e-001 1.794530e-001
2.142200e-002 -8.017800e-002 2.266980e-001
2.153000e-002 -1.034610e-001 2.828590e-001
2.155100e-002 -1.374070e-001 2.534040e-001
2.156800e-002 -5.815000e-003 3.030770e-001
2.156900e-002 6.421000e-002 1.911790e-001
2.159700e-002 8.653900e-002 2.541420e-001
2.161600e-002 -3.837900e-002 2.246770e-001
2.166600e-002 -1.338980e-001 2.607920e-001
2.167600e-002 -1.104160e-001 2.266560e-001
2.173900e-002 -1.201030e-001 2.305940e-001
2.175600e-002 3.309800e-002 2.805610e-001
2.176400e-002 -9.952100e-002 2.926250e-001
2.198200e-002 -8.834700e-002 3.014840e-001
2.201900e-002 3.149100e-002 2.205050e-001
2.202400e-002 4.731600e-002 2.764120e-001
2.208000e-002 7.524300e-002 2.611400e-001
2.213200e-002 -1.165970e-001 2.682760e-001
2.216000e-002 9.616600e-002 1.749690e-001
2.221500e-002 -7.815100e-002 3.083330e-001
2.223800e-002 5.898500e-002 2.664080e-001
2.226200e-002 -9.458000e-002 2.254760e-001
2.232200e-002 -7.264000e-003 2.267920e-001
2.233300e-002 1.263600e-002 2.294250e-001
2.237400e-002 -5.907400e-002 3.180100e-001
2.247100e-002 -1.204030e-001 2.610540e-001
2.283100e-002 -6.544200e-002 2.182720e-001
2.291500e-002 -2.961100e-002 2.214720e-001
2.318200e-002 8.530700e-002 1.747460e-001
2.344500e-002 -9.110900e-002 2.978660e-001
2.358100e-002 3.368600e-002 2.087790e-001
2.366700e-002 8.521500e-002 2.539340e-001
2.367600e-002 -9.795000e-003 2.199290e-001
2.373600e-002 -1.171070e-001 2.636180e-001
2.374000e-002 -5.536100e-002 2.154160e-001
2.374100e-002 4.885400e-002 2.730300e-001
2.376300e-002 1.741000e-002 2.210150e-001
2.376700e-002 -2.019900e-002 3.107020e-001
2.379200e-002 -1.322870e-001 2.636510e-001
2.379700e-002 -4.029100e-002 3.163120e-001
2.381300e-002 1.146000e-001 2.349230e-001
2.386800e-002 2.308000e-003 2.223830e-001
2.388000e-002 -1.202750e-001 2.805050e-001
2.388100e-002 -9.944700e-002 2.944730e-001
2.391500e-002 5.614800e-002 1.886530e-001
2.393900e-002 -1.133210e-001 2.856800e-001
2.394900e-002 1.008930e-001 1.739630e-001
2.395600e-002 9.605100e-002 2.487130e-001
2.396900e-002 3.974100e-002 2.780390e-001
2.400700e-002 -8.394000e-002 3.068670e-001
2.407000e-002 -1.414380e-001 2.448610e-001
2.408500e-002 -1.073000e-003 3.016210e-001
2.410800e-002 -4.991100e-002 3.207890e-001
2.415200e-002 -1.249580e-001 2.280890e-001
2.420100e-002 -7.043100e-002 3.084020e-001
2.421900e-002 7.738200e-002 1.758330e-001
2.423300e-002 -1.451210e-001 2.549670e-001
2.424600e-002 -1.194310e-001 2.708900e-001
2.427200e-002 -6.238900e-002 3.178500e-001
2.435000e-002 -1.053190e-001 2.856650e-001
2.436600e-002 -6.657200e-002 3.123320e-001
2.442100e-002 7.007700e-002 2.611720e-001
2.444100e-002 -1.387970e-001 2.612110e-001
2.454000e-002 1.231490e-001 1.946160e-001
2.466400e-002 1.285010e-001 2.117010e-001
2.498000e-002 -1.157050e-001 2.245050e-001
2.515600e-002 -5.679000e-002 3.205030e-001
2.523100e-002 -9.674700e-002 2.232700e-001
2.538600e-002 -3.784300e-002 2.166530e-001
2.545800e-002 -7.940200e-002 3.092530e-001
2.572100e-002 -1.187050e-001 2.619150e-001
2.579000e-002 1.235760e-001 2.250380e-001
2.581400e-002 -1.402920e-001 2.388140e-001
2.598100e-002 2.401200e-002 2.110860e-001
2.599200e-002 -2.415600e-002 2.170890e-001
2.603200e-002 1.269340e-001 1.949570e-001
2.608500e-002 1.222490e-001 1.901060e-001
2.612200e-002 1.287420e-001 2.068110e-001
2.617700e-002 -1.733500e-002 3.095580e-001
2.626500e-002 -1.121790e-001 2.619420e-001
2.639700e-002 -1.131900e-001 2.844970e-001
2.641500e-002 -1.284390e-001 2.639980e-001
2.663500e-002 1.374000e-003 2.170020e-001
2.686600e-002 -1.257910e-001 2.272690e-001
2.688700e-002 -8.133600e-002 2.209260e-001
2.696900e-002 2.584000e-002 2.867600e-001
2.709800e-002 -8.526000e-003 2.154300e-001
2.710500e-002 -5.854800e-002 2.148800e-001
2.718500e-002 -7.043100e-002 2.173910e-001
2.722900e-002 1.113350e-001 1.771810e-001
2.786900e-002 -6.650800e-002 3.105800e-001
2.798200e-002 -1.367330e-001 2.330050e-001
2.799400e-002 -8.507700e-002 3.051540e-001
2.802400e-002 3.937600e-002 2.778110e-001
2.802900e-002 9.627900e-002 1.721470e-001
2.816000e-002 -1.438440e-001 2.416610e-001
2.836300e-002 1.060000e-002 2.134830e-001
2.836300e-002 5.611100e-002 2.689670e-001
2.840000e-002 -1.416310e-001 2.588700e-001
2.864200e-002 4.699000e-003 2.978820e-001
2.897100e-002 1.269610e-001 1.931290e-001
2.902400e-002 4.195800e-002 1.934740e-001
2.916500e-002 1.061930e-001 2.428040e-001
2.971500e-002 -3.203600e-002 3.131280e-001
2.971800e-002 -1.162030e-001 2.705030e-001
2.973100e-002 1.079010e-001 1.741220e-001
3.011800e-002 8.854700e-002 2.531440e-001
3.014200e-002 -3.509900e-002 2.139420e-001
3.014900e-002 -1.084700e-001 2.594930e-001
3.039000e-002 1.871200e-002 2.074110e-001
3.044600e-002 -9.562900e-002 2.944460e-001
3.047200e-002 -9.986100e-002 2.897630e-001
3.047700e-002 -2.258600e-002 3.087970e-001
3.051200e-002 -1.103150e-001 2.580750e-001
3.088400e-002 -1.023560e-001 2.828410e-001
3.093900e-002 8.607200e-002 1.732530e-001
3.103500e-002 1.290980e-001 2.137950e-001
3.114700e-002 -8.810300e-002 2.970020e-001
3.115200e-002 -1.447250e-001 2.439910e-001
3.126300e-002 -9.994600e-002 2.233310e-001
3.137400e-002 -1.349240e-001 2.336250e-001
3.142400e-002 -1.167580e-001 2.262160e-001
3.144700e-002 -1.356750e-001 2.622090e-001
3.145400e-002 -1.439470e-001 2.526360e-001
3.189100e-002 6.135500e-002 1.822990e-001
3.200300e-002 1.214740e-001 1.822540e-001
3.208200e-002 -8.720000e-003 2.113760e-001
3.243500e-002 -1.417250e-001 2.391340e-001
3.248100e-002 1.210220e-001 2.291580e-001
3.255900e-002 -5.983100e-002 3.190550e-001
3.263700e-002 1.304150e-001 1.945400e-001
3.274100e-002 -8.464700e-002 2.208080e-001
3.279200e-002 1.160520e-001 1.776820e-001
3.290100e-002 1.309300e-001 2.045140e-001
3.324900e-002 -1.252760e-001 2.601520e-001
3.328700e-002 -8.405500e-002 3.029670e-001
3.351500e-002 -7.365200e-002 3.099450e-001
3.354200e-002 -8.017000e-003 3.012360e-001
3.381600e-002 1.267110e-001 1.873990e-001
3.382700e-002 -5.084800e-002 3.214580e-001
3.390400e-002 -6.569200e-002 3.097080e-001
3.398700e-002 -1.059030e-001 2.792610e-001
3.400000e-002 -1.353350e-001 2.604960e-001
3.404500e-002 5.143000e-003 2.955180e-001
3.416700e-002 7.663700e-002 1.767370e-001
3.423900e-002 -1.398240e-001 2.579000e-001
3.424000e-002 -1.307030e-001 2.356330e-001
3.425500e-002 -6.276900e-002 3.113390e-001
3.435400e-002 -1.102840e-001 2.741590e-001
3.448000e-002 4.693500e-002 1.871420e-001
3.452100e-002 1.269880e-001 2.202650e-001
3.474100e-002 -3.034200e-002 3.095020e-001
3.489200e-002 -1.065080e-001 2.587060e-001
3.501100e-002 7.550000e-002 2.578430e-001
3.529600e-002 -4.605500e-002 2.133390e-001
3.537600e-002 -1.775000e-002 2.096860e-001
3.559400e-002 1.036440e-001 2.435880e-001
3.603500e-002 -6.131500e-002 3.154070e-001
3.613800e-002 -1.096960e-001 2.677030e-001
3.614900e-002 -1.342560e-001 2.374850e-001
3.619800e-002 -5.452000e-002 3.202400e-001
3.626800e-002 -6.119000e-002 2.158710e-001
3.637000e-002 1.176990e-001 2.321900e-001
3.648600e-002 -2.348100e-002 3.024600e-001
3.657400e-002 -1.407450e-001 2.446080e-001
3.665000e-002 -9.740100e-002 2.863720e-001
3.669900e-002 -1.310580e-001 2.527380e-001
3.682700e-002 -1.049490e-001 2.542900e-001
3.705800e-002 1.920000e-004 2.075060e-001
3.722600e-002 -9.608700e-002 2.800580e-001
3.730400e-002 -5.826100e-002 3.054740e-001
3.730900e-002 1.006140e-001 1.736560e-001
3.739800e-002 -1.238480e-001 2.538170e-001
3.768600e-002 -4.794100e-002 3.191770e-001
3.776000e-002 -9.644100e-002 2.254670e-001
3.790200e-002 -8.064900e-002 3.028780e-001
3.795300e-002 -7.704100e-002 3.071850e-001
3.800200e-002 -8.178800e-002 2.965930e-001
3.802600e-002 -1.382750e-001 2.495530e-001
3.809900e-002 -1.295360e-001 2.416080e-001
3.813300e-002 -6.930700e-002 3.089350e-001
3.840100e-002 1.314600e-002 2.026430e-001
3.843600e-002 -3.093600e-002 3.041170e-001
3.847100e-002 -1.246370e-001 2.460690e-001
3.867800e-002 1.313300e-001 2.027140e-001
3.872100e-002 5.700200e-002 2.646810e-001
3.895900e-002 2.752100e-002 2.783090e-001
3.895900e-002 1.126610e-001 2.361660e-001
3.903000e-002 -1.004990e-001 2.544140e-001
3.919100e-002 -8.459300e-002 2.223510e-001
3.968000e-002 -4.394100e-002 3.138920e-001
3.985700e-002 -5.334500e-002 3.172390e-001
3.992200e-002 -5.682300e-002 3.134740e-001
3.998000e-002 1.296610e-001 2.121570e-001
4.002300e-002 -5.609100e-002 3.013210e-001
4.012100e-002 -1.187650e-001 2.491500e-001
4.013500e-002 -7.739200e-002 2.955240e-001
4.020600e-002 2.716500e-002 1.941010e-001
4.042300e-002 -8.778600e-002 2.955350e-001
4.042700e-002 -5.314300e-002 3.039070e-001
4.062000e-002 6.541000e-002 1.798800e-001
4.070600e-002 9.256800e-002 2.480400e-001
4.081200e-002 -7.150600e-002 2.177150e-001
4.083800e-002 -9.285800e-002 2.914470e-001
4.087600e-002 -1.155060e-001 2.384470e-001
4.101000e-002 -1.061980e-001 2.641190e-001
4.121300e-002 -5.188100e-002 3.121260e-001
4.131800e-002 -1.553600e-002 2.079860e-001
4.137900e-002 -9.889400e-002 2.288880e-001
4.138100e-002 -1.052760e-001 2.506780e-001
4.150000e-002 -6.423800e-002 2.972710e-001
4.163100e-002 9.033000e-002 1.754620e-001
4.175100e-002 -7.173700e-002 3.046470e-001
4.180000e-002 -1.062150e-001 2.327800e-001
4.184300e-002 -4.689600e-002 3.011740e-001
4.199200e-002 1.127460e-001 1.777750e-001
4.201000e-002 -3.685800e-002 2.998480e-001
4.202100e-002 -7.540700e-002 3.029530e-001
4.242600e-002 -1.020400e-001 2.778070e-001
4.273600e-002 -7.351900e-002 2.920330e-001
4.283800e-002 1.243490e-001 1.856670e-001
4.288600e-002 -1.892600e-002 2.938970e-001
4.311300e-002 2.753300e-002 2.768340e-001
4.332900e-002 3.969400e-002 1.869730e-001
4.351000e-002 4.925500e-002 1.837570e-001
4.360600e-002 -9.759500e-002 2.512940e-001
4.394600e-002 1.277050e-001 1.898630e-001
4.399300e-002 -4.155300e-002 2.932030e-001
4.400900e-002 -5.449900e-002 2.875220e-001
4.405900e-002 -8.325600e-002 2.940310e-001
4.436900e-002 -1.049780e-001 2.405550e-001
4.439100e-002 -1.027670e-001 2.604790e-001
4.445900e-002 -8.848400e-002 2.917430e-001
4.493600e-002 -8.918000e-002 2.781220e-001
4.499800e-002 -9.097800e-002 2.845320e-001
4.501300e-002 -3.813000e-003 2.047300e-001
4.512900e-002 7.535400e-002 2.562410e-001
4.518600e-002 -3.023600e-002 2.922110e-001
4.528400e-002 9.819400e-002 2.437360e-001
4.531500e-002 7.922900e-002 1.786500e-001
4.539400e-002 -9.995900e-002 2.462530e-001
4.576000e-002 -7.570500e-002 2.841970e-001
4.582700e-002 -7.608500e-002 2.209660e-001
4.583500e-002 7.240000e-004 2.867330e-001
4.585400e-002 -9.957600e-002 2.369690e-001
4.600200e-002 -1.025570e-001 2.747980e-001
4.607000e-002 -8.898000e-002 2.295560e-001
4.619600e-002 -1.039730e-001 2.676620e-001
4.623100e-002 -8.350900e-002 2.898070e-001
4.642700e-002 1.954100e-002 1.958030e-001
4.666100e-002 -6.583200e-002 2.780360e-001
4.667200e-002 -2.099100e-002 2.908900e-001
4.667400e-002 1.642700e-002 2.796470e-001
4.668400e-002 7.708000e-003 2.834380e-001
4.687000e-002 -9.604400e-002 2.763370e-001
4.687000e-002 -8.220900e-002 2.784190e-001
4.694000e-002 -4.163500e-002 2.854220e-001
4.724300e-002 6.674200e-002 1.803210e-001
4.726900e-002 -8.850000e-002 2.742440e-001
4.727500e-002 5.675000e-002 2.638800e-001
4.739900e-002 9.916100e-002 1.774630e-001
4.771500e-002 1.300400e-001 1.963150e-001
4.772000e-002 -9.336500e-002 2.595590e-001
4.779000e-002 -9.180600e-002 2.490710e-001
4.793300e-002 -5.588800e-002 2.767280e-001
4.805700e-002 -2.077700e-002 2.085830e-001
4.825100e-002 -9.976100e-002 2.662140e-001
4.860800e-002 -8.517600e-002 2.657070e-001
4.861000e-002 -7.050200e-002 2.678280e-001
4.868200e-002 -9.807000e-002 2.707750e-001
4.915000e-002 1.275230e-001 2.150410e-001
4.959300e-002 -3.958700e-002 2.138050e-001
4.983300e-002 -8.373100e-002 2.556800e-001
4.994200e-002 -6.858600e-002 2.631300e-001
4.997400e-002 5.814200e-002 1.814320e-001
5.001900e-002 1.079720e-001 2.356290e-001
5.024800e-002 -8.574200e-002 2.332880e-001
5.051400e-002 3.878300e-002 1.859870e-001
5.054200e-002 -1.225000e-003 2.025610e-001
5.075300e-002 -3.268000e-002 2.818860e-001
5.086600e-002 1.053920e-001 1.789940e-001
5.099200e-002 1.177410e-001 1.832310e-001
5.136100e-002 4.317100e-002 2.696470e-001
5.172100e-002 -7.604700e-002 2.257620e-001
5.220400e-002 -5.654700e-002 2.200150e-001
5.247200e-002 -7.717000e-003 2.819900e-001
5.284800e-002 -6.359300e-002 2.614710e-001
5.316900e-002 -6.864600e-002 2.236350e-001
5.327500e-002 -7.893600e-002 2.480850e-001
5.351700e-002 2.505700e-002 1.922810e-001
5.406300e-002 7.419000e-002 1.824750e-001
5.430000e-002 -2.023700e-002 2.809800e-001
5.476800e-002 8.797800e-002 1.802260e-001
5.522200e-002 -7.763800e-002 2.400250e-001
5.524800e-002 -2.285800e-002 2.112590e-001
5.527300e-002 2.897400e-002 2.731730e-001
5.529800e-002 -3.814900e-002 2.747780e-001
5.560500e-002 -5.128600e-002 2.222550e-001
5.628100e-002 1.293330e-001 2.066580e-001
5.648600e-002 1.814600e-002 1.959300e-001
5.675100e-002 1.252230e-001 2.160290e-001
5.688100e-002 7.576000e-003 2.776350e-001
5.700300e-002 -1.326000e-003 2.028850e-001
5.703100e-002 -7.153000e-002 2.319100e-001
5.740800e-002 -4.866400e-002 2.665820e-001
5.761400e-002 7.393100e-002 2.569140e-001
5.782100e-002 1.299880e-001 2.010010e-001
5.791600e-002 8.702000e-003 1.984980e-001
5.824200e-002 -1.700000e-003 2.788240e-001
5.960900e-002 1.104300e-001 2.303190e-001
5.964200e-002 3.696400e-002 1.872820e-001
5.966900e-002 -4.184600e-002 2.218270e-001
6.033500e-002 -6.144000e-002 2.310520e-001
6.061000e-002 6.105600e-002 2.627860e-001
6.102900e-002 8.535500e-002 2.506070e-001
6.131200e-002 -5.252600e-002 2.285360e-001
6.141800e-002 1.373900e-002 2.749620e-001
6.175300e-002 -2.781400e-002 2.166110e-001
6.269500e-002 1.263590e-001 1.954310e-001
6.306500e-002 1.121930e-001 1.841860e-001
6.317900e-002 1.211860e-001 2.177600e-001
6.325200e-002 4.525000e-002 2.690920e-001
6.342400e-002 9.602600e-002 1.818420e-001
6.360100e-002 -5.302600e-002 2.529600e-001
6.367900e-002 -2.889600e-002 2.707620e-001
6.375100e-002 6.955200e-002 1.848730e-001
6.428400e-002 5.340300e-002 1.870570e-001
6.438900e-002 -4.465500e-002 2.604940e-001
6.460400e-002 -5.526600e-002 2.374670e-001
6.464600e-002 -5.524300e-002 2.453660e-001
6.533100e-002 -1.925000e-003 2.058620e-001
6.537000e-002 2.973900e-002 1.914000e-001
6.555300e-002 -3.805300e-002 2.250060e-001
6.557200e-002 1.728000e-002 1.976580e-001
6.578800e-002 9.365000e-002 2.458360e-001
6.589900e-002 3.979000e-003 2.722940e-001
6.599600e-002 -4.628400e-002 2.317460e-001
6.629200e-002 3.770800e-002 1.894400e-001
6.662500e-002 6.592100e-002 2.600570e-001
6.713800e-002 -1.563500e-002 2.687670e-001
6.716000e-002 2.972700e-002 2.708700e-001
6.838400e-002 -2.404300e-002 2.197460e-001
6.853000e-002 1.264570e-001 1.997100e-001
6.854800e-002 1.242150e-001 2.100820e-001
6.872600e-002 -4.407100e-002 2.376990e-001
6.913600e-002 7.903300e-002 2.532730e-001
6.966300e-002 6.068000e-002 1.871770e-001
6.985700e-002 1.145330e-001 2.204580e-001
6.988000e-002 8.214000e-003 2.017210e-001
7.007500e-002 -4.187500e-002 2.480750e-001
7.026900e-002 9.972100e-002 2.398090e-001
7.055400e-002 1.070330e-001 1.857090e-001
7.078800e-002 -1.129800e-002 2.131100e-001
7.086700e-002 1.066770e-001 2.310990e-001
7.088800e-002 5.274000e-002 2.648430e-001
7.104700e-002 2.160600e-002 1.975780e-001
7.109900e-002 7.405100e-002 2.538990e-001
7.112200e-002 -2.177000e-003 2.687330e-001
7.153200e-002 -2.388300e-002 2.621970e-001
7.166500e-002 7.880300e-002 1.851920e-001
7.167600e-002 -2.916400e-002 2.263940e-001
7.201300e-002 4.949700e-002 1.906240e-001
7.276900e-002 -3.397600e-002 2.334140e-001
7.313400e-002 2.343100e-002 2.708090e-001
7.422800e-002 1.285600e-002 2.686310e-001
7.459000e-002 2.943900e-002 1.951730e-001
7.489500e-002 3.058200e-002 2.697380e-001
7.585500e-002 4.220100e-002 2.663100e-001
7.587900e-002 -2.691900e-002 2.544800e-001
7.588600e-002 1.161990e-001 1.896650e-001
7.589900e-002 8.368200e-002 1.862660e-001
7.616700e-002 1.102730e-001 1.877210e-001
7.675100e-002 1.234240e-001 2.029310e-001
7.712600e-002 -3.023600e-002 2.415040e-001
7.714100e-002 -1.630000e-002 2.192630e-001
7.786900e-002 1.202400e-001 1.936720e-001
7.805300e-002 1.202950e-001 2.095560e-001
7.806800e-002 6.945400e-002 2.553180e-001
7.929100e-002 6.288600e-002 1.869260e-001
7.952400e-002 4.080600e-002 1.926690e-001
7.974000e-002 9.000000e-006 2.085940e-001
7.975600e-002 1.019530e-001 1.872500e-001
7.988000e-002 1.430600e-002 2.024100e-001
7.992400e-002 -6.639000e-003 2.611840e-001
7.995600e-002 2.368500e-002 2.664660e-001
8.045600e-002 7.073800e-002 1.860470e-001
8.094700e-002 9.187300e-002 2.489770e-001
8.126900e-002 8.539100e-002 2.511600e-001
8.133600e-002 5.437500e-002 2.599440e-001
8.134900e-002 -2.285200e-002 2.472600e-001
8.173800e-002 -2.317200e-002 2.342620e-001
8.209900e-002 1.049320e-001 2.305750e-001
8.219300e-002 1.115690e-001 2.164020e-001
8.257700e-002 3.272300e-002 2.664100e-001
8.261000e-002 3.179200e-002 1.948700e-001
8.273000e-002 -5.175000e-003 2.153730e-001
8.280700e-002 1.227020e-001 2.008860e-001
8.307500e-002 9.724000e-002 2.452250e-001
8.312000e-002 6.110000e-002 2.576450e-001
8.469300e-002 7.371100e-002 2.557090e-001
8.486400e-002 4.105600e-002 1.904870e-001
8.548600e-002 9.647000e-003 2.073330e-001
8.565600e-002 4.038600e-002 2.640370e-001
8.595000e-002 2.166000e-003 2.602530e-001
8.606300e-002 1.180590e-001 2.083680e-001
8.667200e-002 1.020400e-001 2.391210e-001
8.736600e-002 -6.300000e-003 2.554460e-001
8.744300e-002 -1.545900e-002 2.312510e-001
8.771200e-002 -1.642800e-002 2.429950e-001
8.792800e-002 -1.295600e-002 2.508880e-001
8.821800e-002 5.975800e-002 2.569360e-001
8.846700e-002 5.311500e-002 1.876660e-001
8.891100e-002 1.413600e-002 2.596620e-001
8.926400e-002 -2.797000e-003 2.232700e-001
8.967400e-002 2.797600e-002 1.979260e-001
8.967700e-002 1.048160e-001 2.296120e-001
8.990200e-002 9.889300e-002 2.482530e-001
9.046200e-002 -1.187400e-002 2.398350e-001
9.048500e-002 6.005800e-002 1.862770e-001
9.121700e-002 8.128000e-003 2.146330e-001
9.146300e-002 1.087870e-001 2.156380e-001
9.167600e-002 1.066240e-001 2.199660e-001
9.192500e-002 3.981200e-002 1.899880e-001
9.229200e-002 4.476000e-003 2.548970e-001
9.265600e-002 9.261900e-002 2.541270e-001
9.271100e-002 -4.853000e-003 2.332050e-001
9.281000e-002 7.016800e-002 1.864600e-001
9.328400e-002 1.159430e-001 1.936290e-001
9.333800e-002 8.251100e-002 2.572270e-001
9.382000e-002 6.886200e-002 2.586170e-001
9.443300e-002 3.435900e-002 1.931060e-001
9.444300e-002 1.105770e-001 1.906890e-001
9.466000e-002 8.907700e-002 1.885140e-001
9.526800e-002 5.088700e-002 2.575540e-001
9.552400e-002 4.589000e-003 2.222180e-001
9.571700e-002 2.241800e-002 2.043250e-001
9.654400e-002 1.152100e-001 2.080700e-001
9.664300e-002 3.015000e-003 2.448560e-001
9.665700e-002 5.071300e-002 1.857100e-001
9.667800e-002 3.793400e-002 2.587090e-001
9.684600e-002 1.023190e-001 2.458880e-001
9.739900e-002 4.522000e-003 2.266370e-001
9.744200e-002 2.218000e-003 2.384430e-001
9.796200e-002 9.703200e-002 2.523580e-001
9.798900e-002 2.885300e-002 2.570540e-001
9.807100e-002 1.688500e-002 2.530440e-001
9.837000e-002 1.189060e-001 1.995930e-001
9.875000e-002 8.848900e-002 2.561060e-001
9.987000e-002 3.178200e-002 1.968450e-001
1.005510e-001 1.393800e-002 2.484520e-001
1.006030e-001 7.778000e-002 2.582290e-001
1.018320e-001 1.566300e-002 2.111980e-001
1.021980e-001 7.102400e-002 1.854960e-001
1.023550e-001 8.379000e-003 2.346650e-001
1.027360e-001 1.156900e-002 2.415510e-001
1.029210e-001 1.068790e-001 2.159010e-001
1.030050e-001 1.037180e-001 2.413360e-001
1.031760e-001 4.646100e-002 2.563860e-001
1.035540e-001 9.538400e-002 2.525110e-001
1.041850e-001 1.049240e-001 2.348220e-001
1.057090e-001 2.665900e-002 2.507810e-001
1.057290e-001 5.549000e-002 1.837630e-001
1.059690e-001 1.256900e-002 2.191320e-001
1.062200e-001 1.001080e-001 2.467210e-001
1.066280e-001 1.494700e-002 2.141760e-001
1.079490e-001 3.565900e-002 2.539690e-001
1.088980e-001 5.978200e-002 2.577370e-001
1.096980e-001 2.361600e-002 2.459650e-001
1.098100e-001 8.777300e-002 1.877140e-001
1.100280e-001 1.578000e-002 2.359410e-001
1.102780e-001 8.159600e-002 2.558610e-001
1.103090e-001 1.985800e-002 2.420940e-001
1.110890e-001 2.438100e-002 2.044330e-001
1.116970e-001 1.507700e-002 2.307300e-001
1.117720e-001 4.775000e-002 1.871070e-001
1.123630e-001 6.836500e-002 2.569460e-001
1.131360e-001 3.373700e-002 1.977560e-001
1.131700e-001 4.020800e-002 1.917740e-001
1.133450e-001 6.116100e-002 1.833980e-001
1.152330e-001 5.676500e-002 1.839130e-001
1.154520e-001 7.400900e-002 1.860050e-001
1.163820e-001 4.117700e-002 2.533450e-001
1.187740e-001 2.279200e-002 2.095950e-001
1.198100e-001 2.814300e-002 2.453080e-001
1.198790e-001 2.052100e-002 2.167000e-001
1.201340e-001 4.779400e-002 2.549430e-001
1.201610e-001 3.319100e-002 2.488760e-001
1.226900e-001 2.745800e-002 2.038880e-001
1.232080e-001 2.316900e-002 2.359090e-001
1.235510e-001 2.131100e-002 2.274470e-001
1.238480e-001 5.114900e-002 1.879120e-001
1.244560e-001 4.376500e-002 1.920980e-001
1.261780e-001 3.167700e-002 2.003460e-001
1.292890e-001 2.374000e-002 2.204020e-001
1.328650e-001 3.165200e-002 2.435340e-001
1.331230e-001 2.788100e-002 2.387100e-001
1.337740e-001 2.522600e-002 2.315010e-001
