18563
18564
18565
18566
18567
18568
18569
18570
18571
18572
18573
18574
18575
18576
18577
18578
18579
18580
18581
18582
18583
18584
18585
18586
18587
18588
18589
18590
18591
18592
18593
18594
18595
18596
18597
18598
18599
18600
18601
18602
18603
18604
18605
18606
18607
18608
18609
18610
18633
18634
18635
18636
18637
18638
18639
18640
18641
18642
18643
18644
18645
18646
18647
18648
18649
18650
18651
18652
18653
18654
18655
18656
18657
18658
18659
18660
18661
18662
18663
18664
18665
18666
18667
18668
18669
18670
18671
18672
18673
18674
18675
18676
18677
18678
18679
18680
18681
18682
18683
18684
18685
18686
18687
18688
18689
18690
18691
18692
18693
18694
18695
18696
18697
18698
18699
18700
18701
18702
18703
18704
18705
18706
18707
18708
18709
18710
18711
18712
18713
18714
18715
18716
18717
18738
18739
18740
18741
18742
18743
18744
18745
18746
18747
18748
18749
18750
18751
18752
18753
18754
18755
18756
18757
18758
18759
18760
18761
18762
18763
18764
18765
18766
18767
18768
18769
18770
18771
18772
18773
18774
18775
18776
18777
18778
18779
18780
18781
18782
18783
18784
18785
18786
18787
18788
18790
18791
18792
18887
18888
18903
18904
18905
18906
18907
18908
18909
18910
18911
18912
18913
18970
18971
18972
18973
18974
18975
18976
18977
18978
19030
19031
19032
19033
19034
19035
19036
19044
19086
19090
19091
19092
19093
19094
19095
19096
19097
19098
19100
19101
19102
19103
19104
19105
19106
19107
19180
19181
19182
19183
19184
19185
19186
19187
19188
19189
19231
19233
19234
19235
19236
19237
19238
19239
19240
19241
19251
19252
19253
19254
19255
19256
19302
19303
19304
19306
19307
19308
19309
19310
19311
19312
19313
19314
19315
19316
19317
19318
19319
19320
19321
19322
19323
19324
19325
19326
19345
19346
19347
19377
19378
19379
19380
19381
19382
19383
19384
19385
19386
19387
19388
19389
19390
19391
19392
19393
19394
19395
19396
19397
19459
19545
19566
19568
19569
19598
19599
19600
19601
19602
19603
19604
19605
19606
19607
19608
19609
19661
19662
19683
19684
19685
19800
19801
19802
19803
19804
19805
19806
19807
19808
19809
19810
19811
19812
19813
19814
19815
19816
19817
19818
19819
19820
19821
19822
19823
19824
19825
19826
19827
19828
19829
19830
19831
19832
19833
19834
19835
19836
19837
19838
19839
19840
19841
19842
19843
19844
19845
19846
19847
19848
19849
19850
19851
19852
19853
19854
19855
19856
19857
19858
19859
19860
19861
19862
19863
19864
19865
19866
19867
19868
19869
19870
19871
19872
19873
19874
19875
19876
19877
19878
19879
19880
19881
19882
19883
19884
19885
19886
19887
19888
19889
19890
19891
19892
19893
19894
19895
19896
19897
19898
19899
19903
19904
19905
19906
19910
19912
19914
19915
19916
19917
19918
19919
19920
19921
19922
19923
19924
19925
19926
19927
20055
20056
20087
20088
20089
20090
20093
20094
20095
20096
20097
20098
20099
20100
20175
20176
20188
20189
20190
20191
20192
20193
20203
20210
20211
20212
20213
20214
20290
20291
20292
20293
20294
20295
20296
20330
20331
20332
20344
20345
20346
20347
20348
20430
20456
20479
20480
20527
20528
20529
20530
20560
20561
20570
20571
20572
20573
20574
20575
20576
20577
20578
20579
20581
20582
20669
20670
20671
20672
20673
20674
20675
20676
20677
20678
20679
20680
20681
20682
20683
20684
20685
20686
20687
20688
20689
20690
20691
20692
20693
20694
20695
20696
20697
20698
20699
20700
20701
20702
20703
20704
20705
20706
20707
20708
20709
20710
20711
20712
20713
20714
20715
20716
20717
20718
20719
20720
20721
20722
20723
20724
20725
20726
20727
20728
20729
20730
20731
20732
20733
20734
20735
20736
20737
20738
20739
20740
20741
20742
20743
20744
20745
20746
20747
20748
20749
20750
20751
20752
20753
20754
20755
20756
20757
20759
20760
20764
20765
20778
20779
20781
20782
20783
20784
20785
20786
20787
20788
20789
20790
20791
20792
20793
20794
20795
20796
20797
20798
20799
20800
20801
20802
20803
20804
20805
20806
20807
20808
20809
20810
20811
20812
20821
20846
20847
20848
20849
20850
20851
20852
20853
20854
20855
20856
20857
20858
20859
20860
20861
20862
20863
20864
20865
20866
20867
20868
20869
20870
20871
20895
20917
20918
20919
20920
20921
20922
20924
20925
20926
20927
20928
20929
20930
20931
20932
20933
20934
20935
20936
20937
20938
20939
20940
20941
20942
20943
20944
20945
20946
20947
20948
20949
20950
20951
20952
20953
20954
20955
20956
20957
20958
20959
20960
20961
20963
20964
20976
21027
21065
21066
21067
21068
21069
21082
21089
21090
21103
21104
21105
21106
21136
21137
21165
21166
21167
21168
21169
21170
21171
21172
21173
21174
21175
21185
21186
21187
21188
21189
21219
21253
21291
21292
21293
21294
21295
21296
21297
21298
21299
21300
21301
21302
21303
21359
21360
21361
21362
21363
21364
21365
21366
21367
21368
21369
21370
21371
21372
21373
21374
21408
21429
21430
21476
21477
21478
21507
21508
21517
21518
21570
21571
21572
21573
21574
21575
21576
21577
21578
21579
21580
21581
21582
21583
21584
21585
21586
21587
21588
21589
21590
21591
21645
21646
21647
21684
21688
21689
21690
21691
21692
21693
21694
21695
21696
21697
21698
21720
21721
21722
21725
21746
21768
21769
21784
21785
21787
21803
21804
21805
21806
21807
21808
21809
21810
21811
21812
21813
21814
21815
21816
21817
21818
21819
21820
21848
21849
21850
21851
21852
21853
21854
21855
21856
21857
21858
21859
21860
21861
21862
21863
21864
21865
21866
21867
21868
21902
22008
22009
22010
22011
22012
22021
22022
22023
22024
22025
22026
22027
22028
22029
22030
22031
22032
22059
22060
22062
22063
22064
22067
22068
22069
22070
22071
22072
22073
22074
22075
22088
22089
22090
22091
22092
22093
22094
22095
22096
22097
22098
22099
22100
22101
22102
22103
22104
22105
22106
22107
22108
22114
22115
22116
22117
22118
22119
22120
22121
22122
22123
22127
22128
22131
22133
22134
22135
22136
22137
22138
22139
22142
22165
22236
22237
22238
22240
22241
22242
22243
22257
22258
22259
22260
22272
22273
22274
22275
22276
22277
22278
22279
22280
22281
22282
22284
22285
22286
22287
22288
22289
22290
22297
22298
22299
22300
22301
22302
22324
22325
22326
22327
22328
22329
22330
22331
22332
22333
22334
22386
22420
22427
22428
22429
22430
22445
22446
22447
22448
22449
22450
22451
22452
22453
22454
22455
22456
22457
22458
22460
22461
22462
22463
22464
22465
22466
22468
22469
22470
22471
22472
22473
22474
22475
22476
22477
22479
22480
22481
22491
22492
22493
22494
22495
22496
22497
22498
22499
22511
24763
24764
24765
24766
24767
24768
24769
24770
24771
24772
24773
24774
24775
24776
24777
24778
24779
24780
24781
24782
24783
24784
24785
24786
24787
24788
24789
24790
24791
24792
24793
24794
24795
24796
24797
24798
24799
24800
24801
24802
24803
24804
24805
24806
24807
24808
24809
24810
24811
24812
24813
24814
24815
24816
24817
24818
24819
24820
24821
24822
24861
24862
24863
24920
24921
24922
24923
