14189
14190
14191
14192
14193
14194
14195
14208
16142
16143
16152
16153
16154
16155
16156
16182
16183
16184
16185
16186
16187
16188
16189
16190
16191
16192
16193
16194
16195
16196
16197
16198
16199
16200
16201
16202
16203
16204
16205
16206
16207
16208
16209
16210
16211
16212
16213
16214
16215
16216
16217
16218
16219
16220
16221
16222
16223
16224
16225
16226
16227
16228
16229
16230
16231
16232
16233
16234
16235
16236
16237
16238
16239
16240
16241
16242
16243
16244
16245
16246
16247
16248
16249
16250
16251
16252
16253
16254
16255
16256
16257
16258
16259
16260
16261
16262
16347
16348
16349
16350
16351
16352
16353
16354
16355
16356
16357
16358
16359
16360
16361
16362
16363
16364
16365
16366
16367
16368
16369
16370
16371
16372
16373
16374
16375
16376
16377
16378
16379
16380
16381
16382
16383
16384
16385
16386
16387
16388
16389
16390
16391
16392
16393
16394
16395
16396
16397
16398
16399
16400
16401
16402
16403
16404
16659
16660
16661
16662
16663
16664
16665
16666
16667
16668
16669
16670
16671
16672
16673
16674
16675
16676
16677
16678
16679
16680
16681
16682
16683
16684
16685
16686
16687
16688
16689
16690
16691
16692
16693
16694
16695
16892
16893
16942
16943
16944
16945
16946
16947
16948
16949
16950
16951
16952
16953
16954
16955
16956
16957
16958
16959
16960
16961
16965
16966
16967
16968
16969
16970
16971
16972
16973
16974
16975
16976
16977
16978
16979
16980
16981
16982
16983
16984
16985
16986
16987
16988
16989
16990
16991
16992
16993
16994
16995
16996
16997
16998
16999
17000
17001
17002
17003
17004
17005
17006
17007
17008
17009
17010
17011
17012
17013
17014
17015
17016
17017
17018
17019
17020
17021
17022
17023
17024
17025
17026
17027
17028
17029
17030
17031
17032
17110
17111
17112
17171
17172
17173
17229
17230
17231
17232
17233
17234
17235
17236
17237
17238
17239
17240
17241
17242
17243
17244
17245
17246
17247
17248
17249
17250
17251
17252
17253
17254
17255
17256
17257
17258
17328
17329
17330
17339
17351
17352
17353
17354
17355
17356
17357
17358
17359
17360
17361
17362
17363
17364
17365
17366
17367
17368
17369
17370
17371
17372
17373
17409
17410
17411
17451
17452
17453
17454
17497
17498
17499
17501
17502
17503
17504
17505
17506
17542
17543
17544
17545
17546
17547
17548
17549
17550
17551
17552
17553
17554
17555
17556
17557
17558
17559
17560
17561
17562
17563
17564
17565
17566
17567
17568
17569
17570
17571
17572
17573
17574
17575
17576
17577
17578
17579
17580
17581
17582
17583
17584
17585
17586
17587
17588
17589
17590
17591
17592
17593
17594
17595
17596
17597
17598
17599
17600
17601
17602
17603
17604
17605
17606
17607
17608
17609
17610
17611
17612
17613
17614
17615
17616
17617
17618
17619
17620
17621
17622
17623
17624
17625
17626
17627
17628
17629
17630
17631
17632
17633
17634
17635
17636
17637
17638
17639
17640
17641
17642
17643
17644
17645
17646
17647
17648
17649
17650
17651
17652
17653
17654
17655
17656
17657
17658
17659
17660
17661
17662
17663
17664
17665
17666
17667
17668
17669
17670
17671
17672
17674
17675
17676
17677
17760
17764
17765
17768
17769
17770
17771
17772
17773
17774
17775
17776
17777
17778
17779
17780
17782
17783
17784
17785
17786
17788
17789
17790
17791
17792
17793
17794
17795
17796
17797
17798
17799
17800
17801
17802
17803
17805
17806
17807
17808
17809
17810
17811
17812
17813
17814
17818
17819
17820
17821
17822
17823
17824
17825
17826
17827
17828
17829
17830
17853
17861
17862
17863
17864
17865
17866
17867
17868
17869
17876
17877
17878
17882
17904
17905
17906
17907
17908
17909
17910
17911
17912
17913
17914
17915
17916
17917
17918
17919
17920
17921
17922
17923
17924
17925
17926
17927
17928
17929
17930
17931
17932
17933
17934
17935
17936
17937
18001
18006
18007
18008
18028
18029
18034
18035
18036
18037
18038
18039
18040
18041
18042
18043
18044
18045
18046
18047
18048
18049
18050
18051
18052
18053
18056
18057
18058
18059
18060
18061
18062
18063
18064
18119
18120
18121
18122
18123
18124
18125
18126
18127
18128
18129
18130
18131
18132
18133
18134
18135
18136
18137
18138
18139
18140
18141
18142
18143
18144
18145
18171
18172
18173
18174
18175
18176
18177
18178
18179
18180
18181
18182
18183
18184
18185
18186
18187
18188
18189
18190
18191
18192
18193
18194
18195
18196
18197
18198
18199
18200
18221
18222
18223
18224
18225
18226
18227
18228
18229
18230
18231
18232
18233
18258
18259
18260
18261
18262
18263
18290
18291
18296
18297
18298
18299
18300
18301
18316
18317
18318
18354
18355
18356
18357
18358
18359
18360
18364
18365
18366
18367
18368
18401
18415
18417
18418
18426
18427
18428
18429
18477
18478
18545
18546
18547
18548
18549
18550
18551
18552
18553
18554
18555
18556
18557
18558
18559
18560
18561
18562
18611
18612
18613
18614
18615
18616
18617
18618
18619
18620
18621
18622
18623
18624
18718
18719
18720
18721
18722
18723
18724
18725
18726
18727
18728
18729
18730
18731
18732
18733
18734
18735
18736
18737
18793
18794
18817
18818
18819
18822
18823
18825
18830
18840
18841
18842
18843
18844
18845
18847
18848
18849
18850
18851
18852
18853
18854
18855
18856
18857
18858
18859
18860
18861
18862
18863
18864
18865
18866
18867
18868
18871
18872
18873
18874
18875
18876
18877
18878
18879
18880
18881
18882
18883
18884
18885
18886
18889
18890
18891
18914
18915
18916
18917
18918
18919
18920
18921
18922
18923
18924
18925
18942
18943
18944
18945
18946
18947
18948
18951
18952
18953
18954
18955
18956
18957
18958
18959
18960
18961
18962
18963
18964
18965
18979
18980
18981
18982
18983
18984
18985
18986
18987
18999
19000
19001
19002
19003
19004
19005
19006
19007
19008
19027
19028
19038
19039
19040
19041
19042
19049
19050
19073
19074
19075
19076
19099
19134
19135
19136
19137
19138
19139
19140
19141
19142
19143
19144
19152
19153
19163
19164
19165
19166
19167
19168
19169
19170
19171
19172
19173
19174
19175
19176
19177
19178
19179
19190
19230
19242
19243
19244
19245
19246
19247
19248
19249
19250
19257
19258
19259
19260
19261
19262
19263
19264
19265
19266
19267
19288
19289
19290
19291
19292
19334
19342
19343
19344
19348
19349
19350
19351
19352
19353
19398
19401
19403
19404
19405
19406
19407
19408
19447
19448
19449
19450
19466
19467
19468
19469
19470
19471
19472
19473
19544
19546
19557
19558
19559
19560
19561
19562
19563
19567
19570
19587
19588
19594
19595
19596
19597
19615
19616
19630
19631
19632
19633
19634
19640
19659
19660
19676
19677
19679
19680
19681
19682
19704
19705
19706
19708
19712
19713
19714
19715
19716
19717
19718
19719
19720
19721
19722
19723
19724
19730
19731
19737
19738
19739
19740
19741
19742
19743
19744
19745
19746
19747
19755
19756
19757
19758
19759
19760
19761
19762
19763
19764
19765
19766
19767
19768
19769
19770
19771
19772
19799
19900
19901
19902
19907
19908
19909
19911
19913
20005
20006
20007
20008
20009
20010
20011
20012
20013
20014
20015
20047
20048
20049
20050
20051
20052
20053
20054
20059
20060
20061
20062
20063
20064
20079
20080
20081
20082
20106
20107
20108
20109
20110
20111
20112
20127
20128
20129
20130
20131
20140
20141
20142
20143
20194
20195
20196
20197
20198
20199
20200
20201
20202
20208
20209
20245
20297
20298
20299
20300
20301
20302
20303
20304
20305
20306
20307
20308
20309
20320
20321
20322
20323
20324
20325
20326
20327
20328
20329
20343
20384
20385
20386
20387
20388
20389
20390
20391
20392
20393
20394
20401
20402
20403
20420
20431
20435
20454
20455
20463
20464
20465
20466
20467
20470
20471
20472
20473
20474
20475
20476
20477
20478
20506
20507
20508
20509
20510
20511
20512
20513
20514
20515
20516
20517
20518
20519
20520
20521
20522
20523
20524
20525
20526
20558
20559
20580
20583
20646
20647
20656
20660
20661
20662
20663
20664
20665
20666
20667
20668
20761
20762
20766
20767
20769
20770
20772
20773
20774
20775
20776
20777
20820
20822
20823
20824
20825
20826
20827
20828
20829
20830
20892
20893
20896
20897
20898
20899
20900
20901
20902
20904
20914
20915
20916
20977
20978
20979
20983
20984
20985
21016
21017
21018
21019
21020
21021
21022
21023
21024
21025
21026
21041
21042
21059
21060
21061
21062
21063
21064
21078
21079
21080
21081
21083
21084
21085
21086
21087
21095
21096
21097
21098
21099
21100
21101
21102
21116
21150
21151
21152
21153
21154
21155
21156
21157
21158
21163
21164
21190
21191
21192
21193
21194
21195
21196
21197
21198
21199
21200
21201
21202
21203
21204
21205
21206
21207
21208
21209
21210
21211
21212
21213
21214
21215
21216
21217
21218
21238
21239
21240
21241
21242
21243
21244
21245
21246
21247
21248
21249
21250
21251
21252
21269
21270
21271
21272
21273
21284
21285
21286
21287
21288
21289
21290
21304
21305
21309
21310
21311
21315
21316
21317
21318
21319
21320
21321
21322
21323
21324
21325
21326
21327
21328
21336
21337
21353
21354
21355
21356
21357
21358
21384
21385
21386
21387
21388
21389
21391
21392
21393
21394
21395
21396
21397
21403
21404
21409
21410
21417
21418
21419
21424
21425
21436
21437
21438
21439
21440
21441
21446
21447
21450
21451
21452
21454
21459
21460
21461
21462
21463
21464
21465
21466
21467
21468
21469
21470
21471
21472
21473
21474
21475
21509
21510
21511
21512
21513
21514
21523
21524
21525
21527
21540
21541
21542
21543
21544
21545
21546
21547
21548
21549
21550
21560
21561
21562
21563
21565
21568
21569
21611
21612
21613
21614
21637
21638
21639
21640
21641
21642
21643
21644
21665
21667
21668
21669
21670
21683
21699
21700
21702
21703
21704
21705
21706
21707
21708
21709
21710
21711
21712
21713
21714
21715
21716
21717
21718
21719
21729
21730
21731
21732
21733
21734
21735
21736
21737
21738
21739
21740
21741
21742
21743
21744
21745
21747
21749
21750
21757
21758
21759
21760
21761
21762
21763
21764
21765
21766
21767
21775
21776
21777
21778
21779
21780
21781
21786
21788
21789
21790
21791
21792
21793
21794
21795
21796
21797
21798
21799
21800
21801
21802
21826
21827
21828
21829
21836
21837
21843
21844
21845
21846
21847
21881
21882
21883
21884
21885
21886
21887
21888
21889
21890
21891
21892
21895
21896
21897
21898
21899
21900
21901
22002
22003
22019
22020
22050
22051
22052
22053
22054
22055
22061
22065
22066
22081
22082
22083
22084
22085
22086
22087
