5.308020e-001 5.958400e-002 1.674470e-001
5.335570e-001 6.103000e-002 1.849350e-001
5.349200e-001 3.978600e-002 1.464600e-001
5.356620e-001 6.036300e-002 1.761600e-001
5.362180e-001 5.320700e-002 2.079310e-001
5.397570e-001 5.764000e-002 1.951010e-001
5.413170e-001 3.599000e-003 1.186070e-001
5.427690e-001 1.812900e-002 2.387200e-001
5.453900e-001 9.694000e-003 1.186860e-001
5.455710e-001 3.803700e-002 2.287570e-001
5.456110e-001 5.426500e-002 2.009420e-001
5.458450e-001 1.742600e-002 1.219470e-001
5.463110e-001 -6.118000e-003 1.173070e-001
5.464570e-001 3.393700e-002 1.364540e-001
5.482060e-001 2.788000e-002 1.292560e-001
5.499250e-001 3.218000e-002 2.328950e-001
5.501490e-001 4.916800e-002 1.548980e-001
5.503610e-001 5.650000e-002 1.676050e-001
5.504700e-001 4.117400e-002 2.229450e-001
5.506890e-001 -2.469700e-002 1.228990e-001
5.510600e-001 2.169700e-002 1.234290e-001
5.527580e-001 -1.166700e-002 1.168790e-001
5.530480e-001 -5.966000e-003 2.371970e-001
5.531680e-001 6.422000e-003 2.390090e-001
5.542600e-001 -2.055700e-002 2.337820e-001
5.546900e-001 -3.811100e-002 1.350160e-001
5.553040e-001 1.622100e-002 2.386800e-001
5.556590e-001 3.523000e-003 1.152280e-001
5.563860e-001 4.500400e-002 2.121860e-001
5.575630e-001 -2.235500e-002 1.199780e-001
5.582640e-001 2.278000e-002 2.371130e-001
5.586850e-001 -4.196900e-002 2.321690e-001
5.587940e-001 5.541600e-002 1.811870e-001
5.596450e-001 4.432700e-002 1.497500e-001
5.596720e-001 5.375400e-002 1.899630e-001
5.598860e-001 -5.143500e-002 2.275960e-001
5.601580e-001 -4.834200e-002 1.566280e-001
5.603380e-001 -2.614100e-002 2.322580e-001
5.616550e-001 1.024900e-002 1.157080e-001
5.623860e-001 -6.068400e-002 1.697570e-001
5.626440e-001 -5.965300e-002 2.221560e-001
5.628570e-001 -3.586900e-002 1.289860e-001
5.628780e-001 6.109000e-003 2.392700e-001
5.633460e-001 2.000700e-002 1.204500e-001
5.644060e-001 -7.204000e-002 2.050190e-001
5.647850e-001 4.990700e-002 1.577370e-001
5.656020e-001 -1.664000e-003 1.131460e-001
5.664590e-001 -1.172200e-002 1.139940e-001
5.678550e-001 5.016200e-002 1.957500e-001
5.679890e-001 -6.547200e-002 2.180390e-001
5.681320e-001 1.371700e-002 2.388070e-001
5.685710e-001 5.178900e-002 1.622910e-001
5.688940e-001 -2.144000e-002 2.340420e-001
5.689600e-001 -1.835600e-002 1.155890e-001
5.690660e-001 -5.815000e-003 2.386470e-001
5.691840e-001 -4.293400e-002 2.308380e-001
5.694310e-001 2.611200e-002 2.347800e-001
5.695640e-001 -7.057000e-002 1.786400e-001
5.695710e-001 5.337700e-002 1.686880e-001
5.698570e-001 4.044000e-002 1.438680e-001
5.699190e-001 -7.362100e-002 1.845950e-001
5.704470e-001 -2.560900e-002 1.188710e-001
5.714290e-001 4.128300e-002 2.164810e-001
5.715560e-001 -7.474700e-002 1.896500e-001
5.718750e-001 4.354000e-003 2.394810e-001
5.728030e-001 -4.768200e-002 1.438640e-001
5.729960e-001 -1.625000e-002 2.364170e-001
5.732680e-001 -7.088200e-002 2.103700e-001
5.734030e-001 -5.578200e-002 1.639600e-001
5.741050e-001 5.275100e-002 1.797660e-001
5.741480e-001 -4.204600e-002 1.332730e-001
5.742310e-001 -4.897500e-002 2.301040e-001
5.743300e-001 3.519400e-002 2.272570e-001
5.746310e-001 -3.375600e-002 1.239290e-001
5.759850e-001 -6.028500e-002 2.240340e-001
5.767510e-001 -7.507600e-002 1.989660e-001
5.776770e-001 4.985000e-003 1.124330e-001
5.780560e-001 1.746400e-002 1.172740e-001
5.782750e-001 4.705600e-002 1.522770e-001
5.783710e-001 4.000300e-002 2.190400e-001
5.783930e-001 -2.356800e-002 1.162530e-001
5.786310e-001 4.768800e-002 1.973130e-001
5.795370e-001 -5.487900e-002 2.279200e-001
5.798420e-001 3.444400e-002 1.320200e-001
5.803380e-001 -5.663800e-002 1.628630e-001
5.804900e-001 -7.059000e-002 1.762460e-001
5.806500e-001 5.067800e-002 1.603850e-001
5.806710e-001 -7.254900e-002 2.077560e-001
5.813570e-001 -5.230600e-002 1.490940e-001
5.819930e-001 -7.546900e-002 1.840880e-001
5.831170e-001 -2.935000e-002 2.322760e-001
5.833270e-001 -4.800300e-002 1.389940e-001
5.834300e-001 4.413700e-002 2.059050e-001
5.835620e-001 -1.383200e-002 2.368790e-001
5.837700e-001 -6.577100e-002 2.188280e-001
5.842920e-001 1.013000e-002 1.130300e-001
5.845210e-001 5.190000e-002 1.831140e-001
5.848520e-001 -7.642200e-002 1.924650e-001
5.855140e-001 -3.754600e-002 1.244390e-001
5.859040e-001 -1.943600e-002 1.134360e-001
5.863790e-001 5.255400e-002 1.729220e-001
5.869960e-001 -1.015800e-002 1.110490e-001
5.875290e-001 -6.618400e-002 1.723620e-001
5.877010e-001 2.933800e-002 2.310020e-001
5.877450e-001 2.760100e-002 1.229040e-001
5.885530e-001 -7.596100e-002 1.982690e-001
5.885830e-001 -5.984900e-002 2.238930e-001
5.891790e-001 -6.363900e-002 1.687690e-001
5.892590e-001 -4.487000e-002 1.309410e-001
5.892950e-001 5.043900e-002 1.898720e-001
5.896380e-001 5.167800e-002 1.611860e-001
5.899450e-001 -7.264500e-002 2.079820e-001
5.907360e-001 -4.747800e-002 2.304080e-001
5.912740e-001 -4.798000e-003 2.389480e-001
5.913020e-001 2.120000e-002 2.351130e-001
5.919870e-001 3.369400e-002 2.272550e-001
5.920390e-001 -7.523400e-002 1.844440e-001
5.926410e-001 4.744000e-002 1.489090e-001
5.929070e-001 -3.105900e-002 1.172420e-001
5.931080e-001 8.973000e-003 2.381350e-001
5.932270e-001 -9.475000e-003 2.385250e-001
5.932930e-001 -2.520000e-003 1.097410e-001
5.936870e-001 4.006100e-002 1.363400e-001
5.955710e-001 -2.710300e-002 2.334160e-001
5.956000e-001 -6.508900e-002 2.191100e-001
5.956540e-001 3.940200e-002 2.198880e-001
5.965240e-001 -7.119800e-002 2.108290e-001
5.969660e-001 -7.092800e-002 1.774170e-001
5.975440e-001 -7.585900e-002 1.916770e-001
5.991480e-001 5.388700e-002 1.816040e-001
5.997640e-001 -6.408400e-002 1.576100e-001
6.003380e-001 -7.502500e-002 2.011770e-001
6.004330e-001 -7.012700e-002 1.737470e-001
6.020620e-001 -5.445400e-002 1.383860e-001
6.022550e-001 -3.790000e-002 2.320520e-001
6.022790e-001 4.480000e-004 2.387500e-001
6.026620e-001 -5.361100e-002 2.273790e-001
6.028470e-001 1.256300e-002 1.118860e-001
6.032970e-001 3.501600e-002 1.267680e-001
6.033620e-001 -2.223900e-002 1.116430e-001
6.036320e-001 -1.395800e-002 1.096580e-001
6.042360e-001 -7.452800e-002 1.851560e-001
6.045430e-001 -6.232300e-002 1.496230e-001
6.045740e-001 2.775000e-002 1.194080e-001
6.049690e-001 1.799400e-002 2.351080e-001
6.062810e-001 -1.996700e-002 2.353550e-001
6.069540e-001 4.518100e-002 2.093520e-001
6.070840e-001 1.729000e-003 1.085310e-001
6.072590e-001 -8.890000e-003 2.383840e-001
6.075350e-001 5.121700e-002 1.947920e-001
6.080460e-001 -7.058800e-002 1.651160e-001
6.082390e-001 -6.889100e-002 2.145190e-001
6.084370e-001 -3.464200e-002 1.163340e-001
6.085570e-001 8.968000e-003 2.373960e-001
6.087370e-001 -6.236800e-002 2.217290e-001
6.094220e-001 -7.563700e-002 1.902480e-001
6.107930e-001 5.668900e-002 1.659650e-001
6.108900e-001 5.689200e-002 1.715460e-001
6.112340e-001 2.523200e-002 1.160160e-001
6.116650e-001 -3.369000e-003 2.389400e-001
6.117340e-001 3.347400e-002 2.264570e-001
6.117490e-001 -5.337000e-003 1.076320e-001
6.117570e-001 4.274100e-002 1.330960e-001
6.121590e-001 -7.411900e-002 1.741830e-001
6.122420e-001 5.330000e-002 1.525170e-001
6.122640e-001 -4.757900e-002 1.256270e-001
6.124800e-001 -4.598500e-002 2.300830e-001
6.127900e-001 2.629600e-002 2.312630e-001
6.129110e-001 -6.904800e-002 1.566360e-001
6.130630e-001 -7.469600e-002 2.024980e-001
6.141820e-001 -6.899800e-002 2.151850e-001
6.142920e-001 3.817100e-002 1.261270e-001
6.160050e-001 3.948800e-002 2.207150e-001
6.163240e-001 -5.685500e-002 1.346960e-001
6.176720e-001 -3.805700e-002 2.316930e-001
6.178490e-001 -1.992400e-002 2.365800e-001
6.178760e-001 -7.606000e-002 1.974750e-001
6.203610e-001 -6.635400e-002 1.459520e-001
6.206160e-001 -5.713100e-002 2.245860e-001
6.208290e-001 4.654400e-002 2.110010e-001
6.208720e-001 5.510900e-002 1.921230e-001
6.229270e-001 -6.948000e-003 2.395920e-001
6.235620e-001 -7.462900e-002 2.050040e-001
6.237760e-001 5.876800e-002 1.598270e-001
6.241890e-001 -4.440700e-002 1.193660e-001
6.244050e-001 -6.538900e-002 2.188940e-001
6.244600e-001 2.066000e-002 1.100000e-001
6.249180e-001 -7.509500e-002 1.630240e-001
6.250050e-001 5.458800e-002 1.474760e-001
6.254580e-001 1.744200e-002 2.350180e-001
6.258690e-001 5.912800e-002 1.833580e-001
6.260430e-001 6.092800e-002 1.684920e-001
6.260580e-001 3.861500e-002 2.231840e-001
6.260670e-001 -7.797400e-002 1.832430e-001
6.260940e-001 -3.502000e-002 1.132110e-001
6.267070e-001 -7.703500e-002 1.957030e-001
6.267720e-001 -8.361000e-003 1.057910e-001
6.286140e-001 7.580000e-004 2.393740e-001
6.287360e-001 -5.305800e-002 1.248720e-001
6.287630e-001 4.496600e-002 2.164360e-001
6.291440e-001 -6.410300e-002 1.378930e-001
6.299790e-001 -7.247400e-002 2.101490e-001
6.305240e-001 -2.859600e-002 2.339490e-001
6.315390e-001 -5.344000e-002 2.259700e-001
6.317120e-001 6.200000e-002 1.776630e-001
6.319870e-001 3.219200e-002 1.139130e-001
6.319940e-001 -7.377700e-002 1.536030e-001
6.324510e-001 -2.923000e-002 1.096670e-001
6.328260e-001 -1.819000e-002 1.065000e-001
6.331770e-001 2.127400e-002 2.340000e-001
6.337530e-001 -5.476000e-003 1.047660e-001
6.337620e-001 3.322400e-002 2.281940e-001
6.337660e-001 8.658000e-003 1.049470e-001
6.338780e-001 -4.576100e-002 2.285810e-001
6.344690e-001 4.825400e-002 1.282410e-001
6.354180e-001 -7.418000e-002 2.058110e-001
6.356100e-001 5.397500e-002 2.043520e-001
6.357270e-001 -8.365000e-003 2.408450e-001
6.368580e-001 4.117500e-002 1.188640e-001
6.374710e-001 -6.024800e-002 2.215520e-001
6.382720e-001 -7.970900e-002 1.726460e-001
6.383420e-001 -3.256700e-002 2.321620e-001
6.383820e-001 -6.702900e-002 2.159590e-001
6.386140e-001 6.170000e-002 1.510230e-001
6.386970e-001 -2.137000e-002 2.379430e-001
6.391660e-001 -6.994300e-002 1.427980e-001
6.399060e-001 6.391000e-002 1.579250e-001
6.420650e-001 -7.838500e-002 1.608470e-001
6.425100e-001 5.498400e-002 1.344560e-001
6.432610e-001 1.240400e-002 2.377260e-001
6.433820e-001 3.024000e-002 1.088780e-001
6.441920e-001 5.450000e-004 1.022720e-001
6.458040e-001 -5.875200e-002 2.223720e-001
6.458850e-001 -1.793200e-002 1.039380e-001
6.461740e-001 -3.436200e-002 2.324910e-001
6.462050e-001 -7.282400e-002 2.085440e-001
6.463310e-001 4.728600e-002 2.180570e-001
6.467460e-001 1.914000e-002 1.037190e-001
6.473160e-001 -8.052200e-002 1.854360e-001
6.476880e-001 -7.789200e-002 1.977130e-001
6.483150e-001 -5.390800e-002 1.202180e-001
6.485080e-001 4.197100e-002 2.234680e-001
6.493170e-001 -4.599600e-002 2.276700e-001
6.493560e-001 7.430000e-004 2.414230e-001
6.493960e-001 1.194900e-002 1.018210e-001
6.497950e-001 6.746300e-002 1.665320e-001
6.498540e-001 2.557500e-002 2.335020e-001
6.499090e-001 6.301600e-002 1.451280e-001
6.504440e-001 4.028400e-002 1.124710e-001
6.505950e-001 6.129300e-002 1.970240e-001
6.513220e-001 -7.514700e-002 1.474720e-001
6.513730e-001 -6.255800e-002 1.278600e-001
6.517770e-001 -4.315000e-002 1.123120e-001
6.526360e-001 -6.739800e-002 2.150380e-001
6.537600e-001 5.792000e-002 2.054240e-001
6.539440e-001 -8.113000e-003 2.434060e-001
6.543370e-001 -3.269500e-002 1.065790e-001
6.544380e-001 -7.495900e-002 2.060210e-001
6.544720e-001 -6.784300e-002 1.335760e-001
6.554650e-001 6.628000e-002 1.856930e-001
6.560760e-001 -1.972000e-002 2.423830e-001
6.570240e-001 -8.124000e-002 1.885570e-001
6.574470e-001 -5.612700e-002 2.235470e-001
6.577150e-001 2.855300e-002 1.032780e-001
6.581040e-001 5.408300e-002 2.128830e-001
6.581770e-001 4.904800e-002 2.192700e-001
6.585980e-001 -7.876000e-002 1.529450e-001
6.593100e-001 -6.590700e-002 2.165430e-001
6.602360e-001 6.881000e-002 1.789740e-001
6.602990e-001 -4.271800e-002 2.327180e-001
6.605760e-001 -7.154000e-002 2.110180e-001
6.607330e-001 -5.634600e-002 1.191900e-001
6.609150e-001 7.408000e-003 2.411330e-001
6.621100e-001 -6.583000e-003 9.855700e-002
6.641470e-001 3.910500e-002 2.276390e-001
6.646440e-001 -4.657400e-002 1.111880e-001
6.656390e-001 -2.221800e-002 1.007540e-001
6.660090e-001 -2.744700e-002 2.424730e-001
6.663880e-001 -7.552400e-002 2.054300e-001
6.664910e-001 -1.909100e-002 2.450200e-001
6.666940e-001 1.678100e-002 9.744600e-002
6.670320e-001 -8.047400e-002 1.941900e-001
6.673960e-001 -6.455100e-002 2.185660e-001
6.676220e-001 -1.072700e-002 2.458640e-001
6.691030e-001 -3.540200e-002 1.047000e-001
6.694680e-001 -5.748400e-002 2.269170e-001
6.697030e-001 5.217700e-002 1.129400e-001
6.698130e-001 4.584700e-002 1.075770e-001
6.698290e-001 -7.148700e-002 2.119250e-001
6.701100e-001 7.098300e-002 1.470410e-001
6.702660e-001 -4.090400e-002 2.389560e-001
6.703830e-001 5.997900e-002 1.225340e-001
6.705930e-001 -7.460500e-002 1.388880e-001
6.708290e-001 -8.204500e-002 1.579730e-001
6.709810e-001 -8.401900e-002 1.748270e-001
6.709970e-001 3.962600e-002 1.030450e-001
6.718910e-001 3.235700e-002 2.323250e-001
6.721080e-001 -7.910300e-002 2.003430e-001
6.723290e-001 6.314000e-003 9.482100e-002
6.723940e-001 -6.329000e-002 1.227780e-001
6.737040e-001 7.309300e-002 1.535390e-001
6.738150e-001 2.125200e-002 2.377210e-001
6.747760e-001 -8.295500e-002 1.889670e-001
6.749470e-001 6.914400e-002 1.370900e-001
6.758340e-001 -3.307700e-002 2.445980e-001
6.763150e-001 7.362200e-002 1.695000e-001
6.764060e-001 5.965100e-002 2.090020e-001
6.770770e-001 2.712100e-002 9.618300e-002
6.775310e-001 3.039000e-003 2.449630e-001
6.780940e-001 7.454000e-002 1.596060e-001
6.788250e-001 -4.148000e-003 9.368500e-002
6.790490e-001 -5.056100e-002 2.366130e-001
6.792780e-001 -4.382700e-002 1.068490e-001
6.793900e-001 -5.491200e-002 1.143240e-001
6.797300e-001 6.613200e-002 1.991810e-001
6.816430e-001 -6.208900e-002 2.274850e-001
6.816440e-001 -1.224700e-002 2.489240e-001
6.816960e-001 -2.415300e-002 2.483950e-001
6.821430e-001 -2.244000e-002 9.692600e-002
6.821830e-001 -8.082300e-002 1.974150e-001
6.826460e-001 -7.063100e-002 2.161100e-001
6.828010e-001 -8.514100e-002 1.666020e-001
6.830600e-001 5.569400e-002 2.155000e-001
6.831420e-001 -3.944000e-002 2.443300e-001
6.832330e-001 -7.188700e-002 1.306390e-001
6.841470e-001 3.669400e-002 9.703000e-002
6.842210e-001 -8.490200e-002 1.834990e-001
6.846630e-001 -6.026600e-002 1.178770e-001
6.851700e-001 4.449900e-002 2.259050e-001
6.858430e-001 1.482400e-002 9.156100e-002
6.858440e-001 -7.682300e-002 1.381640e-001
6.867680e-001 -7.746900e-002 2.062740e-001
6.877960e-001 -8.091100e-002 1.464140e-001
6.892850e-001 7.445400e-002 1.801650e-001
6.906050e-001 -8.307600e-002 1.946580e-001
6.907430e-001 -6.522000e-003 9.108900e-002
6.912430e-001 -4.786200e-002 2.420920e-001
6.915490e-001 7.220400e-002 1.897050e-001
6.917260e-001 -1.705000e-002 2.507660e-001
6.918470e-001 -2.920900e-002 9.712200e-002
6.930090e-001 -5.770600e-002 2.353030e-001
6.930110e-001 1.275200e-002 2.443130e-001
6.933340e-001 5.120900e-002 2.212520e-001
6.938760e-001 5.162800e-002 1.026600e-001
6.945980e-001 -4.978000e-003 2.502220e-001
6.946860e-001 -3.763200e-002 2.483380e-001
6.947460e-001 -8.666700e-002 1.753700e-001
6.950520e-001 6.517500e-002 2.049400e-001
6.952330e-001 -6.672900e-002 1.228360e-001
6.952600e-001 3.482900e-002 2.336170e-001
6.953020e-001 1.030800e-002 8.849700e-002
6.953240e-001 -4.014200e-002 1.019060e-001
6.953460e-001 2.338000e-002 8.947400e-002
6.966370e-001 -5.186500e-002 1.092490e-001
6.969730e-001 -8.612700e-002 1.852410e-001
6.972550e-001 2.163300e-002 2.408890e-001
6.973030e-001 6.341100e-002 1.135890e-001
6.973550e-001 1.993000e-003 2.486800e-001
6.978180e-001 7.033900e-002 1.238070e-001
6.988970e-001 -2.673200e-002 2.516980e-001
7.002660e-001 7.852000e-002 1.441990e-001
7.013320e-001 7.910300e-002 1.659050e-001
7.019130e-001 7.136600e-002 1.954600e-001
7.020680e-001 -7.389300e-002 2.163250e-001
7.024480e-001 -6.829800e-002 2.249600e-001
7.024770e-001 7.513700e-002 1.308200e-001
7.026140e-001 4.448500e-002 2.279000e-001
7.026340e-001 -8.097900e-002 2.030160e-001
7.028720e-001 -1.212000e-003 8.674500e-002
7.035960e-001 -7.874900e-002 1.370880e-001
7.036670e-001 -3.441100e-002 9.604200e-002
7.043850e-001 8.027200e-002 1.533860e-001
7.047870e-001 -8.424100e-002 1.954690e-001
7.048780e-001 -3.287300e-002 2.517840e-001
7.049810e-001 -5.216600e-002 2.430340e-001
7.050050e-001 5.720000e-002 1.027050e-001
7.053920e-001 -6.312900e-002 2.323810e-001
7.061850e-001 2.494400e-002 8.534400e-002
7.064490e-001 1.023300e-002 8.441300e-002
7.067970e-001 -8.728600e-002 1.820970e-001
7.082690e-001 -8.785000e-002 1.636830e-001
7.087980e-001 4.155700e-002 9.007000e-002
7.101940e-001 3.101400e-002 8.559800e-002
7.102690e-001 1.094200e-002 2.479040e-001
7.109050e-001 -8.337400e-002 1.450090e-001
7.114880e-001 -1.877700e-002 2.544040e-001
7.117240e-001 -7.408900e-002 1.289610e-001
7.120250e-001 -1.701100e-002 8.718000e-002
7.129080e-001 -6.044100e-002 1.140690e-001
7.130130e-001 -8.875500e-002 1.733130e-001
7.132670e-001 -4.069300e-002 2.510790e-001
7.132920e-001 -4.935300e-002 2.470480e-001
7.136120e-001 -7.901200e-002 2.100060e-001
7.139260e-001 -8.433200e-002 1.973660e-001
7.139830e-001 -2.931700e-002 9.082000e-002
7.141390e-001 2.309800e-002 2.429260e-001
7.141660e-001 6.241200e-002 2.118520e-001
7.144190e-001 -5.298800e-002 1.069670e-001
7.149820e-001 -4.338200e-002 9.876600e-002
7.157260e-001 -3.248400e-002 2.538070e-001
7.162430e-001 5.415900e-002 9.599000e-002
7.163230e-001 5.024500e-002 2.248840e-001
7.164550e-001 8.174200e-002 1.462420e-001
7.167870e-001 -5.573400e-002 2.435310e-001
7.170150e-001 8.170800e-002 1.677570e-001
7.170680e-001 7.040700e-002 2.007670e-001
7.172650e-001 -6.329200e-002 2.361320e-001
7.174760e-001 -8.799600e-002 1.876720e-001
7.178040e-001 -1.332300e-002 8.400400e-002
7.179700e-001 -1.190700e-002 2.547500e-001
7.184720e-001 -6.520000e-004 8.147800e-002
7.188010e-001 7.747800e-002 1.863620e-001
7.193440e-001 7.371800e-002 1.182000e-001
7.197860e-001 6.241500e-002 1.021420e-001
7.204860e-001 3.353300e-002 2.380290e-001
7.206760e-001 -6.890000e-004 2.532730e-001
7.210380e-001 6.887400e-002 1.096750e-001
7.216270e-001 1.657400e-002 7.932200e-002
7.226260e-001 3.564000e-002 8.261200e-002
7.230090e-001 -8.848400e-002 1.544800e-001
7.230690e-001 8.233600e-002 1.393600e-001
7.231710e-001 -2.356500e-002 8.565500e-002
7.232410e-001 -7.103400e-002 2.285600e-001
7.232750e-001 -2.955700e-002 2.554690e-001
7.234300e-001 7.173000e-003 7.913500e-002
7.237050e-001 -8.978000e-002 1.813680e-001
7.248070e-001 -6.333900e-002 1.138020e-001
7.249250e-001 -1.295300e-002 8.194900e-002
7.251170e-001 -4.862400e-002 9.970000e-002
7.251840e-001 -5.052200e-002 2.488400e-001
7.252360e-001 8.406500e-002 1.601810e-001
7.254210e-001 -7.595800e-002 2.208080e-001
7.254780e-001 4.694600e-002 8.708000e-002
7.255440e-001 -6.343000e-002 2.378660e-001
7.258710e-001 -8.335900e-002 2.059070e-001
7.265240e-001 -8.212500e-002 1.376240e-001
7.272930e-001 -9.979000e-003 2.556460e-001
7.274820e-001 8.088800e-002 1.294840e-001
7.277270e-001 8.751000e-003 2.514980e-001
7.279620e-001 -9.041900e-002 1.602790e-001
7.291450e-001 -9.111200e-002 1.681970e-001
7.301030e-001 -8.727600e-002 1.476430e-001
7.305640e-001 -3.599400e-002 8.915900e-002
7.306830e-001 2.229800e-002 2.462460e-001
7.309680e-001 -2.174200e-002 2.566150e-001
7.309900e-001 -7.169900e-002 2.296740e-001
7.311220e-001 -4.472100e-002 2.519950e-001
7.319230e-001 -5.604900e-002 1.042480e-001
7.320210e-001 6.959400e-002 2.053670e-001
7.320910e-001 -7.811500e-002 1.304700e-001
7.322040e-001 8.210700e-002 1.787860e-001
7.322980e-001 5.568300e-002 9.047800e-002
7.328480e-001 -4.741900e-002 9.578700e-002
7.330000e-001 8.585800e-002 1.534290e-001
7.339970e-001 7.617600e-002 1.144450e-001
7.344120e-001 6.630500e-002 1.002070e-001
7.350210e-001 4.394600e-002 2.325870e-001
7.357360e-001 -8.469500e-002 2.062590e-001
7.359400e-001 -5.899300e-002 2.442610e-001
7.373320e-001 6.311000e-002 2.149560e-001
7.374180e-001 1.450000e-003 2.547390e-001
7.374510e-001 -9.093800e-002 1.826910e-001
7.374910e-001 7.729100e-002 1.934380e-001
7.376170e-001 -7.960100e-002 2.188890e-001
7.377570e-001 3.320800e-002 2.410450e-001
7.378030e-001 8.500500e-002 1.701330e-001
7.382200e-001 -5.007900e-002 9.697200e-002
7.385560e-001 7.261600e-002 1.065960e-001
7.388520e-001 5.620000e-002 2.224250e-001
7.389070e-001 4.721000e-003 7.338200e-002
7.389190e-001 -8.783100e-002 1.980160e-001
7.390860e-001 -7.135600e-002 1.191750e-001
7.395310e-001 -2.320700e-002 8.019300e-002
7.399390e-001 8.678000e-002 1.455650e-001
7.403340e-001 -8.538800e-002 1.418580e-001
7.404480e-001 -9.783000e-003 2.566370e-001
7.419810e-001 -1.068600e-002 7.512700e-002
7.422440e-001 -8.996300e-002 1.537480e-001
7.425940e-001 -2.276300e-002 2.570060e-001
7.427140e-001 -5.371400e-002 2.480670e-001
7.427830e-001 -3.192100e-002 2.557560e-001
7.428530e-001 -6.759100e-002 2.371120e-001
7.442530e-001 8.620400e-002 1.356050e-001
7.443670e-001 -3.736600e-002 2.546250e-001
7.452350e-001 3.548800e-002 7.480100e-002
7.458200e-001 -3.228500e-002 8.188400e-002
7.460630e-001 8.750800e-002 1.592900e-001
7.461410e-001 1.346300e-002 7.031400e-002
7.469730e-001 -8.394800e-002 2.138150e-001
7.476470e-001 -9.229700e-002 1.825790e-001
7.479860e-001 -7.546700e-002 2.292710e-001
7.480660e-001 2.341000e-003 2.556830e-001
7.481760e-001 7.459200e-002 2.009550e-001
7.493280e-001 -5.504600e-002 9.743300e-002
7.494250e-001 -1.726200e-002 7.415900e-002
7.496010e-001 6.901400e-002 9.815000e-002
7.498520e-001 -8.968600e-002 1.998620e-001
7.498660e-001 1.225300e-002 2.529230e-001
7.499880e-001 2.850000e-002 7.126100e-002
7.506960e-001 -5.855300e-002 2.453520e-001
7.507780e-001 4.210000e-002 7.594700e-002
7.507810e-001 -4.325000e-002 8.694300e-002
7.508300e-001 -6.478000e-003 2.572980e-001
7.513180e-001 -9.196900e-002 1.909850e-001
7.520560e-001 2.475000e-002 2.479770e-001
7.527020e-001 -7.888000e-002 2.240730e-001
7.534310e-001 5.462800e-002 8.317200e-002
7.535740e-001 8.455400e-002 1.230850e-001
7.541470e-001 -8.564400e-002 1.382930e-001
7.541760e-001 1.701800e-002 6.812400e-002
7.549900e-001 -4.773400e-002 2.511360e-001
7.563210e-001 8.473900e-002 1.797570e-001
7.563250e-001 6.362000e-002 9.034600e-002
7.565740e-001 -7.117900e-002 2.352560e-001
7.575690e-001 -2.887900e-002 2.563450e-001
7.578220e-001 8.692100e-002 1.284670e-001
7.578710e-001 -8.941600e-002 1.472620e-001
7.581400e-001 -1.956100e-002 7.195300e-002
7.584340e-001 -2.332000e-003 2.569270e-001
7.585920e-001 1.833300e-002 2.514400e-001
7.586960e-001 -5.246000e-003 6.803900e-002
7.591240e-001 8.847600e-002 1.646910e-001
7.591490e-001 -3.227100e-002 7.707800e-002
7.596480e-001 -7.006700e-002 1.107500e-001
7.603380e-001 3.526900e-002 2.432390e-001
7.604080e-001 -1.436900e-002 2.579710e-001
7.606640e-001 -8.158900e-002 2.220420e-001
7.607280e-001 8.987300e-002 1.485710e-001
7.608110e-001 -9.192900e-002 1.967910e-001
7.615110e-001 5.110500e-002 2.318980e-001
7.617020e-001 3.423800e-002 7.001700e-002
7.622320e-001 9.500000e-003 2.550860e-001
7.622330e-001 -4.376300e-002 8.353400e-002
7.623810e-001 -6.106500e-002 9.880000e-002
7.629410e-001 8.117200e-002 1.115330e-001
7.631510e-001 -8.067800e-002 1.266190e-001
7.632390e-001 -8.582800e-002 2.146900e-001
7.636830e-001 8.919400e-002 1.360070e-001
7.637680e-001 7.689100e-002 1.042230e-001
7.638570e-001 -7.142800e-002 2.355690e-001
7.651600e-001 -6.258400e-002 2.431280e-001
7.658720e-001 2.185100e-002 2.511850e-001
7.661380e-001 2.722500e-002 6.697200e-002
7.662910e-001 -9.385700e-002 1.650550e-001
7.663900e-001 3.507000e-003 6.494600e-002
7.666990e-001 -2.804300e-002 7.309700e-002
7.672390e-001 -5.431200e-002 9.016300e-002
7.677690e-001 5.968600e-002 2.250870e-001
7.678750e-001 -9.139700e-002 2.018270e-001
7.679000e-001 7.196100e-002 2.092130e-001
7.679400e-001 3.483000e-003 2.569110e-001
7.688310e-001 -2.493700e-002 2.570260e-001
7.694890e-001 1.361900e-002 6.414700e-002
7.700240e-001 7.346800e-002 9.787400e-002
7.701270e-001 -3.619600e-002 7.598100e-002
7.709670e-001 -9.489900e-002 1.765500e-001
7.709690e-001 -8.590500e-002 1.350220e-001
7.711670e-001 7.871700e-002 1.980250e-001
7.718090e-001 4.569700e-002 2.384720e-001
7.719680e-001 -1.311100e-002 6.609100e-002
7.723090e-001 6.847400e-002 2.157200e-001
7.726960e-001 -6.724000e-003 2.583280e-001
7.727510e-001 -4.706700e-002 8.259100e-002
7.735060e-001 -8.909000e-002 2.096670e-001
7.737040e-001 -5.826400e-002 2.466430e-001
7.737240e-001 -4.950400e-002 2.506760e-001
7.739870e-001 -9.418500e-002 1.915050e-001
7.741120e-001 8.861800e-002 1.710340e-001
7.741580e-001 -7.450000e-002 1.118920e-001
7.749830e-001 8.428600e-002 1.863130e-001
7.750290e-001 8.440600e-002 1.155370e-001
7.763010e-001 -9.366400e-002 1.581930e-001
7.774660e-001 4.089200e-002 2.427370e-001
7.775290e-001 -2.683100e-002 2.570480e-001
7.776520e-001 -7.286300e-002 2.351990e-001
7.779730e-001 -8.087000e-002 2.253390e-001
7.781880e-001 2.853500e-002 2.494720e-001
7.782180e-001 1.915300e-002 2.533790e-001
7.788130e-001 -3.146400e-002 7.171500e-002
7.789280e-001 9.136500e-002 1.531010e-001
7.790640e-001 -4.133300e-002 2.537070e-001
7.792650e-001 -5.443000e-003 6.218300e-002
7.795790e-001 -9.205600e-002 1.502480e-001
7.809530e-001 5.085700e-002 7.446600e-002
7.809650e-001 -6.360200e-002 2.433440e-001
7.811350e-001 2.264000e-002 6.316900e-002
7.820580e-001 -1.972600e-002 6.612300e-002
7.821240e-001 5.280000e-003 2.572050e-001
7.822760e-001 3.736700e-002 6.720500e-002
7.824650e-001 -4.756700e-002 8.028600e-002
7.828750e-001 -1.744200e-002 2.584800e-001
7.832300e-001 -6.878200e-002 1.004610e-001
7.838370e-001 6.123700e-002 8.168700e-002
7.845940e-001 7.575500e-002 2.081380e-001
7.846320e-001 5.327500e-002 2.349640e-001
7.850820e-001 -7.790300e-002 2.295810e-001
7.854710e-001 -7.115000e-003 2.585810e-001
7.854840e-001 1.583000e-003 6.065100e-002
7.859050e-001 -9.439900e-002 1.972920e-001
7.860000e-001 -4.444500e-002 2.537370e-001
7.860350e-001 -7.815400e-002 1.136870e-001
7.861000e-001 -8.749900e-002 2.155080e-001
7.865290e-001 8.930000e-002 1.259340e-001
7.867920e-001 -9.622700e-002 1.810430e-001
7.868480e-001 2.215200e-002 2.534340e-001
7.870420e-001 -8.877900e-002 1.380560e-001
7.877280e-001 9.146000e-002 1.633720e-001
7.880370e-001 -2.974600e-002 2.568050e-001
7.882200e-001 -4.345700e-002 7.630000e-002
7.889760e-001 -6.060800e-002 9.002600e-002
7.892570e-001 -8.194100e-002 2.241710e-001
7.892800e-001 -4.066000e-003 6.025200e-002
7.897080e-001 -5.367900e-002 2.498120e-001
7.904270e-001 7.160000e-003 6.001600e-002
7.912220e-001 -3.642400e-002 7.164300e-002
7.914350e-001 7.072400e-002 2.178860e-001
7.917480e-001 6.155000e-002 2.286590e-001
7.920190e-001 -7.154500e-002 2.371220e-001
7.924950e-001 8.264300e-002 1.972940e-001
7.925770e-001 -2.112400e-002 2.586650e-001
7.931840e-001 3.823100e-002 2.467930e-001
7.932280e-001 -1.866500e-002 6.394300e-002
7.933860e-001 -9.030900e-002 2.089510e-001
7.942180e-001 4.451600e-002 6.748200e-002
7.947300e-001 4.975600e-002 2.394850e-001
7.948100e-001 2.940100e-002 6.175300e-002
7.948920e-001 6.642000e-003 2.576610e-001
7.949070e-001 -3.946000e-002 2.548860e-001
7.955880e-001 -6.601900e-002 2.419900e-001
7.959860e-001 -7.826900e-002 2.297010e-001
7.960100e-001 -9.562100e-002 1.928310e-001
7.963700e-001 -9.644200e-002 1.712470e-001
7.966150e-001 9.328000e-002 1.512740e-001
7.967220e-001 1.791200e-002 5.913000e-002
7.971130e-001 -9.340600e-002 2.018500e-001
7.971250e-001 8.854300e-002 1.826070e-001
7.976440e-001 -3.864300e-002 7.192200e-002
7.981140e-001 -7.480000e-003 2.594710e-001
7.985300e-001 -9.668000e-002 1.844510e-001
7.992160e-001 2.236300e-002 2.543260e-001
8.000140e-001 6.926000e-002 8.643700e-002
8.002680e-001 5.579400e-002 7.393100e-002
8.006030e-001 -4.968400e-002 2.518590e-001
8.008660e-001 3.303000e-003 5.743100e-002
8.010240e-001 -5.762000e-002 2.472850e-001
8.026240e-001 8.937000e-002 1.198810e-001
8.029620e-001 -4.821700e-002 7.680000e-002
8.032250e-001 -8.395600e-002 2.205270e-001
8.034810e-001 -7.036200e-002 2.377480e-001
8.035090e-001 -9.200200e-002 1.446420e-001
8.035330e-001 6.904900e-002 2.223530e-001
8.037280e-001 -3.400100e-002 6.809700e-002
8.044170e-001 -1.646700e-002 2.593300e-001
8.045800e-001 -7.682400e-002 1.062740e-001
8.047830e-001 -6.003000e-003 5.847900e-002
8.048660e-001 -2.268500e-002 6.340700e-002
8.052910e-001 4.660600e-002 2.428990e-001
8.053800e-001 3.421500e-002 2.499380e-001
8.056340e-001 9.397900e-002 1.406620e-001
8.057350e-001 -6.897700e-002 9.520900e-002
8.061030e-001 -3.259400e-002 2.570640e-001
8.064210e-001 -8.887700e-002 2.121580e-001
8.064560e-001 5.445000e-003 5.620300e-002
8.067530e-001 9.277200e-002 1.305200e-001
8.073560e-001 6.437800e-002 8.057200e-002
8.074680e-001 7.918600e-002 2.083070e-001
8.080700e-001 8.515300e-002 1.077050e-001
8.083130e-001 -9.470500e-002 1.965400e-001
8.083850e-001 -8.285400e-002 2.202010e-001
8.088180e-001 -7.461700e-002 2.322180e-001
8.088620e-001 1.355700e-002 2.575030e-001
8.088750e-001 -8.167200e-002 1.135110e-001
8.093430e-001 8.692900e-002 1.928180e-001
8.099100e-001 -9.554000e-002 1.585050e-001
8.106530e-001 9.380300e-002 1.673050e-001
8.110810e-001 -7.944800e-002 2.259430e-001
8.111800e-001 6.426900e-002 2.287760e-001
8.112900e-001 2.349700e-002 2.546140e-001
8.114590e-001 4.648000e-003 2.590300e-001
8.119960e-001 7.942100e-002 9.705800e-002
8.121720e-001 -2.518600e-002 2.587610e-001
8.122580e-001 -5.556900e-002 2.487520e-001
8.124190e-001 5.505100e-002 2.372740e-001
8.125210e-001 4.145600e-002 6.403600e-002
8.132210e-001 -8.198000e-003 2.598250e-001
8.133030e-001 -9.262400e-002 2.049550e-001
8.135680e-001 -8.510100e-002 1.198560e-001
8.136680e-001 4.792400e-002 6.749400e-002
8.144820e-001 -5.594300e-002 8.066100e-002
8.151160e-001 -3.918100e-002 2.553780e-001
8.160310e-001 -6.265300e-002 2.429810e-001
8.163530e-001 -9.717700e-002 1.881000e-001
8.168050e-001 -7.253800e-002 2.342580e-001
8.171200e-001 -4.031400e-002 6.963200e-002
8.172200e-001 -4.746400e-002 2.522110e-001
8.179510e-001 9.254000e-002 1.211320e-001
8.181810e-001 9.668400e-002 1.463070e-001
8.188910e-001 -9.783900e-002 1.689250e-001
8.190230e-001 -9.545100e-002 1.959960e-001
8.191470e-001 1.687400e-002 2.568680e-001
8.203630e-001 9.693300e-002 1.560590e-001
8.205700e-001 -4.875400e-002 7.387600e-002
8.206840e-001 9.664300e-002 1.348640e-001
8.208860e-001 -1.902800e-002 2.594110e-001
8.217470e-001 -8.700700e-002 2.140690e-001
8.224760e-001 -9.827800e-002 1.807970e-001
8.229210e-001 -6.736000e-002 2.379980e-001
8.231170e-001 9.314300e-002 1.819100e-001
8.232050e-001 7.951300e-002 9.438300e-002
8.237580e-001 8.931300e-002 1.092530e-001
8.240540e-001 9.638500e-002 1.686230e-001
8.241460e-001 -1.421000e-003 2.599790e-001
8.252170e-001 -5.470100e-002 2.477910e-001
8.255220e-001 5.889700e-002 7.427100e-002
8.257140e-001 -9.095600e-002 2.067580e-001
8.268770e-001 7.979900e-002 2.119100e-001
8.276450e-001 -9.171000e-002 1.331490e-001
8.278580e-001 -9.718600e-002 1.550140e-001
8.281020e-001 -7.335500e-002 2.314960e-001
8.288060e-001 -6.784900e-002 8.885800e-002
8.289080e-001 -8.069900e-002 2.215530e-001
8.290550e-001 7.252200e-002 8.559900e-002
8.294360e-001 4.453600e-002 2.456340e-001
8.296970e-001 -7.701800e-002 9.976700e-002
8.305440e-001 3.253900e-002 2.517190e-001
8.310540e-001 -2.878900e-002 2.571320e-001
8.314730e-001 -6.338100e-002 2.416310e-001
8.314780e-001 1.004370e-001 1.576840e-001
8.314910e-001 1.011420e-001 1.441810e-001
8.318470e-001 -9.636200e-002 1.939890e-001
8.322720e-001 -4.090900e-002 2.538090e-001
8.326590e-001 -8.635200e-002 1.157460e-001
8.328930e-001 7.279400e-002 2.220610e-001
8.342500e-001 8.861800e-002 1.986680e-001
8.343620e-001 -9.892200e-002 1.829080e-001
8.349800e-001 -8.423600e-002 2.177140e-001
8.350910e-001 9.836100e-002 1.749600e-001
8.353140e-001 -6.198000e-003 2.598870e-001
8.355930e-001 -4.775100e-002 2.508420e-001
8.378410e-001 9.321700e-002 1.080300e-001
8.378450e-001 -7.769500e-002 2.247580e-001
8.383380e-001 -9.338600e-002 2.023940e-001
8.387690e-001 -7.331900e-002 2.307530e-001
8.391300e-001 9.544000e-002 1.866300e-001
8.397260e-001 1.052010e-001 1.438020e-001
8.400610e-001 -6.572100e-002 2.391450e-001
8.402160e-001 8.480800e-002 9.643700e-002
8.402940e-001 9.894400e-002 1.172420e-001
8.403530e-001 1.016350e-001 1.242230e-001
8.407690e-001 7.966300e-002 2.144210e-001
8.416190e-001 -3.777400e-002 2.543950e-001
8.417170e-001 5.717000e-002 2.379100e-001
8.419120e-001 -8.276300e-002 1.066390e-001
8.421800e-001 1.194700e-002 2.577720e-001
8.426180e-001 -5.648300e-002 2.463890e-001
8.427020e-001 1.048800e-001 1.342030e-001
8.430360e-001 9.137500e-002 1.038330e-001
8.431780e-001 -1.975300e-002 2.586600e-001
8.434560e-001 -9.692300e-002 1.459890e-001
8.437260e-001 2.242500e-002 2.554730e-001
8.445800e-001 -1.000380e-001 1.656090e-001
8.453260e-001 1.066800e-001 1.569280e-001
8.456100e-001 -8.519600e-002 2.155780e-001
8.459320e-001 7.201400e-002 8.397500e-002
8.476440e-001 4.205600e-002 2.475410e-001
8.477670e-001 6.681900e-002 2.299410e-001
8.480010e-001 8.463500e-002 9.617300e-002
8.484750e-001 -7.865000e-002 2.252040e-001
8.491430e-001 -6.347700e-002 2.406680e-001
8.495780e-001 8.747500e-002 2.062220e-001
8.498890e-001 8.321300e-002 9.275200e-002
8.502410e-001 -9.896200e-002 1.871840e-001
8.510260e-001 -4.940900e-002 2.489860e-001
8.513570e-001 1.036730e-001 1.231730e-001
8.516100e-001 5.059600e-002 2.425400e-001
8.516300e-001 -2.687600e-002 2.564780e-001
8.517460e-001 -1.004410e-001 1.748140e-001
8.520730e-001 4.181000e-003 2.587450e-001
8.521210e-001 9.559200e-002 1.100070e-001
8.524940e-001 -9.056400e-002 2.085150e-001
8.527380e-001 8.814100e-002 8.974900e-002
8.528940e-001 -9.145800e-002 1.242610e-001
8.534260e-001 9.609200e-002 1.936030e-001
8.537340e-001 9.406300e-002 1.049510e-001
8.539130e-001 7.722400e-002 2.198960e-001
8.543750e-001 1.093140e-001 1.377530e-001
8.544260e-001 -6.970000e-002 2.353610e-001
8.544820e-001 -9.567800e-002 1.977100e-001
8.554960e-001 -9.638000e-003 2.589080e-001
8.557060e-001 1.083850e-001 1.214420e-001
8.561120e-001 -8.018900e-002 2.235220e-001
8.567530e-001 1.094180e-001 1.655760e-001
8.570120e-001 9.936800e-002 1.017370e-001
8.571540e-001 1.014590e-001 1.083520e-001
8.577180e-001 1.465800e-002 2.565320e-001
8.577300e-001 -5.840500e-002 2.438090e-001
8.585040e-001 -8.753000e-002 1.135650e-001
8.586470e-001 2.725900e-002 2.532680e-001
8.591170e-001 -4.244900e-002 2.509490e-001
8.592220e-001 1.125400e-001 1.489480e-001
8.593880e-001 -9.538400e-002 2.000690e-001
8.598200e-001 -9.948100e-002 1.558700e-001
8.599520e-001 1.163490e-001 1.357070e-001
8.599880e-001 -1.930600e-002 2.573290e-001
8.601810e-001 -9.434700e-002 1.320180e-001
8.601890e-001 1.154580e-001 1.283980e-001
8.607190e-001 -1.433000e-003 2.584620e-001
8.624540e-001 1.125750e-001 1.581940e-001
8.628290e-001 -5.476100e-002 2.456280e-001
8.628690e-001 1.117840e-001 1.152460e-001
8.632740e-001 5.976500e-002 2.362070e-001
8.635220e-001 -2.834200e-002 2.546970e-001
8.637270e-001 7.388400e-002 2.242430e-001
8.644950e-001 3.640300e-002 2.492370e-001
8.647490e-001 -8.452900e-002 2.175620e-001
8.647630e-001 1.189210e-001 1.487740e-001
8.649730e-001 -6.216700e-002 2.411760e-001
8.656050e-001 1.208240e-001 1.426440e-001
8.657930e-001 1.148840e-001 1.091860e-001
8.664650e-001 1.178890e-001 1.245820e-001
8.666280e-001 1.213310e-001 1.362090e-001
8.673140e-001 -7.053800e-002 2.343480e-001
8.675880e-001 7.726000e-003 2.569090e-001
8.677850e-001 -9.769900e-002 1.464440e-001
8.682860e-001 1.182770e-001 1.204330e-001
8.689930e-001 -4.344000e-003 2.573520e-001
8.691850e-001 -9.806800e-002 1.900890e-001
8.693000e-001 -8.753700e-002 2.135680e-001
8.698880e-001 -1.002550e-001 1.681140e-001
8.707660e-001 -9.004000e-002 1.186770e-001
8.709960e-001 -9.978900e-002 1.809240e-001
8.711740e-001 1.126250e-001 1.724170e-001
8.712340e-001 1.254120e-001 1.060400e-001
8.717210e-001 1.075910e-001 1.833920e-001
8.723720e-001 -3.705100e-002 2.513130e-001
8.724950e-001 1.454700e-002 2.547320e-001
8.735920e-001 1.237370e-001 1.333260e-001
8.740800e-001 1.207970e-001 1.631190e-001
8.746090e-001 4.654500e-002 2.438450e-001
8.748370e-001 -5.471000e-003 2.566230e-001
8.748610e-001 2.976600e-002 2.505300e-001
8.749680e-001 9.080200e-002 2.081140e-001
8.753230e-001 1.260600e-001 1.474570e-001
8.753680e-001 -5.642200e-002 2.428840e-001
8.753830e-001 -2.064800e-002 2.546490e-001
8.756730e-001 1.245000e-001 1.563890e-001
8.759340e-001 -8.442700e-002 2.164960e-001
8.759550e-001 -4.627400e-002 2.471770e-001
8.760190e-001 1.264700e-001 1.277850e-001
8.761790e-001 1.308910e-001 1.153810e-001
8.766250e-001 -9.389900e-002 2.008840e-001
8.770210e-001 7.658300e-002 2.232800e-001
8.770690e-001 3.070000e-003 2.559690e-001
8.781000e-001 -8.922900e-002 2.091770e-001
8.785900e-001 -9.498100e-002 1.354870e-001
8.790010e-001 -6.730100e-002 2.345970e-001
8.791550e-001 -9.791700e-002 1.505150e-001
8.797740e-001 1.167680e-001 1.747110e-001
8.798420e-001 1.355720e-001 1.072200e-001
8.801250e-001 -7.583700e-002 2.265450e-001
8.813550e-001 6.272600e-002 2.340290e-001
8.815890e-001 -1.085300e-002 2.554090e-001
8.818180e-001 1.735500e-002 2.530280e-001
8.821160e-001 1.281220e-001 1.420390e-001
8.839830e-001 1.106070e-001 1.850650e-001
8.840530e-001 1.321280e-001 1.352040e-001
8.842470e-001 3.978800e-002 2.460120e-001
8.842910e-001 -6.710800e-002 2.344020e-001
8.844190e-001 1.385090e-001 1.206580e-001
8.845640e-001 -2.939300e-002 2.510780e-001
8.846030e-001 1.251290e-001 1.655320e-001
8.846310e-001 1.357560e-001 1.299700e-001
8.846600e-001 -9.887400e-002 1.727810e-001
8.852630e-001 -5.559200e-002 2.412740e-001
8.857730e-001 5.684300e-002 2.373860e-001
8.858400e-001 1.020830e-001 1.967990e-001
8.859490e-001 1.283930e-001 1.563140e-001
8.863850e-001 -3.879600e-002 2.475780e-001
8.883540e-001 -7.984100e-002 2.201340e-001
8.888680e-001 9.192800e-002 2.087360e-001
8.889730e-001 7.753000e-002 2.219640e-001
8.891760e-001 -9.361400e-002 1.969210e-001
8.908670e-001 -6.933000e-002 2.305860e-001
8.914630e-001 1.303120e-001 1.515190e-001
8.916900e-001 -9.697400e-002 1.832250e-001
8.929880e-001 1.230460e-001 1.745850e-001
8.932300e-001 -5.088000e-002 2.414090e-001
8.935450e-001 1.435780e-001 1.279050e-001
8.939320e-001 1.267400e-001 1.687890e-001
8.940080e-001 1.455910e-001 1.159250e-001
8.945420e-001 1.768800e-002 2.510120e-001
8.950720e-001 1.092360e-001 1.908590e-001
8.956210e-001 -9.127000e-002 2.004600e-001
8.956750e-001 1.364940e-001 1.453590e-001
8.970720e-001 1.300790e-001 1.580940e-001
8.971410e-001 1.430050e-001 1.364770e-001
8.982880e-001 8.733500e-002 2.132400e-001
8.983650e-001 1.199010e-001 1.812560e-001
8.984900e-001 -1.837600e-002 2.508220e-001
8.985330e-001 -9.563200e-002 1.468760e-001
8.986750e-001 -6.356700e-002 2.336750e-001
8.986860e-001 -1.011900e-002 2.517890e-001
9.002380e-001 -4.795100e-002 2.410960e-001
9.005510e-001 -6.752200e-002 2.293080e-001
9.006850e-001 3.436000e-002 2.453790e-001
9.006930e-001 4.510600e-002 2.409420e-001
9.015060e-001 1.478100e-001 1.260590e-001
9.016300e-001 1.248600e-001 1.743160e-001
9.016670e-001 -9.311000e-002 1.926640e-001
9.018390e-001 9.712800e-002 2.037980e-001
9.021710e-001 -9.021000e-002 2.010800e-001
9.026410e-001 6.659800e-002 2.283820e-001
9.027390e-001 8.090000e-002 2.181020e-001
9.031250e-001 -9.596100e-002 1.547550e-001
9.032700e-001 -7.660800e-002 2.205850e-001
9.041970e-001 -9.605500e-002 1.698740e-001
9.042020e-001 1.416430e-001 1.462560e-001
9.042560e-001 1.358550e-001 1.533230e-001
9.057520e-001 -5.772800e-002 2.352480e-001
9.063190e-001 1.201940e-001 1.821480e-001
9.068230e-001 -1.556000e-003 2.507100e-001
9.068460e-001 -8.392300e-002 2.097350e-001
9.072810e-001 1.105520e-001 1.917860e-001
9.074850e-001 1.674300e-002 2.482680e-001
9.078270e-001 -3.194900e-002 2.452440e-001
9.081970e-001 1.284540e-001 1.661290e-001
9.089910e-001 5.231600e-002 2.355530e-001
9.105900e-001 -9.416900e-002 1.774920e-001
9.109000e-001 -7.223800e-002 2.230630e-001
9.119230e-001 -8.700100e-002 2.016360e-001
9.119550e-001 1.225900e-001 1.787970e-001
9.121540e-001 -4.793800e-002 2.386190e-001
9.126240e-001 1.482650e-001 1.393760e-001
9.135350e-001 1.452730e-001 1.471460e-001
9.135390e-001 -9.123700e-002 1.902730e-001
9.142830e-001 -6.111200e-002 2.306610e-001
9.143960e-001 9.666200e-002 2.035630e-001
9.148290e-001 4.081800e-002 2.394520e-001
9.152750e-001 -7.937400e-002 2.135690e-001
9.152940e-001 6.412400e-002 2.277200e-001
9.155060e-001 -2.020000e-004 2.480420e-001
9.158230e-001 1.111580e-001 1.917490e-001
9.160100e-001 -8.663900e-002 2.016690e-001
9.160310e-001 -9.402800e-002 1.584860e-001
9.163630e-001 -2.187500e-002 2.462160e-001
9.168700e-001 2.591200e-002 2.436830e-001
9.170160e-001 1.250440e-001 1.728240e-001
9.171910e-001 1.334730e-001 1.634870e-001
9.172690e-001 1.407770e-001 1.557800e-001
9.178080e-001 -1.054400e-002 2.474080e-001
9.197240e-001 8.456400e-002 2.120350e-001
9.199200e-001 -3.722200e-002 2.410660e-001
9.200780e-001 -7.936100e-002 2.107140e-001
9.201530e-001 1.168020e-001 1.854860e-001
9.214020e-001 5.271200e-002 2.325300e-001
9.216360e-001 1.092200e-002 2.453480e-001
9.219120e-001 -7.357900e-002 2.179870e-001
9.238300e-001 -9.026100e-002 1.845250e-001
9.238970e-001 6.576700e-002 2.241220e-001
9.246040e-001 -9.176100e-002 1.710490e-001
9.250900e-001 1.473600e-001 1.488930e-001
9.283020e-001 -5.507200e-002 2.301280e-001
9.286330e-001 1.200050e-001 1.795720e-001
9.292060e-001 1.281170e-001 1.723270e-001
9.296610e-001 -7.796800e-002 2.094890e-001
9.298910e-001 1.380700e-001 1.641380e-001
9.305130e-001 2.812300e-002 2.392910e-001
9.305570e-001 -8.676000e-002 1.909410e-001
9.305930e-001 9.861500e-002 2.004790e-001
9.310150e-001 -6.230200e-002 2.242800e-001
9.315230e-001 7.196800e-002 2.174700e-001
9.321290e-001 -7.096700e-002 2.168860e-001
9.348260e-001 -2.665600e-002 2.405110e-001
9.349920e-001 1.135600e-001 1.858830e-001
9.356130e-001 5.035100e-002 2.294250e-001
9.360240e-001 -8.819700e-002 1.787480e-001
9.361190e-001 3.807100e-002 2.344780e-001
9.361220e-001 9.230200e-002 2.036060e-001
9.365330e-001 1.230300e-002 2.412930e-001
9.367890e-001 1.424240e-001 1.600150e-001
9.368480e-001 -7.947100e-002 2.031290e-001
9.370840e-001 1.239240e-001 1.773520e-001
9.376520e-001 -6.144000e-003 2.419560e-001
9.382040e-001 -1.927300e-002 2.408910e-001
9.385190e-001 1.325730e-001 1.712950e-001
9.386910e-001 -6.387100e-002 2.201080e-001
9.394520e-001 -4.990900e-002 2.297410e-001
9.396620e-001 -7.393400e-002 2.095750e-001
9.418170e-001 -4.233400e-002 2.329080e-001
9.418370e-001 -3.310200e-002 2.366710e-001
9.419350e-001 1.678100e-002 2.386970e-001
9.429050e-001 1.084370e-001 1.891330e-001
9.431570e-001 6.137900e-002 2.207470e-001
9.445060e-001 -8.374200e-002 1.873240e-001
9.463250e-001 2.790000e-002 2.349340e-001
9.471050e-001 8.673000e-003 2.389730e-001
9.474640e-001 1.288260e-001 1.755050e-001
9.477680e-001 1.006580e-001 1.943370e-001
9.493590e-001 -6.805600e-002 2.112440e-001
9.503700e-001 -7.984400e-002 1.927860e-001
9.511510e-001 1.391280e-001 1.651240e-001
9.512710e-001 1.139430e-001 1.852450e-001
9.516940e-001 3.594800e-002 2.305190e-001
9.520880e-001 -5.153900e-002 2.241920e-001
9.534880e-001 -3.354100e-002 2.326780e-001
9.540720e-001 -6.100000e-005 2.373340e-001
9.542750e-001 -7.491200e-002 1.994900e-001
9.556940e-001 -1.592700e-002 2.359950e-001
9.572270e-001 1.021910e-001 1.923770e-001
9.576430e-001 6.789100e-002 2.127290e-001
9.591100e-001 9.145000e-002 1.980290e-001
9.592270e-001 1.286530e-001 1.755990e-001
9.599110e-001 -4.469800e-002 2.253190e-001
9.603380e-001 2.979600e-002 2.302390e-001
9.621920e-001 -7.459700e-002 1.949090e-001
9.623510e-001 1.163820e-001 1.841330e-001
9.632630e-001 5.001400e-002 2.208990e-001
9.645880e-001 -6.019500e-002 2.118900e-001
9.662950e-001 1.032330e-001 1.905480e-001
9.663230e-001 -1.538000e-003 2.334210e-001
9.668200e-001 -4.699200e-002 2.211780e-001
9.680290e-001 1.200670e-001 1.807920e-001
9.684990e-001 3.958700e-002 2.241520e-001
9.688660e-001 8.006300e-002 2.023680e-001
9.704280e-001 9.293600e-002 1.960200e-001
9.718290e-001 1.398000e-002 2.299800e-001
9.734210e-001 6.030100e-002 2.124150e-001
9.738100e-001 -3.094400e-002 2.262360e-001
9.742040e-001 -2.169400e-002 2.289410e-001
9.754990e-001 -6.344300e-002 2.032310e-001
9.755960e-001 -1.018000e-002 2.300530e-001
9.756660e-001 1.007580e-001 1.908660e-001
9.774030e-001 1.137080e-001 1.856050e-001
9.790510e-001 9.382700e-002 1.935710e-001
9.816610e-001 1.003740e-001 1.928880e-001
9.843090e-001 6.260500e-002 2.074030e-001
9.849120e-001 8.125700e-002 1.996860e-001
9.862930e-001 -4.340200e-002 2.154970e-001
9.871320e-001 8.772500e-002 1.975860e-001
9.878440e-001 1.994600e-002 2.239130e-001
9.886300e-001 3.470000e-004 2.264150e-001
9.887590e-001 7.024300e-002 2.040260e-001
9.888870e-001 -3.549600e-002 2.187440e-001
9.899210e-001 -2.270800e-002 2.237120e-001
9.920690e-001 3.307400e-002 2.188580e-001
9.922900e-001 -1.192200e-002 2.251540e-001
9.925060e-001 5.456600e-002 2.097180e-001
9.927180e-001 8.253600e-002 1.968620e-001
9.979230e-001 6.415900e-002 2.040460e-001
9.991570e-001 2.491000e-002 2.188620e-001
1.003300e+000 -5.174000e-003 2.220030e-001
1.003620e+000 -1.321300e-002 2.213630e-001
1.003790e+000 3.868100e-002 2.124010e-001
1.004600e+000 9.755000e-003 2.203340e-001
1.005630e+000 -2.668500e-002 2.175710e-001
