4952
4953
13007
13008
13009
13010
13011
13012
13013
13014
13015
13016
13017
13018
13019
13020
13021
13022
13023
13024
13025
13026
13027
13259
13260
13261
13262
13263
13264
13265
13266
13267
13268
13269
13270
13271
13272
13273
13274
13275
13276
13277
13278
13279
13280
13281
13282
13283
13284
13285
13286
13287
13288
13289
13290
13291
13292
13293
13294
13295
13296
13297
13298
13299
13300
13517
13518
13519
13520
13521
13522
13523
13524
13777
13787
13788
13789
13790
13791
13792
13793
13794
13795
13796
13797
13798
13799
13800
13801
13802
13803
13804
13805
13806
13807
13808
13809
13810
13811
13812
13813
13814
13815
13816
13817
13818
13819
13820
13821
13822
13823
13824
13825
13826
13827
13828
13829
13830
13831
13832
13833
13834
13835
13836
13837
13838
13839
13840
13841
13842
13843
13844
13845
13846
13847
13848
13849
13850
13851
13852
13853
13854
13855
13856
13857
13858
13859
13860
13861
13862
13863
13865
13998
14005
14006
14007
14008
14009
14010
14011
14012
14013
14014
14015
14016
14017
14018
14019
14068
14071
14075
14076
14078
14079
14080
14081
14082
14083
14084
14085
14086
14087
14088
14089
14090
14091
14092
14093
14094
14095
14096
14097
14098
14107
14108
14109
14110
14111
14112
14113
14114
14115
14116
14117
14118
14119
14120
14121
14122
14123
14124
14125
14126
14127
14128
14129
14131
14132
14133
14134
14135
14136
14137
14138
14139
14140
14141
14142
14143
14144
14145
14146
14147
14148
14149
14150
14151
14152
14153
14154
14155
14156
14157
14158
14159
14160
14161
14162
14163
14164
14165
14166
14167
14168
14169
14170
14171
14172
14173
14174
14175
14176
14177
14178
14179
14180
14181
14182
14183
14184
14185
14186
14187
14188
14196
14197
14198
14199
14200
14201
14202
14203
14204
14205
14206
14207
14284
14285
14286
14287
14288
14299
14300
14349
14350
14351
14352
14353
14354
14355
14356
14357
14358
14359
14360
14361
14362
14363
14364
14365
14366
14367
14368
14369
14370
14371
14372
14373
14374
14375
14376
14377
14378
14379
14380
14381
14382
14383
14384
14385
14386
14387
14388
14389
14390
14391
14392
14393
14394
14395
14396
14397
14398
14399
14400
14401
14402
14403
14404
14405
14406
14407
14408
14409
14410
14411
14412
14413
14414
14415
14416
14417
14418
14419
14420
14421
14422
14423
14424
14425
14426
14427
14428
14429
14430
14431
14432
14433
14434
14435
14436
14437
14438
14439
14440
14441
14442
14443
14444
14445
14446
14447
14448
14449
14450
14451
14452
14453
14454
14455
14456
14457
14458
14459
14460
14461
14463
14464
14478
14538
14539
14540
14541
14542
14543
14544
14545
14547
14548
14549
14550
14602
14603
14604
14607
14639
14640
14641
14642
14657
14712
14778
14779
14780
14781
14782
14783
14784
14785
14786
14787
14829
14830
14831
14832
14833
14834
14835
14836
14837
14838
14839
14840
14841
14842
14843
14844
14845
14846
14847
14848
14849
14850
14851
14852
14853
14854
14855
14856
14857
14858
14859
14860
14861
14862
14863
14864
14865
14866
14867
14868
14869
14870
14871
14872
14873
14874
14875
14876
14877
14878
14879
14880
14881
14882
14883
14884
14885
14886
14887
14888
14889
14890
14891
14892
14893
14894
14895
14896
14897
14898
14899
14900
14901
14902
14903
14904
14905
14906
14907
14908
14909
14910
14911
14912
14913
14914
14915
14942
14943
14944
14945
14946
14947
14948
14949
14950
14951
14952
14953
14954
14955
14956
14957
15030
15031
15088
15089
15090
15091
15092
15093
15094
15095
15096
15097
15098
15099
15100
15101
15102
15103
15104
15105
15106
15107
15108
15109
15110
15111
15112
15113
15114
15115
15117
15118
15119
15120
15121
15122
15123
15124
15125
15126
15127
15236
15241
15242
15268
15269
15270
15271
15275
15276
15277
15278
15279
15280
15281
15282
15283
15284
15285
15286
15287
15288
15289
15290
15291
15292
15293
15294
15295
15296
15297
15298
15299
15300
15301
15302
15303
15304
15305
15306
15307
15308
15361
15362
15363
15364
15365
15366
15367
15368
15369
15370
15371
15372
15373
15374
15375
15388
15450
15451
15452
15453
15454
15455
15456
15457
15458
15459
15460
15461
15462
15463
15464
15465
15466
15467
15468
15469
15470
15471
15472
15473
15474
15475
15476
15477
15478
15479
15480
15513
15514
15521
15522
15523
15524
15525
15526
15527
15528
15566
15633
15651
15652
15662
15673
15742
15743
15744
15745
15746
15747
15748
15749
15750
15751
15752
15753
15754
15755
15756
15757
15758
15773
15805
15806
15807
15808
15809
15810
15811
15812
15813
15814
15815
15816
15817
15818
15819
15820
15821
15822
15823
15824
15825
15826
15827
15828
15829
15830
15831
15832
15833
15834
15835
15836
15837
15838
15839
15840
15841
15842
15843
15844
15845
15846
15847
15848
15849
15850
15851
15852
15853
15854
15855
15856
15857
15858
15859
15860
15861
15862
15863
15864
15865
15866
15867
15868
15869
15870
15871
15872
15873
15874
15875
15876
15877
15878
15879
15880
15881
15884
15885
15920
15921
15922
15923
15924
15925
15926
15927
15928
15937
15938
15939
15940
15941
15942
15943
15944
15945
15946
15947
15948
15949
15950
15951
15952
15953
15954
15955
15956
15957
15958
15959
15960
15961
15962
15963
15964
15965
15966
15967
15968
15969
15970
15971
15972
15973
15974
15975
15976
15977
15978
15979
15980
15981
15982
15983
15984
15985
15986
16011
16012
16013
16014
16015
16016
16017
16018
16019
16020
16021
16022
16023
16024
16034
16037
16038
16128
16129
16130
16131
16132
16133
16134
16135
16136
16137
16138
16139
16140
16141
16144
16145
16146
16147
16148
16149
16150
16151
16157
16158
16159
16160
16161
16170
16171
16172
16173
16174
16175
16176
16177
16178
16179
16180
16181
16263
16264
16265
16266
16267
16268
16317
16318
16319
16320
16321
16322
16323
16335
16341
16342
16343
16344
16345
16346
16405
16406
16407
16408
16474
16475
16476
16477
16478
16479
16480
16481
16482
16483
16484
16485
16486
16512
16542
16546
16547
16548
16550
16557
16558
16559
16597
16598
16599
16600
16604
16609
16610
16611
16612
16637
16638
16639
16640
16641
16642
16643
16644
16645
16646
16647
16648
16649
16650
16651
16652
16653
16654
16655
16656
16657
16658
16696
16697
16698
16699
16700
16701
16702
16703
16704
16733
16737
16743
16744
16760
16771
16772
16773
16774
16775
16776
16777
16778
16779
16780
16781
16782
16783
16784
16785
16786
16787
16788
16789
16817
16829
16830
16831
16882
16883
16884
16885
16886
16891
16905
16907
16908
16909
16921
16922
16923
16924
16925
16930
16962
16963
16964
17033
17034
17035
17036
17056
17057
17058
17059
17060
17070
17071
17072
17073
17074
17075
17076
17077
17078
17082
17113
17114
17115
17118
17183
17184
17185
17193
17194
17195
17196
17197
17198
17199
17206
17207
17208
17209
17267
17268
17275
17276
17277
17278
17279
17280
17281
17283
17284
17285
17286
17287
17288
17310
17311
17312
17313
17314
17322
17332
17333
17334
17335
17336
17337
17338
17348
17374
17375
17383
17407
17412
17455
17456
17457
17458
17459
17460
17461
17462
17463
17464
17465
17466
17467
17468
17469
17470
17507
17508
17509
17510
17513
17514
17515
17516
17526
17681
17682
17683
17684
17685
17686
17687
17688
17689
17690
17691
17692
17693
17694
17705
17706
17707
17708
17709
17710
17711
17712
17713
17714
17720
17721
17736
17737
17738
17739
17740
17741
17742
17743
17744
17745
17746
17747
17748
17749
17750
17751
17752
17753
17754
17755
17756
17757
17758
17759
17787
17804
17815
17816
17817
17831
17832
17833
17834
17835
17870
17871
17872
17879
17880
17881
17897
17903
17938
17939
17948
17949
17954
17999
18000
18002
18003
18004
18005
18012
18013
18014
18015
18016
18017
18054
18055
18069
18070
18071
18072
18073
18074
18075
18076
18077
18078
18079
18080
18081
18082
18083
18084
18085
18086
18087
18088
18089
18090
18091
18092
18093
18094
18095
18096
18097
18098
18102
18153
18154
18155
18156
18157
18158
18161
18162
18163
18201
18202
18203
18204
18205
18206
18207
18215
18217
18218
18241
18242
18243
18264
18265
18283
18292
18293
18294
18295
18323
18334
18335
18385
18386
18389
18390
18391
18400
18430
18431
18432
18433
18434
18518
18519
18520
18521
18522
18625
18626
18795
18796
18797
18820
18821
18824
18826
18827
18828
18829
18846
18869
18870
18927
18928
18929
18967
18968
18969
18990
18991
18992
18993
18994
18995
18996
18997
18998
19009
19010
19011
19029
19045
19046
19047
19048
19054
19055
19056
19057
19058
19059
19087
19088
19108
19109
19110
19111
19112
19113
19114
19115
19116
19117
19118
19119
19120
19121
19122
19123
19124
19125
19126
19127
19128
19129
19132
19133
19158
19159
19191
19192
19193
19194
19195
19196
19197
19198
19199
19268
19269
19270
19271
19272
19273
19274
19275
19276
19277
19278
19279
19280
19281
19282
19283
19284
19285
19286
19287
19293
19294
19295
19296
19297
19298
19299
19300
19301
19305
19332
19333
19366
19367
19368
19369
19370
19371
19372
19373
19375
19399
19411
19412
19413
19414
19415
19460
19461
19474
19475
19476
19477
19478
19479
19480
19481
19482
19483
19484
19485
19486
19487
19488
19489
19490
19491
19492
19493
19494
19495
19496
19497
19498
19499
19500
19501
19502
19507
19508
19509
19510
19511
19514
19515
19516
19517
19518
19519
19520
19521
19522
19523
19524
19548
19556
19564
19565
19571
19572
19573
19574
19575
19576
19577
19578
19579
19580
19614
19617
19618
19623
19625
19627
19628
19629
19635
19636
19637
19641
19642
19643
19670
19671
19675
19678
19686
19687
19688
19689
19690
19691
19692
19693
19694
19695
19696
19697
19698
19699
19700
19701
19702
19703
19728
19729
19732
19733
19734
19735
19736
19748
19749
19750
19751
19752
19753
19754
19773
19774
19775
19776
19777
19778
19779
19780
19781
19782
19783
19784
19785
19786
19787
19788
19789
19790
19791
19792
19793
19794
19928
19929
19930
19931
19932
19933
19934
19935
19936
19937
19938
19939
19940
19941
19942
19943
19944
19945
19946
19947
19948
19949
19950
19951
19952
19953
19956
19960
20020
20021
20022
20023
20024
20025
20026
20027
20028
20029
20030
20043
20044
20045
20046
20057
20058
20132
20133
20134
20135
20136
20137
20138
20139
20144
20145
20146
20147
20148
20149
20150
20151
20204
20205
20206
20215
20216
20217
20218
20310
20311
20312
20313
20314
20315
20316
20317
20318
20319
20333
20334
20335
20336
20337
20357
20395
20396
20397
20398
20399
20400
20444
20445
20446
20447
20448
20449
20450
20451
20452
20453
20457
20462
20481
20482
20483
20484
20485
20486
20487
20488
20489
20490
20491
20492
20493
20494
20495
20496
20497
20498
20499
20500
20501
20502
20503
20504
20505
20531
20532
20533
20534
20535
20536
20537
20538
20539
20540
20541
20542
20543
20544
20545
20546
20547
20548
20549
20550
20551
20552
20553
20554
20654
20655
20657
20768
20780
20832
20833
20834
20837
20838
20839
20840
20841
20842
20843
20844
20845
20872
20873
20874
20875
20876
20877
20878
20879
20880
20881
20882
20883
20884
20885
20886
20887
20888
20889
20890
20891
20894
20905
20906
20923
20962
20965
20966
20967
20968
20969
20970
20971
20972
20973
20986
20987
20988
20990
20992
20997
20998
20999
21000
21001
21002
21003
21004
21005
21006
21007
21008
21009
21010
21011
21012
21013
21014
21028
21029
21030
21031
21032
21033
21034
21035
21036
21037
21038
21039
21040
21043
21044
21045
21046
21047
21051
21052
21053
21054
21055
21056
21057
21058
21070
21071
21072
21073
21074
21075
21088
21091
21092
21093
21094
21107
21108
21120
21121
21122
21123
21124
21125
21126
21133
21138
21146
21147
21148
21149
21176
21177
21178
21179
21180
21181
21182
21183
21184
21220
21221
21222
21223
21224
21225
21226
21227
21228
21229
21230
21231
21232
21233
21234
21235
21236
21237
21254
21255
21256
21257
21258
21268
21274
21275
21276
21277
21278
21279
21280
21281
21282
21283
21306
21307
21308
21312
21313
21314
21338
21339
21340
21341
21342
21343
21344
21345
21346
21347
21351
21352
21375
21376
21377
21390
21398
21399
21400
21405
21406
21407
21411
21412
21413
21414
21415
21416
21422
21423
21431
21432
21433
21435
21442
21443
21444
21445
21448
21449
21453
21479
21480
21481
21482
21483
21484
21485
21486
21487
21488
21489
21490
21491
21492
21493
21494
21495
21496
21497
21498
21499
21500
21501
21502
21503
21504
21505
21506
21519
21520
21521
21522
21526
21528
21529
21530
21531
21532
21539
21551
21552
21553
21554
21555
21556
21557
21558
21559
21564
21592
21593
21594
21595
21596
21597
21598
21599
21600
21601
21602
21603
21604
21605
21606
21607
21608
21609
21610
21615
21616
21617
21618
21619
21620
21621
21622
21623
21624
21625
21648
21649
21650
21651
21652
21653
21654
21655
21656
21657
21658
21659
21660
21661
21662
21663
21671
21672
21673
21674
21675
21685
21686
21687
21723
21724
21726
21727
21728
21748
21751
21752
21753
21754
21755
21756
21770
21771
21772
21773
21774
21782
21783
21821
21822
21823
21824
21825
21830
21831
21832
21833
21834
21835
21838
21839
21840
21841
21842
21872
21873
21874
21875
21876
21877
21878
21880
21893
21894
21998
22001
22004
22005
22006
22007
22041
22042
22043
22044
22045
22047
22048
22049
22056
22057
22058
22080
24728
24757
24758
24945
24967
