9.163770e-001 -4.276400e-002 4.580560e-001
9.169410e-001 -3.819800e-002 4.616880e-001
9.172400e-001 -4.635200e-002 4.482540e-001
9.178930e-001 -3.666000e-002 4.546300e-001
9.186030e-001 -4.562600e-002 4.453210e-001
9.191010e-001 -3.454400e-002 4.784030e-001
9.192020e-001 -5.155600e-002 4.636360e-001
9.195190e-001 -4.056800e-002 4.701150e-001
9.200450e-001 -3.194300e-002 4.771790e-001
9.203930e-001 -3.642900e-002 4.676610e-001
9.204370e-001 -3.748400e-002 4.843110e-001
9.205600e-001 -4.183100e-002 4.784320e-001
9.207610e-001 -5.665300e-002 4.552820e-001
9.208970e-001 -4.777800e-002 4.697670e-001
9.212420e-001 -3.457800e-002 4.615100e-001
9.212710e-001 -3.237400e-002 4.835620e-001
9.214090e-001 -4.330200e-002 4.407700e-001
9.225930e-001 -5.855400e-002 4.660770e-001
9.230190e-001 -5.006300e-002 4.301810e-001
9.231640e-001 -5.277900e-002 4.340330e-001
9.233180e-001 -3.035200e-002 4.812670e-001
9.234320e-001 -4.463300e-002 4.320870e-001
9.244570e-001 -3.918600e-002 4.374120e-001
9.248200e-001 -3.332400e-002 4.674560e-001
9.248350e-001 -5.290500e-002 4.287330e-001
9.253640e-001 -5.899800e-002 4.432990e-001
9.254940e-001 -6.649800e-002 4.606550e-001
9.256790e-001 -3.444300e-002 4.491730e-001
9.257530e-001 -6.504300e-002 4.513730e-001
9.259810e-001 -5.609900e-002 4.842570e-001
9.260810e-001 -5.508100e-002 4.745320e-001
9.264490e-001 -3.645200e-002 4.923160e-001
9.269630e-001 -3.310600e-002 4.891630e-001
9.273010e-001 -5.094800e-002 4.906290e-001
9.275090e-001 -2.972300e-002 4.744810e-001
9.276190e-001 -4.158800e-002 4.296400e-001
9.278140e-001 -4.181000e-002 4.938170e-001
9.283720e-001 -3.152200e-002 4.563280e-001
9.284790e-001 -5.924900e-002 4.878150e-001
9.288400e-001 -7.149000e-002 4.588370e-001
9.292640e-001 -6.439900e-002 4.354320e-001
9.293250e-001 -6.264600e-002 4.838730e-001
9.297100e-001 -6.858300e-002 4.693120e-001
9.299590e-001 -2.970900e-002 4.966700e-001
9.302430e-001 -3.068000e-002 4.888580e-001
9.302740e-001 -4.712300e-002 4.232470e-001
9.307170e-001 -3.082200e-002 5.010780e-001
9.307730e-001 -3.148200e-002 4.398920e-001
9.308860e-001 -2.942600e-002 4.508310e-001
9.312350e-001 -3.556700e-002 4.331410e-001
9.319000e-001 -6.503100e-002 4.731790e-001
9.323190e-001 -3.472300e-002 5.055970e-001
9.325110e-001 -6.490100e-002 4.289880e-001
9.334510e-001 -4.658500e-002 5.039760e-001
9.337840e-001 -7.804200e-002 4.653520e-001
9.340630e-001 -2.884600e-002 4.635420e-001
9.341340e-001 -7.167800e-002 4.474520e-001
9.343770e-001 -5.885400e-002 4.941510e-001
9.344430e-001 -4.529700e-002 4.224370e-001
9.350280e-001 -2.909400e-002 4.330810e-001
9.352050e-001 -5.631400e-002 4.984670e-001
9.353220e-001 -2.673100e-002 4.587320e-001
9.353580e-001 -1.994200e-002 4.506090e-001
9.355960e-001 -2.804900e-002 5.005610e-001
9.356150e-001 -2.112500e-002 4.560090e-001
9.358480e-001 -6.013400e-002 4.229410e-001
9.366030e-001 -8.060400e-002 4.567160e-001
9.366170e-001 -7.205800e-002 4.762750e-001
9.367840e-001 -3.213200e-002 5.073630e-001
9.368160e-001 -3.428500e-002 4.299780e-001
9.369710e-001 -2.062600e-002 4.363570e-001
9.371650e-001 -4.274200e-002 5.112920e-001
9.381670e-001 -7.445200e-002 4.896210e-001
9.382120e-001 -2.272200e-002 4.238590e-001
9.383210e-001 -2.951800e-002 4.685140e-001
9.383310e-001 -5.608700e-002 4.209110e-001
9.383530e-001 -2.884000e-002 4.277300e-001
9.389350e-001 -5.605300e-002 5.106480e-001
9.392690e-001 -6.240000e-002 5.055830e-001
9.397780e-001 -4.021500e-002 4.276060e-001
9.398640e-001 -1.680900e-002 4.425290e-001
9.400160e-001 -2.515200e-002 4.182680e-001
9.400990e-001 -8.634600e-002 4.698460e-001
9.401110e-001 -1.496700e-002 4.233640e-001
9.401850e-001 -2.666200e-002 4.759960e-001
9.402040e-001 -7.767700e-002 4.445550e-001
9.403310e-001 -2.654700e-002 4.616090e-001
9.404370e-001 -1.777900e-002 4.541850e-001
9.409620e-001 -2.453400e-002 4.583900e-001
9.410810e-001 -1.809800e-002 4.174220e-001
9.413470e-001 -5.364200e-002 5.139620e-001
9.413830e-001 -1.366900e-002 4.277380e-001
9.417410e-001 -8.060500e-002 4.341450e-001
9.417670e-001 -3.843800e-002 5.112860e-001
9.418790e-001 -2.627900e-002 4.807320e-001
9.420690e-001 -4.876500e-002 5.144040e-001
9.428950e-001 -7.296000e-002 4.997900e-001
9.429930e-001 -8.289700e-002 4.881030e-001
9.432860e-001 -2.560200e-002 4.936120e-001
9.433830e-001 -9.245800e-002 4.620650e-001
9.434810e-001 -8.415800e-002 4.761800e-001
9.434830e-001 -3.645400e-002 4.272840e-001
9.438570e-001 -2.723600e-002 4.864800e-001
9.439570e-001 -1.961600e-002 4.553200e-001
9.440240e-001 -1.257000e-002 4.316650e-001
9.440290e-001 -2.869100e-002 5.051470e-001
9.440770e-001 -1.142500e-002 4.231240e-001
9.441330e-001 -3.162500e-002 4.203670e-001
9.442090e-001 -5.519200e-002 4.213300e-001
9.443020e-001 -4.435100e-002 4.259520e-001
9.444890e-001 -8.441800e-002 4.487510e-001
9.446150e-001 -8.387200e-002 4.795940e-001
9.447380e-001 -1.911800e-002 4.137920e-001
9.448020e-001 -9.241900e-002 4.705150e-001
9.453900e-001 -2.365600e-002 4.136300e-001
9.457630e-001 -4.492800e-002 5.129400e-001
9.458040e-001 -6.594300e-002 4.214270e-001
9.458270e-001 -7.525900e-002 5.067100e-001
9.460440e-001 -6.992300e-002 5.115000e-001
9.461390e-001 -8.063700e-002 4.277150e-001
9.464070e-001 -1.552800e-002 4.161430e-001
9.466530e-001 -8.708700e-002 4.885210e-001
9.467270e-001 -8.813500e-002 4.362740e-001
9.467360e-001 -1.641000e-002 4.492370e-001
9.469810e-001 -2.581700e-002 5.007240e-001
9.470140e-001 -8.738100e-002 4.320190e-001
9.470400e-001 -3.590800e-002 4.256750e-001
9.473970e-001 -3.836200e-002 5.079850e-001
9.474520e-001 -3.947500e-002 4.284770e-001
9.477760e-001 -7.283400e-002 4.240710e-001
9.478030e-001 -9.569200e-002 4.689010e-001
9.479540e-001 -1.255600e-002 4.218360e-001
9.484620e-001 -1.315200e-002 4.393090e-001
9.485480e-001 -7.679500e-002 5.084270e-001
9.486630e-001 -9.018000e-002 4.543280e-001
9.487430e-001 -2.084900e-002 4.510610e-001
9.489600e-001 -8.170100e-002 4.987370e-001
9.497430e-001 -2.712600e-002 4.531140e-001
9.498280e-001 -1.194400e-002 4.304760e-001
9.499420e-001 -3.059300e-002 5.050160e-001
9.501980e-001 -2.676300e-002 4.701560e-001
9.504720e-001 -4.110300e-002 5.080230e-001
9.505350e-001 -6.426900e-002 5.168490e-001
9.507630e-001 -2.505100e-002 4.604230e-001
9.509660e-001 -8.974100e-002 4.781130e-001
9.511350e-001 -9.690300e-002 4.654720e-001
9.513150e-001 -8.852200e-002 4.823970e-001
9.515650e-001 -4.483900e-002 4.314700e-001
9.516730e-001 -9.340400e-002 4.370840e-001
9.516800e-001 -7.443900e-002 5.125720e-001
9.518370e-001 -3.504100e-002 4.218510e-001
9.521330e-001 -3.953400e-002 4.327370e-001
9.525290e-001 -9.176100e-002 4.532400e-001
9.526400e-001 -2.578400e-002 4.782650e-001
9.527850e-001 -1.726700e-002 4.433780e-001
9.528150e-001 -2.483500e-002 4.931910e-001
9.530800e-001 -7.909200e-002 5.070030e-001
9.532360e-001 -2.341500e-002 4.125390e-001
9.532490e-001 -8.736300e-002 4.917510e-001
9.539440e-001 -2.685200e-002 4.481080e-001
9.540340e-001 -2.679600e-002 5.018350e-001
9.541260e-001 -8.282000e-002 4.265780e-001
9.541360e-001 -9.081700e-002 4.306290e-001
9.542710e-001 -9.493500e-002 4.731180e-001
9.542740e-001 -3.921300e-002 5.026580e-001
9.542860e-001 -2.752100e-002 4.522320e-001
9.549440e-001 -3.651800e-002 4.312760e-001
9.552550e-001 -2.626700e-002 4.851650e-001
9.553560e-001 -4.275900e-002 4.336290e-001
9.558350e-001 -3.186100e-002 4.159180e-001
9.558720e-001 -4.383600e-002 5.127380e-001
9.560120e-001 -9.279500e-002 4.509760e-001
9.561080e-001 -8.955800e-002 4.829320e-001
9.562760e-001 -1.749600e-002 4.369430e-001
9.564220e-001 -5.749100e-002 4.259010e-001
9.566700e-001 -3.002500e-002 5.027860e-001
9.566980e-001 -1.142100e-002 4.213240e-001
9.569760e-001 -3.523400e-002 4.200960e-001
9.573240e-001 -6.528200e-002 4.231800e-001
9.576230e-001 -3.513200e-002 4.288740e-001
9.578210e-001 -1.383400e-002 4.317770e-001
9.578600e-001 -8.261200e-002 4.994180e-001
9.578760e-001 -5.913800e-002 5.202490e-001
9.578990e-001 -3.939000e-002 4.336620e-001
9.581730e-001 -6.982700e-002 5.158880e-001
9.585610e-001 -9.430700e-002 4.352360e-001
9.585760e-001 -2.734600e-002 4.721870e-001
9.588480e-001 -2.687700e-002 4.799280e-001
9.591400e-001 -2.583100e-002 4.647030e-001
9.592830e-001 -2.559700e-002 4.966730e-001
9.594950e-001 -4.009800e-002 5.027110e-001
9.595560e-001 -7.527500e-002 5.116020e-001
9.595870e-001 -1.375800e-002 4.234570e-001
9.598360e-001 -3.752800e-002 4.295590e-001
9.598810e-001 -4.979600e-002 4.294740e-001
9.600080e-001 -9.361000e-002 4.617990e-001
9.602380e-001 -4.006300e-002 5.097450e-001
9.605930e-001 -9.375200e-002 4.678430e-001
9.609040e-001 -7.559000e-002 4.234310e-001
9.610870e-001 -4.419600e-002 5.170860e-001
9.615010e-001 -2.816500e-002 4.862210e-001
9.617620e-001 -2.686900e-002 4.527120e-001
9.619950e-001 -5.436300e-002 5.212720e-001
9.620920e-001 -9.349100e-002 4.502020e-001
9.624350e-001 -2.346800e-002 4.120130e-001
9.625430e-001 -1.857700e-002 4.360640e-001
9.626590e-001 -2.461100e-002 4.395270e-001
9.632910e-001 -4.001900e-002 5.144110e-001
9.634160e-001 -1.436500e-002 4.167540e-001
9.635270e-001 -3.529800e-002 5.026270e-001
9.635350e-001 -4.207000e-002 4.262980e-001
9.638140e-001 -1.366200e-002 4.197440e-001
9.645940e-001 -6.455000e-002 4.228840e-001
9.646310e-001 -8.594900e-002 4.292870e-001
9.648360e-001 -2.757400e-002 4.584160e-001
9.649160e-001 -7.281800e-002 4.236920e-001
9.654540e-001 -5.423500e-002 4.258620e-001
9.656340e-001 -3.050100e-002 4.993180e-001
9.659270e-001 -5.930000e-002 5.197880e-001
9.659480e-001 -3.629100e-002 5.042180e-001
9.660300e-001 -2.422000e-002 4.453560e-001
9.661290e-001 -3.776900e-002 4.173240e-001
9.666390e-001 -1.539500e-002 4.211000e-001
9.668420e-001 -2.062100e-002 4.125930e-001
9.670530e-001 -8.242700e-002 4.919190e-001
9.670580e-001 -7.509900e-002 5.077420e-001
9.672300e-001 -1.990800e-002 4.378450e-001
9.676220e-001 -3.061200e-002 4.946040e-001
9.677720e-001 -8.685600e-002 4.327010e-001
9.681080e-001 -4.580000e-002 5.203060e-001
9.684060e-001 -8.621200e-002 4.794660e-001
9.685890e-001 -3.157700e-002 4.733100e-001
9.688960e-001 -9.090600e-002 4.500370e-001
9.689270e-001 -2.461600e-002 4.542510e-001
9.691220e-001 -2.817100e-002 4.671840e-001
9.692260e-001 -4.276200e-002 4.222980e-001
9.697860e-001 -1.336100e-002 4.197600e-001
9.699060e-001 -3.371100e-002 4.988690e-001
9.699540e-001 -6.161000e-002 4.233830e-001
9.701090e-001 -2.696000e-002 4.576970e-001
9.705180e-001 -1.574800e-002 4.330970e-001
9.707010e-001 -2.696100e-002 4.108660e-001
9.708450e-001 -3.449400e-002 4.130650e-001
9.709290e-001 -6.769800e-002 5.151490e-001
9.713050e-001 -7.688200e-002 4.295840e-001
9.713770e-001 -1.768500e-002 4.503610e-001
9.722340e-001 -1.528900e-002 4.443680e-001
9.723530e-001 -6.816800e-002 4.258920e-001
9.723800e-001 -3.619200e-002 4.848900e-001
9.728640e-001 -3.471600e-002 4.991580e-001
9.734590e-001 -4.925200e-002 4.235870e-001
9.735160e-001 -2.543700e-002 4.645050e-001
9.742700e-001 -2.812800e-002 4.689670e-001
9.742750e-001 -8.712200e-002 4.538120e-001
9.743390e-001 -1.681800e-002 4.195830e-001
9.751410e-001 -8.662300e-002 4.667850e-001
9.751750e-001 -3.175900e-002 5.055690e-001
9.752910e-001 -1.507800e-002 4.294670e-001
9.754500e-001 -3.490000e-002 4.752510e-001
9.759400e-001 -1.623600e-002 4.161080e-001
9.760610e-001 -3.474600e-002 4.962050e-001
9.767700e-001 -3.722100e-002 4.854200e-001
9.768190e-001 -1.324600e-002 4.488050e-001
9.780440e-001 -3.497800e-002 4.766860e-001
9.784290e-001 -3.493400e-002 4.115600e-001
9.789000e-001 -8.051600e-002 4.400540e-001
9.790650e-001 -1.523200e-002 4.600500e-001
9.792550e-001 -5.607100e-002 5.220970e-001
9.794990e-001 -1.239600e-002 4.433640e-001
9.798180e-001 -1.955100e-002 4.688470e-001
9.803450e-001 -5.414900e-002 4.224650e-001
9.804090e-001 -1.541600e-002 4.185000e-001
9.805700e-001 -1.991000e-002 4.130890e-001
9.806610e-001 -7.510900e-002 4.347810e-001
9.807510e-001 -7.427100e-002 5.029050e-001
9.812150e-001 -8.243300e-002 4.510680e-001
9.815480e-001 -1.860900e-002 4.201980e-001
9.815770e-001 -4.630100e-002 4.202120e-001
9.816050e-001 -2.673500e-002 4.763640e-001
9.816390e-001 -2.808600e-002 4.099800e-001
9.822190e-001 -6.082300e-002 4.241260e-001
9.825730e-001 -2.996300e-002 4.882690e-001
9.826080e-001 -8.335200e-002 4.627890e-001
9.827160e-001 -6.729000e-002 4.275740e-001
9.832730e-001 -1.343500e-002 4.347670e-001
9.832770e-001 -6.808500e-002 5.119840e-001
9.837460e-001 -1.685600e-002 4.204740e-001
9.843620e-001 -3.795500e-002 4.155390e-001
9.845240e-001 -2.809500e-002 5.119390e-001
9.845680e-001 -4.901700e-002 5.244810e-001
9.853070e-001 -3.140800e-002 4.126600e-001
9.854390e-001 -2.685200e-002 4.834410e-001
9.857260e-001 -3.156300e-002 5.165920e-001
9.864130e-001 -1.882100e-002 4.166360e-001
9.864960e-001 -2.375900e-002 4.129980e-001
9.880360e-001 -2.451300e-002 5.070490e-001
9.883210e-001 -1.635400e-002 4.733820e-001
9.885800e-001 -4.113700e-002 5.229890e-001
9.886030e-001 -8.092300e-002 4.705210e-001
9.888210e-001 -3.514400e-002 5.202280e-001
9.888670e-001 -1.806500e-002 4.266870e-001
9.893600e-001 -2.239900e-002 4.945810e-001
9.896180e-001 -3.731500e-002 4.192940e-001
9.897150e-001 -7.901100e-002 4.818090e-001
9.902810e-001 -7.383300e-002 4.959330e-001
9.905120e-001 -6.685600e-002 4.349010e-001
9.914320e-001 -7.989900e-002 4.652770e-001
9.920530e-001 -1.086800e-002 4.499780e-001
9.922110e-001 -2.642500e-002 5.130180e-001
9.922230e-001 -1.065700e-002 4.590570e-001
9.923030e-001 -2.238800e-002 4.197930e-001
9.923810e-001 -1.232200e-002 4.665900e-001
9.929300e-001 -5.273400e-002 4.272990e-001
9.938200e-001 -1.975300e-002 4.831140e-001
9.938980e-001 -6.647100e-002 5.090150e-001
9.942460e-001 -5.232800e-002 5.234230e-001
9.942810e-001 -5.721300e-002 5.209540e-001
9.944730e-001 -3.508500e-002 4.225610e-001
9.944940e-001 -1.927600e-002 4.968490e-001
9.955900e-001 -7.619100e-002 4.604930e-001
9.961190e-001 -5.938100e-002 4.337600e-001
9.965280e-001 -4.460900e-002 5.239170e-001
9.968010e-001 -1.131500e-002 4.570670e-001
9.974500e-001 -1.311700e-002 4.441950e-001
9.979220e-001 -7.428500e-002 4.871220e-001
9.979720e-001 -2.889700e-002 4.244110e-001
9.989220e-001 -5.937800e-002 5.174470e-001
9.994610e-001 -1.716200e-002 4.819000e-001
9.994680e-001 -7.181900e-002 4.567850e-001
9.996400e-001 -2.106700e-002 5.063030e-001
9.998730e-001 -1.721200e-002 4.367170e-001
1.000020e+000 -3.187500e-002 5.182120e-001
1.000070e+000 -1.764200e-002 4.983320e-001
1.000350e+000 -1.784600e-002 4.320430e-001
1.000910e+000 -1.651800e-002 4.903120e-001
1.001440e+000 -7.405600e-002 4.732370e-001
1.002100e+000 -1.336100e-002 4.523600e-001
1.002370e+000 -1.534700e-002 4.724310e-001
1.003880e+000 -2.132000e-002 4.314850e-001
1.004320e+000 -5.722300e-002 4.421530e-001
1.004680e+000 -6.332300e-002 4.495480e-001
1.005300e+000 -1.631300e-002 4.804900e-001
1.005710e+000 -1.765200e-002 4.445850e-001
1.005850e+000 -5.002000e-002 4.381880e-001
1.006010e+000 -2.498000e-002 5.113110e-001
1.006290e+000 -1.815000e-002 4.402220e-001
1.006690e+000 -4.554000e-002 5.216150e-001
1.007420e+000 -1.603600e-002 4.637860e-001
1.007730e+000 -1.982200e-002 4.375350e-001
1.008140e+000 -3.847200e-002 4.342260e-001
1.008680e+000 -6.777600e-002 4.910750e-001
1.010380e+000 -6.378200e-002 5.025800e-001
1.010440e+000 -5.194800e-002 5.177300e-001
1.010610e+000 -6.515900e-002 4.588360e-001
1.010980e+000 -5.857000e-002 4.488880e-001
1.011300e+000 -1.607100e-002 4.916580e-001
1.011440e+000 -2.848900e-002 4.360650e-001
1.011930e+000 -5.830400e-002 5.109540e-001
1.012610e+000 -2.022600e-002 4.551210e-001
1.012850e+000 -6.745800e-002 4.668720e-001
1.013240e+000 -1.688300e-002 4.697400e-001
1.013290e+000 -2.482900e-002 4.401340e-001
1.013510e+000 -2.328400e-002 4.463850e-001
1.014930e+000 -6.769200e-002 4.759280e-001
1.015110e+000 -5.348100e-002 4.459130e-001
1.015950e+000 -1.797200e-002 4.976540e-001
1.017450e+000 -2.458400e-002 4.511140e-001
1.017520e+000 -3.746200e-002 4.398570e-001
1.017550e+000 -4.476000e-002 5.173710e-001
1.017990e+000 -1.799500e-002 4.655570e-001
1.018460e+000 -2.287800e-002 5.069310e-001
1.019810e+000 -5.893500e-002 4.542010e-001
1.020460e+000 -2.408100e-002 4.504140e-001
1.020680e+000 -1.717300e-002 4.829290e-001
1.020890e+000 -6.196500e-002 5.017540e-001
1.021130e+000 -6.441500e-002 4.885870e-001
1.021660e+000 -3.221900e-002 4.417550e-001
1.021760e+000 -3.291800e-002 5.131010e-001
1.022140e+000 -4.597300e-002 4.453170e-001
1.022410e+000 -5.334900e-002 5.125960e-001
1.023950e+000 -2.872800e-002 4.450390e-001
1.023970e+000 -5.433200e-002 4.506390e-001
1.024190e+000 -6.313500e-002 4.663910e-001
1.024550e+000 -2.575200e-002 4.485390e-001
1.025100e+000 -2.847700e-002 5.096700e-001
1.025160e+000 -2.494800e-002 4.535960e-001
1.025570e+000 -2.343700e-002 5.033650e-001
1.025720e+000 -1.785600e-002 4.865110e-001
1.026180e+000 -1.724900e-002 4.679950e-001
1.026280e+000 -6.413600e-002 4.765440e-001
1.027370e+000 -4.028800e-002 4.446290e-001
1.027750e+000 -1.990000e-002 4.620760e-001
1.028980e+000 -1.612000e-002 4.732170e-001
1.029700e+000 -4.849700e-002 5.130140e-001
1.033320e+000 -2.388200e-002 5.026560e-001
1.033360e+000 -5.075600e-002 4.498600e-001
1.033630e+000 -3.997400e-002 5.124210e-001
1.035930e+000 -6.293300e-002 4.887110e-001
1.037840e+000 -6.401700e-002 4.797190e-001
1.038090e+000 -5.925700e-002 5.018080e-001
1.038400e+000 -5.217900e-002 5.097630e-001
1.038890e+000 -5.616800e-002 5.067960e-001
