5888
5889
5890
5891
5892
21970
21971
21972
21973
21974
21975
21976
21977
21978
21979
21980
21981
21982
21983
21984
21985
21986
21987
21988
21989
21990
21991
21992
21993
21994
21995
21996
21997
22691
22692
22693
22694
22695
22696
22697
22698
22699
22700
22701
22702
22703
22704
22705
22706
22707
22708
22709
22710
22711
22712
22713
22714
22715
22716
22717
22718
22719
22720
22721
22722
22723
22724
22725
22726
22727
22728
22729
22730
22731
22732
22733
22734
22735
22736
22737
22738
22739
22740
22741
22742
22743
22744
22745
22746
22747
22748
22749
22750
22751
22752
22753
22754
22755
22756
22757
22758
22759
22760
22761
22762
22763
22764
22835
22836
22837
22838
22839
22840
22841
22842
22843
22844
22845
22846
22847
22848
22849
22850
22851
22852
22853
22854
22855
22856
22857
22858
22862
22863
22864
22865
22905
22907
22908
22909
22910
22911
22912
22913
22914
22915
22916
22917
22931
22935
22936
22937
22938
22939
22940
22941
22942
22943
22944
22945
22946
22947
22948
22949
22950
22951
22952
22953
22954
22971
23034
23035
23037
23040
23041
23042
23043
23044
23045
23046
23047
23048
23049
23050
23053
23054
23056
23057
23058
23059
23060
23061
23062
23063
23064
23065
23066
23067
23068
23069
23070
23071
23072
23073
23074
23075
23076
23077
23078
23079
23080
23081
23082
23083
23084
23085
23086
23087
23088
23089
23090
23091
23092
23152
23153
23154
23155
23156
23157
23158
23159
23160
23161
23162
23163
23164
23165
23166
23167
23168
23169
23170
23171
23183
23184
23185
23187
23188
23189
23190
23191
23192
23193
23194
23195
23196
23197
23198
23199
23200
23201
23202
23203
23204
23205
23208
23209
23210
23211
23212
23213
23214
23215
23218
23219
23220
23221
23222
23223
23224
23225
23226
23227
23228
23229
23230
23231
23232
23233
23234
23235
23236
23249
23250
23251
23252
23253
23254
23255
23256
23257
23258
23259
23260
23261
23262
23263
23264
23265
23266
23267
23268
23269
23270
23271
23272
23273
23274
23275
23276
23278
23279
23280
23281
23282
23283
23284
23285
23286
23287
23288
23289
23290
23291
23292
23293
23294
23295
23296
23297
23298
23299
23301
23302
23303
23391
23418
23419
23420
23421
23422
23423
23424
23435
23436
23437
23438
23439
23449
23450
23451
23452
23483
23484
23485
23486
23498
23499
23500
23501
23502
23503
23516
23517
23518
23519
23520
23521
23522
23523
23524
23525
23532
23533
23560
23561
23572
23573
23574
23575
23576
23577
23578
23579
23580
23581
23582
23583
23584
23598
23599
23600
23601
23602
23603
23604
23605
23606
23607
23608
23611
23612
23613
23614
23615
23616
23617
23619
23623
23624
23625
23626
23627
23628
23629
23630
23631
23632
23633
23634
23635
23636
23637
23638
23639
23640
23644
23645
23646
23664
23665
23666
23667
23669
23671
23681
23682
23683
23684
23685
23687
23688
23689
23690
23704
23705
23708
23725
23726
23735
23736
23737
23738
23739
23740
23741
23742
23743
23744
23745
23746
23747
23748
23749
23750
23751
23760
23761
23762
23764
23765
23766
23767
23768
23769
23770
23771
23772
23773
23774
23775
23776
23785
23786
23787
23793
23794
23795
23796
23797
23798
23799
23800
23801
23802
23803
23804
23805
23806
23807
23808
23809
23827
23830
23834
23835
23836
23837
23838
23839
23840
23841
23842
23843
23844
23859
23860
23861
23862
23863
23864
23865
23866
23867
23868
23869
23870
23885
23886
23887
23888
23905
23906
23917
23918
23920
23921
23922
23923
23924
23925
23926
23927
23928
23929
23930
23931
23932
23933
23934
23935
23936
23937
23946
23947
23948
23949
23952
23958
23959
23960
23961
23962
23963
23965
23966
23967
23968
23969
23970
23971
23977
23978
23979
23980
23981
23985
23988
24040
24041
24042
24063
24064
24066
24067
24068
24069
24070
24071
24072
24073
24074
24075
24076
24077
24078
24079
24080
24081
24082
24083
24084
24085
24086
24087
24088
24089
24090
24091
24092
24093
24094
24095
24096
24097
24137
24138
24139
24140
24141
24142
24143
24144
24145
24164
24165
24166
24167
24168
24171
24172
24173
24174
24175
24176
24177
24178
24179
24180
24181
24182
24183
24184
24185
24186
24187
24188
24190
24191
24192
24193
24195
24196
24197
24198
24199
24228
24240
24241
24242
24243
24244
24245
24246
24247
24248
24249
24255
24256
24257
24258
24259
24260
24261
24262
24267
24295
24296
24297
24298
24299
24300
24301
24306
24307
24308
24309
24310
24311
24312
24313
24314
24315
24316
24318
24319
24320
24321
24322
24323
24324
24325
24326
24327
24328
24329
24330
24331
24332
24333
24334
24335
24336
24338
24349
24352
24353
24354
24361
24362
24363
24364
24365
24366
24367
24368
24369
24370
24371
24375
24376
24385
24386
24387
24388
24389
24390
24391
24392
24393
24394
24395
24396
24397
24398
24399
24400
24401
24408
24409
24410
24411
24412
24418
24419
24424
24427
24438
24443
24868
24875
24876
24883
24891
24892
24894
24895
24901
24908
24916
24917
