1.033640e+000 -2.996800e-002 4.469680e-001
1.035450e+000 -2.657100e-002 4.509560e-001
1.035570e+000 -3.982300e-002 4.455120e-001
1.035680e+000 -3.354700e-002 4.454970e-001
1.036100e+000 -1.926800e-002 4.895150e-001
1.037040e+000 -4.619000e-002 4.473890e-001
1.037070e+000 -2.222200e-002 4.994210e-001
1.039000e+000 -2.633300e-002 5.059130e-001
1.040090e+000 -1.531600e-002 4.763550e-001
1.041280e+000 -3.239000e-002 5.093740e-001
1.041560e+000 -5.406200e-002 4.539070e-001
1.043380e+000 -4.290400e-002 5.115560e-001
1.044510e+000 -2.271200e-002 4.537610e-001
1.044590e+000 -1.699500e-002 4.611860e-001
1.045330e+000 -1.426900e-002 4.695050e-001
1.045430e+000 -1.745900e-002 4.885440e-001
1.045460e+000 -6.258700e-002 4.765840e-001
1.045530e+000 -6.044000e-002 4.670660e-001
1.046750e+000 -1.919400e-002 4.973250e-001
1.048060e+000 -3.125200e-002 4.460350e-001
1.048150e+000 -5.932200e-002 5.021520e-001
1.049490e+000 -1.571400e-002 4.863400e-001
1.052530e+000 -6.093900e-002 4.963090e-001
1.052700e+000 -5.514300e-002 4.588340e-001
1.053090e+000 -4.859000e-002 5.108430e-001
1.053700e+000 -5.533100e-002 5.065070e-001
1.053860e+000 -5.195800e-002 5.093610e-001
1.054090e+000 -1.923800e-002 5.018290e-001
1.054950e+000 -6.119600e-002 4.923260e-001
1.055180e+000 -1.329400e-002 4.619450e-001
1.055800e+000 -2.137700e-002 5.041780e-001
1.055980e+000 -3.629800e-002 4.449170e-001
1.057860e+000 -4.236500e-002 4.461250e-001
1.058050e+000 -3.228900e-002 5.090860e-001
1.059560e+000 -4.112700e-002 5.103600e-001
1.059820e+000 -1.505300e-002 4.568240e-001
1.062140e+000 -1.109800e-002 4.682000e-001
1.062370e+000 -5.687400e-002 4.702640e-001
1.062400e+000 -2.581600e-002 4.482480e-001
1.062660e+000 -2.335600e-002 5.054040e-001
1.062790e+000 -5.650500e-002 5.011140e-001
1.064420e+000 -4.655500e-002 4.487050e-001
1.064810e+000 -5.359600e-002 4.601220e-001
1.065650e+000 -4.975700e-002 4.524700e-001
1.066380e+000 -3.302100e-002 4.446890e-001
1.067680e+000 -1.217700e-002 4.959860e-001
1.067740e+000 -3.480500e-002 5.086010e-001
1.067870e+000 -5.808800e-002 4.845430e-001
1.069120e+000 -5.721300e-002 4.931130e-001
1.069200e+000 -1.631700e-002 4.516370e-001
1.069840e+000 -9.514000e-003 4.895450e-001
1.071220e+000 -2.662400e-002 4.449510e-001
1.073340e+000 -5.182600e-002 5.020060e-001
1.073820e+000 -7.654000e-003 4.681450e-001
1.074450e+000 -2.371900e-002 5.042590e-001
1.074700e+000 -2.187400e-002 4.449510e-001
1.075380e+000 -3.983300e-002 4.443020e-001
1.075850e+000 -5.158900e-002 4.574440e-001
1.076750e+000 -3.952900e-002 5.070010e-001
1.077890e+000 -9.034000e-003 4.532290e-001
1.077960e+000 -8.061000e-003 4.563500e-001
1.079900e+000 -3.145200e-002 4.413030e-001
1.080180e+000 -3.320500e-002 5.060420e-001
1.080380e+000 -1.543500e-002 4.999690e-001
1.080850e+000 -1.267400e-002 4.477260e-001
1.082160e+000 -3.938800e-002 4.435100e-001
1.083040e+000 -3.715000e-003 4.836040e-001
1.083700e+000 -5.465900e-002 4.712890e-001
1.084350e+000 -7.052000e-003 4.937310e-001
1.084460e+000 -4.241000e-003 4.890690e-001
1.084550e+000 -2.231100e-002 4.405550e-001
1.086040e+000 -4.510400e-002 4.465770e-001
1.086100e+000 -4.878900e-002 4.999140e-001
1.086660e+000 -4.180900e-002 5.038140e-001
1.087280e+000 -5.188900e-002 4.593310e-001
1.087390e+000 -5.520000e-002 4.799020e-001
1.088600e+000 -4.856600e-002 4.504870e-001
1.089620e+000 -1.627000e-003 4.652360e-001
1.090360e+000 -4.690000e-003 4.519230e-001
1.092010e+000 -5.433500e-002 4.838060e-001
1.092400e+000 -2.333300e-002 5.016960e-001
1.092680e+000 8.560000e-004 4.738390e-001
1.093170e+000 -3.705200e-002 4.386790e-001
1.093860e+000 -1.490500e-002 4.991150e-001
1.094230e+000 -2.953300e-002 4.364860e-001
1.094790e+000 -3.241600e-002 5.034480e-001
1.096460e+000 -4.556200e-002 4.993530e-001
1.097550e+000 -7.024000e-003 4.435870e-001
1.098310e+000 -4.275000e-002 4.414170e-001
1.098710e+000 -2.274500e-002 4.355140e-001
1.099420e+000 -4.915400e-002 4.938360e-001
1.100020e+000 -6.028000e-003 4.948620e-001
1.101030e+000 3.911000e-003 4.798780e-001
1.101330e+000 -1.147800e-002 4.376190e-001
1.101790e+000 -1.279000e-003 4.487750e-001
1.102510e+000 -5.284000e-002 4.839770e-001
1.103300e+000 4.722000e-003 4.665870e-001
1.103710e+000 -2.980400e-002 4.348370e-001
1.105320e+000 -5.280200e-002 4.716180e-001
1.105590e+000 -4.896600e-002 4.546510e-001
1.105930e+000 -3.803300e-002 4.370670e-001
1.106060e+000 -2.854000e-002 5.017630e-001
1.107510e+000 -3.640800e-002 5.011540e-001
1.109840e+000 -4.467600e-002 4.415520e-001
1.110550e+000 -4.251400e-002 4.390470e-001
1.111290e+000 8.810000e-003 4.689420e-001
1.111400e+000 3.134000e-003 4.880850e-001
1.113150e+000 7.990000e-003 4.804330e-001
1.114310e+000 -4.648900e-002 4.456570e-001
1.114830e+000 -1.121500e-002 4.977140e-001
1.115220e+000 6.074000e-003 4.488090e-001
1.115530e+000 -4.120100e-002 4.976790e-001
1.116020e+000 3.064000e-003 4.427430e-001
1.116500e+000 9.747000e-003 4.568210e-001
1.117140e+000 -3.572000e-003 4.355280e-001
1.117540e+000 -2.757300e-002 4.320310e-001
1.117640e+000 -1.675300e-002 4.302100e-001
1.119370e+000 -4.579900e-002 4.924410e-001
1.119570e+000 -9.544000e-003 4.311150e-001
1.119640e+000 -3.811600e-002 4.366900e-001
1.120750e+000 -5.251400e-002 4.746900e-001
1.122310e+000 -5.057100e-002 4.833980e-001
1.123520e+000 -4.871200e-002 4.552450e-001
1.125880e+000 -2.318500e-002 5.002550e-001
1.127030e+000 1.365500e-002 4.464450e-001
1.127260e+000 -2.860700e-002 5.001810e-001
1.127880e+000 1.574400e-002 4.505620e-001
1.129780e+000 -5.119400e-002 4.676040e-001
1.129900e+000 1.751000e-002 4.690350e-001
1.130230e+000 -1.844600e-002 4.261830e-001
1.130550e+000 -9.820000e-003 4.259300e-001
1.130620e+000 -2.676000e-002 4.283840e-001
1.130810e+000 7.402000e-003 4.363240e-001
1.131890e+000 -4.165000e-002 4.407420e-001
1.132060e+000 -4.343300e-002 4.914090e-001
1.133420e+000 -8.987000e-003 4.967490e-001
1.133990e+000 -8.940000e-004 4.941720e-001
1.134170e+000 2.034000e-002 4.562590e-001
1.135330e+000 -4.580000e-004 4.268260e-001
1.137090e+000 1.279800e-002 4.851880e-001
1.138680e+000 -4.645400e-002 4.515600e-001
1.139040e+000 -3.437900e-002 4.964670e-001
1.140310e+000 -2.962500e-002 4.278560e-001
1.141330e+000 2.055300e-002 4.754390e-001
1.141540e+000 9.429000e-003 4.890890e-001
1.141850e+000 -3.572400e-002 4.325970e-001
1.141930e+000 -4.968800e-002 4.762950e-001
1.142870e+000 -9.958000e-003 4.205180e-001
1.143550e+000 -1.503100e-002 4.205460e-001
1.144230e+000 2.501600e-002 4.621940e-001
1.145010e+000 -1.324000e-003 4.210660e-001
1.146970e+000 -3.895200e-002 4.913810e-001
1.147920e+000 2.286400e-002 4.360080e-001
1.148190e+000 2.074400e-002 4.794790e-001
1.148330e+000 -1.975700e-002 4.199960e-001
1.149230e+000 -4.924000e-002 4.710930e-001
1.149510e+000 -4.692400e-002 4.804310e-001
1.149880e+000 -1.778100e-002 4.978000e-001
1.150200e+000 -4.816500e-002 4.603950e-001
1.150730e+000 1.211300e-002 4.241010e-001
1.152320e+000 6.967000e-003 4.915930e-001
1.152590e+000 -3.977700e-002 4.372530e-001
1.154450e+000 -2.111400e-002 4.971890e-001
1.154890e+000 -4.556700e-002 4.509060e-001
1.156020e+000 -2.455100e-002 4.201870e-001
1.156110e+000 2.849200e-002 4.348390e-001
1.156200e+000 -4.414000e-002 4.829760e-001
1.156230e+000 -2.617500e-002 4.959970e-001
1.156850e+000 1.936400e-002 4.840750e-001
1.157500e+000 1.592000e-003 4.936650e-001
1.157850e+000 -6.726000e-003 4.136950e-001
1.158750e+000 3.357100e-002 4.508300e-001
1.159710e+000 4.550000e-004 4.139560e-001
1.160300e+000 3.348000e-002 4.611170e-001
1.160360e+000 3.359800e-002 4.424940e-001
1.161040e+000 -3.216000e-003 4.947590e-001
1.161410e+000 1.666100e-002 4.181380e-001
1.161870e+000 -4.729400e-002 4.725840e-001
1.162270e+000 -1.265900e-002 4.130680e-001
1.164170e+000 -4.727200e-002 4.650190e-001
1.165290e+000 2.665800e-002 4.226230e-001
1.168460e+000 -3.287900e-002 4.239320e-001
1.168880e+000 -1.983900e-002 4.137850e-001
1.169110e+000 -2.761200e-002 4.929600e-001
1.169730e+000 3.217800e-002 4.232090e-001
1.169830e+000 -2.734500e-002 4.183800e-001
1.170100e+000 1.183000e-003 4.093580e-001
1.171840e+000 1.767500e-002 4.872610e-001
1.171900e+000 -3.249300e-002 4.892200e-001
1.172030e+000 -4.034800e-002 4.341260e-001
1.172980e+000 3.915800e-002 4.361040e-001
1.173320e+000 -9.918000e-003 4.947960e-001
1.173940e+000 -3.707500e-002 4.847400e-001
1.174070e+000 3.712500e-002 4.674240e-001
1.174140e+000 1.746700e-002 4.099540e-001
1.174730e+000 2.379100e-002 4.129950e-001
1.175200e+000 3.600000e-002 4.244090e-001
1.175290e+000 4.054300e-002 4.581520e-001
1.175840e+000 -3.595500e-002 4.258620e-001
1.176590e+000 4.201400e-002 4.505280e-001
1.177160e+000 1.220700e-002 4.897870e-001
1.177450e+000 2.776700e-002 4.131290e-001
1.177860e+000 4.242800e-002 4.411470e-001
1.177870e+000 2.709600e-002 4.814420e-001
1.177930e+000 -1.295100e-002 4.941690e-001
1.178290e+000 4.105000e-003 4.920180e-001
1.178660e+000 -4.524200e-002 4.518980e-001
1.178770e+000 -2.606000e-003 4.060730e-001
1.179230e+000 -1.101500e-002 4.075350e-001
1.180140e+000 -4.327600e-002 4.738960e-001
1.180240e+000 -4.324300e-002 4.402870e-001
1.180430e+000 -3.114100e-002 4.190850e-001
1.180860e+000 7.748000e-003 4.051150e-001
1.182180e+000 3.571900e-002 4.735400e-001
1.182320e+000 3.224900e-002 4.146900e-001
1.182440e+000 -2.210800e-002 4.117570e-001
1.183940e+000 1.597700e-002 4.047950e-001
1.184810e+000 -8.722000e-003 4.929710e-001
1.185670e+000 2.473200e-002 4.071320e-001
1.186100e+000 -1.637300e-002 4.078170e-001
1.186210e+000 4.486500e-002 4.292280e-001
1.186840e+000 4.197300e-002 4.204130e-001
1.188540e+000 -4.506000e-002 4.591120e-001
1.188600e+000 3.785900e-002 4.140120e-001
1.188670e+000 -1.780000e-002 4.914480e-001
1.188800e+000 -4.371600e-002 4.673070e-001
1.189770e+000 3.291200e-002 4.080350e-001
1.190900e+000 4.298100e-002 4.654650e-001
1.191980e+000 4.570000e-004 4.019950e-001
1.192740e+000 4.467000e-002 4.204790e-001
1.193140e+000 6.789000e-003 4.890710e-001
1.193640e+000 4.932900e-002 4.368360e-001
1.193660e+000 1.353500e-002 4.011480e-001
1.193870e+000 2.427600e-002 4.837860e-001
1.194280e+000 3.046700e-002 4.049980e-001
1.194920e+000 -4.149300e-002 4.327670e-001
1.195670e+000 -2.267900e-002 4.879680e-001
1.195690e+000 3.639100e-002 4.752600e-001
1.196330e+000 4.894400e-002 4.530570e-001
1.196380e+000 2.997700e-002 4.804130e-001
1.196470e+000 -8.102000e-003 4.021830e-001
1.196590e+000 5.030400e-002 4.468210e-001
1.196680e+000 -4.419000e-002 4.439650e-001
1.196910e+000 4.336900e-002 4.149930e-001
1.197040e+000 2.247200e-002 4.010970e-001
1.197300e+000 4.743500e-002 4.220020e-001
1.199660e+000 -2.311900e-002 4.080860e-001
1.200450e+000 -3.786500e-002 4.739920e-001
1.200640e+000 -5.721000e-003 4.893390e-001
1.201340e+000 5.117100e-002 4.270930e-001
1.201690e+000 -1.600400e-002 4.039900e-001
1.201870e+000 4.318100e-002 4.680260e-001
1.202190e+000 4.588500e-002 4.128000e-001
1.203310e+000 1.215200e-002 3.984180e-001
1.203360e+000 -4.719000e-003 3.999490e-001
1.203790e+000 3.985200e-002 4.060150e-001
1.204210e+000 3.227400e-002 4.013120e-001
1.205100e+000 4.905100e-002 4.579140e-001
1.206140e+000 5.357800e-002 4.354430e-001
1.206370e+000 -2.661000e-002 4.096910e-001
1.206980e+000 4.693800e-002 4.138320e-001
1.208480e+000 5.370300e-002 4.449160e-001
1.208660e+000 -4.315600e-002 4.571960e-001
1.209320e+000 -3.838100e-002 4.235480e-001
1.209550e+000 2.087100e-002 4.830830e-001
1.209920e+000 -2.403300e-002 4.825320e-001
1.210060e+000 2.638100e-002 3.971280e-001
1.210130e+000 4.959900e-002 4.144910e-001
1.210160e+000 -1.823000e-003 3.974040e-001
1.210230e+000 4.183100e-002 4.056100e-001
1.211010e+000 -3.450500e-002 4.173430e-001
1.211250e+000 9.800000e-003 4.855110e-001
1.212060e+000 3.827400e-002 4.734330e-001
1.213940e+000 1.049700e-002 3.959340e-001
1.214880e+000 -2.241900e-002 4.040830e-001
1.215210e+000 5.374300e-002 4.214790e-001
1.215400e+000 -2.852700e-002 4.774460e-001
1.215440e+000 3.262500e-002 4.768230e-001
1.215470e+000 -7.295000e-003 3.975320e-001
1.215720e+000 5.000800e-002 4.140910e-001
1.215870e+000 -5.594000e-003 4.859030e-001
1.215880e+000 5.530900e-002 4.277260e-001
1.216400e+000 4.101500e-002 4.018600e-001
1.216900e+000 3.634900e-002 3.988540e-001
1.217030e+000 -3.915700e-002 4.647280e-001
1.217360e+000 -3.236500e-002 4.731910e-001
1.218490e+000 3.234000e-003 4.848840e-001
1.219180e+000 4.552800e-002 4.076900e-001
1.219380e+000 5.612700e-002 4.360850e-001
1.219770e+000 -4.115000e-002 4.595700e-001
1.219770e+000 2.737800e-002 3.955740e-001
1.221260e+000 5.275900e-002 4.148930e-001
1.222070e+000 -1.822000e-003 3.951930e-001
1.222340e+000 4.999400e-002 4.582950e-001
1.223340e+000 5.462400e-002 4.479080e-001
1.223770e+000 -1.214700e-002 4.828740e-001
1.223960e+000 1.992600e-002 3.939280e-001
1.224040e+000 -1.492200e-002 3.980150e-001
1.224420e+000 -4.319500e-002 4.464110e-001
1.224700e+000 4.250000e-004 4.837630e-001
1.224800e+000 -2.913000e-002 4.070000e-001
1.226210e+000 1.705500e-002 4.804750e-001
1.226940e+000 -1.643800e-002 4.803730e-001
1.227940e+000 4.690000e-002 4.636940e-001
1.228040e+000 3.973300e-002 4.701770e-001
1.228400e+000 5.666700e-002 4.223310e-001
1.229070e+000 3.532800e-002 3.960220e-001
1.229410e+000 2.745800e-002 4.768130e-001
1.230090e+000 -3.517300e-002 4.125640e-001
1.230110e+000 -3.935100e-002 4.214060e-001
1.230770e+000 4.358700e-002 4.014460e-001
1.230830e+000 5.399800e-002 4.146270e-001
1.233050e+000 5.855300e-002 4.283440e-001
1.233770e+000 4.993200e-002 4.056360e-001
1.234020e+000 -4.190000e-002 4.315970e-001
1.234420e+000 -3.252000e-003 4.807170e-001
1.234830e+000 5.191300e-002 4.570930e-001
1.235420e+000 -4.172300e-002 4.475900e-001
1.235770e+000 -2.424000e-002 3.997500e-001
1.236150e+000 -8.050000e-004 3.917210e-001
1.236390e+000 -2.157000e-002 4.736700e-001
1.236660e+000 4.462900e-002 3.985030e-001
1.237110e+000 1.153200e-002 3.912800e-001
1.237770e+000 2.501900e-002 3.914870e-001
1.238890e+000 1.915000e-002 4.764710e-001
1.239040e+000 -3.610200e-002 4.596570e-001
1.239550e+000 -9.953000e-003 3.931750e-001
1.239790e+000 5.732000e-002 4.116150e-001
1.239800e+000 5.292000e-002 4.045180e-001
1.239980e+000 3.427000e-002 3.924010e-001
1.241460e+000 6.368000e-003 4.790410e-001
1.241890e+000 -3.350600e-002 4.059290e-001
1.242800e+000 -3.886100e-002 4.515010e-001
1.242940e+000 1.187600e-002 3.902790e-001
1.242940e+000 4.703300e-002 3.969130e-001
1.243330e+000 3.442100e-002 4.702440e-001
1.244150e+000 5.661700e-002 4.091910e-001
1.244430e+000 -3.085100e-002 4.628410e-001
1.245140e+000 6.017300e-002 4.167400e-001
1.245850e+000 5.740300e-002 4.485310e-001
1.246440e+000 -3.881400e-002 4.139380e-001
1.247710e+000 2.808400e-002 3.881660e-001
1.249110e+000 -2.959800e-002 4.004920e-001
1.249360e+000 -4.100500e-002 4.222250e-001
1.249470e+000 -1.141700e-002 4.727940e-001
1.249590e+000 4.553500e-002 3.924920e-001
1.249720e+000 5.424300e-002 3.997620e-001
1.249760e+000 6.031000e-002 4.404460e-001
1.250000e+000 -2.185800e-002 3.957950e-001
1.250610e+000 5.161300e-002 4.573570e-001
1.250890e+000 5.725900e-002 4.036720e-001
1.251170e+000 6.375000e-003 4.773540e-001
1.251770e+000 6.216200e-002 4.315140e-001
1.252030e+000 -4.133800e-002 4.302080e-001
1.252400e+000 1.902300e-002 3.867370e-001
1.252950e+000 6.243700e-002 4.191410e-001
1.253410e+000 4.389800e-002 4.632790e-001
1.254610e+000 -1.496500e-002 3.922970e-001
1.255200e+000 1.680000e-002 4.736870e-001
1.255220e+000 5.669700e-002 4.499760e-001
1.255380e+000 -2.781000e-003 3.890280e-001
1.255850e+000 -3.243800e-002 4.017530e-001
1.256210e+000 -3.732500e-002 4.090860e-001
1.257230e+000 -4.042800e-002 4.332900e-001
1.257510e+000 -2.297100e-002 4.623630e-001
1.257780e+000 1.030100e-002 3.871320e-001
1.257980e+000 -3.061600e-002 4.547000e-001
1.261330e+000 -4.031500e-002 4.243450e-001
1.261400e+000 -3.896900e-002 4.160160e-001
1.261450e+000 6.028900e-002 4.420240e-001
1.261540e+000 3.836200e-002 4.650130e-001
1.262160e+000 3.090000e-003 4.728390e-001
1.264290e+000 -7.254000e-003 3.893260e-001
1.265100e+000 -3.853600e-002 4.333630e-001
1.265280e+000 4.785300e-002 4.584330e-001
1.266270e+000 -1.809800e-002 3.926200e-001
1.266350e+000 5.574500e-002 4.496090e-001
1.267040e+000 -3.334200e-002 4.436910e-001
1.267720e+000 -2.408900e-002 3.955390e-001
1.268590e+000 -3.422700e-002 4.057580e-001
1.269540e+000 -3.642900e-002 4.121530e-001
1.272270e+000 1.458400e-002 4.720030e-001
1.272630e+000 2.640000e-002 4.683830e-001
1.274450e+000 -2.410800e-002 4.509080e-001
1.275220e+000 -3.546700e-002 4.329730e-001
1.276230e+000 3.772400e-002 4.625950e-001
1.276280e+000 -3.655900e-002 4.260430e-001
1.278850e+000 2.365300e-002 4.680240e-001
1.279130e+000 5.840000e-003 4.666090e-001
1.280160e+000 -3.499100e-002 4.182820e-001
1.282130e+000 2.141500e-002 4.689300e-001
1.282420e+000 -1.484300e-002 4.540850e-001
1.283260e+000 -2.870000e-002 4.397330e-001
1.284030e+000 1.401400e-002 4.674650e-001
1.286390e+000 1.062000e-003 4.598040e-001
1.287330e+000 2.679300e-002 4.659610e-001
1.290900e+000 1.154800e-002 4.628510e-001
1.291260e+000 -9.634000e-003 4.516950e-001
