7
8
9
10
11
12
13
14
15
16
17
18
19
20
21
22
23
24
25
26
27
28
29
30
31
32
33
34
35
36
37
38
39
40
41
42
43
44
45
46
47
48
149
150
151
152
153
154
155
156
157
158
159
160
161
162
163
164
165
166
167
168
169
170
171
172
173
174
175
176
177
178
179
180
181
182
183
184
185
186
187
188
189
190
306
307
316
317
318
319
320
321
322
323
453
454
455
456
457
458
459
460
461
462
463
464
465
466
467
468
469
470
471
472
516
517
518
519
520
523
524
525
526
527
528
529
542
543
544
545
546
547
548
549
550
551
552
553
560
567
568
569
570
571
572
573
574
631
632
633
634
635
636
638
639
640
641
642
643
644
645
646
647
650
667
668
674
675
676
677
678
679
680
681
682
683
684
685
686
687
688
689
690
691
692
693
694
695
696
697
698
699
700
701
702
703
704
705
706
707
708
709
710
711
712
713
714
715
755
756
757
758
759
760
761
762
763
764
765
766
772
773
774
775
776
777
778
779
780
781
782
783
784
785
786
787
788
797
798
799
800
801
802
811
812
820
821
822
823
824
825
826
827
828
829
834
835
836
837
838
839
840
841
842
843
844
845
846
847
848
858
859
860
861
862
863
864
870
871
876
877
878
879
880
881
882
883
884
885
886
887
888
889
890
891
892
893
894
895
896
897
898
899
900
908
909
910
911
912
913
914
915
916
917
918
919
920
921
922
923
924
941
942
943
944
945
946
947
958
959
960
961
962
963
964
965
966
967
971
972
973
974
975
991
992
993
994
995
996
997
1002
1003
1004
1018
1019
1020
1024
1025
1026
1033
1037
1038
1039
1040
1041
1042
1043
1047
1048
1050
1051
1052
1053
1054
1055
1056
1057
1058
1059
1060
1061
1062
1063
1064
1065
1066
1067
1068
1069
1070
1071
1072
1073
1074
1075
1099
1100
1101
1102
1103
1105
1106
1107
1108
1109
1110
1111
1112
1113
1114
1115
1116
1117
1118
1119
1120
1121
1122
1123
1124
1125
1126
1127
1128
1129
1130
1131
1136
1137
1138
1139
1140
1141
1142
1145
1146
1147
1152
1153
1154
1155
1207
1208
1213
1214
1215
1216
1217
1218
1219
1220
1221
1222
1223
1224
1225
1226
1227
1228
1229
1230
1231
1232
1233
1237
1238
1239
1240
1241
1242
1243
1246
1247
1253
1254
1255
1256
1257
1258
1259
1260
1261
1262
1263
1264
1265
1266
1279
1281
1282
1283
1284
1285
1286
1291
1297
1298
1303
1304
1321
1322
1323
1324
1325
1326
1332
1333
1334
1335
1336
1337
1338
1339
1340
1341
1342
1343
1344
1345
1346
1353
1494
1495
1496
1497
1498
1499
1500
1509
1512
1513
1514
1515
1516
1517
1518
1519
1568
1569
1570
1571
1574
1575
1576
1577
1578
1579
1580
1581
1582
1583
1584
1585
1605
1606
1607
1608
1613
1614
1615
1616
1617
1643
1644
1645
1646
1656
1657
1658
1659
1660
1661
1662
1663
1664
1665
1674
1675
1676
1677
1710
1711
1712
1713
1714
1715
1720
1721
1746
1747
1757
1758
1782
1783
1787
1788
1789
1790
1791
1792
1793
1794
1795
1796
1797
1798
1799
1800
1801
1802
1814
1819
1820
1821
1827
1830
1831
1832
1833
1834
1835
1836
1837
1838
1839
1840
1841
1842
1843
1846
1847
1848
1849
1850
1853
1854
1855
1856
1857
1858
1859
1860
1861
1863
1866
1867
2132
2133
2134
2135
2136
2142
2143
2144
2148
2149
2150
2151
2152
2153
2155
2156
2157
2158
2159
2166
2167
2168
2169
2170
2179
2180
2181
2182
24478
24480
24481
24482
24505
24506
24507
24516
24517
24519
