2406
2407
2408
2409
2410
2411
2412
2413
2414
2415
2416
2417
2418
2419
2420
2421
2422
2423
2424
2425
2426
2427
2428
2429
2430
2431
2432
2433
2434
2435
2436
2437
2438
2439
2440
2441
2442
2443
2444
2445
2446
2447
2448
2449
2450
2451
2452
2453
2454
2455
2456
2457
2458
2459
2460
2461
2462
2463
2464
2465
2466
2467
2468
2469
2470
2471
2583
2584
2585
2586
2587
2588
2589
2590
2591
2592
2593
3092
3093
3094
3095
3096
3097
3098
3099
3100
3101
3102
3103
3104
3105
3106
3107
3463
3464
3465
3488
3512
3513
3515
3516
3517
3518
3519
3520
3521
3522
3523
3524
3525
3526
3527
3528
3529
3530
3531
3532
3533
3701
3702
3703
3704
3705
3707
3708
3709
3710
3731
3732
3733
3734
3735
3739
3740
3741
3742
3743
3744
3745
3746
3747
3748
3749
3750
3751
3752
3753
3754
3755
3756
3757
3758
3759
3760
3761
3762
3763
3764
3765
3766
3767
3768
3769
3770
3771
3772
3773
3774
3775
3776
3777
3778
3779
3780
3781
3782
3783
3784
3785
3786
3787
3788
3789
3790
3791
3792
3793
3794
3795
3796
3797
3798
3799
3800
3801
3802
3803
3804
3805
3806
3807
3808
3809
3810
3811
3812
3813
3814
3815
3816
3817
3818
3819
3820
3821
3822
3823
3824
3825
3826
3827
3828
3829
3830
3831
3832
3833
3834
3835
3836
3837
3838
3839
3840
3841
3842
3843
3844
3845
3846
3847
3848
3849
3850
3851
3852
3853
3854
3855
3856
3857
3858
3859
3860
3861
3901
3902
3903
3904
3905
3906
3907
3908
3909
3910
3911
3912
3913
3914
3915
3916
3917
3918
3919
3920
3921
3922
3923
3924
3925
3926
3927
3928
3929
3930
3931
3932
3933
3934
3935
3936
3937
3938
3939
3940
3941
3942
3943
3944
3945
3946
3947
3948
3949
3950
3951
3952
3953
3954
3955
3956
3962
3963
3964
3965
3966
3967
3968
3969
3970
3971
3972
3973
3974
3975
3976
3977
3978
3979
3980
3981
3982
3983
3984
3985
3986
3987
3988
3989
3990
3991
3992
3993
3994
3995
3996
3997
3998
3999
4000
4001
4002
4003
4004
4005
4006
4007
4008
4009
4010
4011
4012
4013
4014
4015
4016
4017
4018
4019
4020
4021
4022
4023
4024
4025
4026
4027
4028
4029
4030
4031
4032
4033
4034
4035
4036
4037
4038
4039
4040
4041
4042
4043
4044
4045
4046
4047
4048
4049
4050
4051
4052
4053
4054
4055
4056
4057
4058
4059
4060
4061
4062
4063
4064
4065
4066
4067
4068
4069
4070
4071
4072
4073
4074
4075
4076
4077
4078
4079
4080
4081
4082
4083
4084
4085
4089
4090
4091
4092
4093
4094
4095
4096
4097
4098
4099
4100
4101
4102
4103
4104
4105
4106
4107
4108
4109
4110
4111
4112
4113
4114
4115
4116
4117
4118
4119
4120
4121
4122
4123
4124
4125
4126
4127
4128
4131
4132
4133
4134
4135
4136
4140
4141
4142
4143
4144
4145
4152
4153
4154
4155
4156
4157
4158
4159
4160
4161
4162
4163
4164
4165
4166
4167
4168
4169
4170
4171
4172
4173
4174
4175
4176
4177
4178
4179
4180
4181
4182
4183
4184
4185
4186
4187
4188
4189
4191
4192
4193
4194
4195
4196
4197
4198
4199
4277
4278
4279
4280
4281
4282
4283
4284
4285
4286
4287
4288
4289
4290
4291
4292
4293
4294
4311
4312
4313
4314
4315
4316
4317
4318
4319
4320
4321
4322
4323
4324
4325
4326
4327
4328
4329
4330
4331
4332
4333
4334
4335
4336
4337
4338
4339
4347
4348
4349
4350
4351
4352
4353
4354
4355
4356
4357
4358
4359
4363
4364
4365
4366
4367
4375
4376
4377
4378
4379
4380
4381
4382
4383
4384
4385
4386
4387
4388
4389
4390
4391
4392
4393
4394
4395
4432
4433
4434
4435
4436
4437
4438
4439
4440
4441
4442
4443
4475
4476
4477
4478
4479
4480
4481
4482
4483
4484
4485
4486
4487
4488
4489
4490
4491
4492
4493
4494
4495
4496
4497
4498
4499
4500
4501
4502
4503
4504
4505
4506
4507
4508
4509
4510
4526
4527
4528
4529
4530
4531
4532
4533
4534
4535
4536
4537
4538
4539
4540
4541
4542
4543
4544
4547
4550
4551
4552
4553
4554
4555
4556
4557
4558
4559
4560
4561
4578
4584
4585
4586
4587
4588
4589
4590
4591
4592
4593
4594
4595
4596
4597
4598
4599
4600
4601
4602
4603
4604
4605
4606
4607
4608
4609
4610
4611
4612
4613
4614
4615
4616
4617
4618
4619
4621
4622
4623
4624
4625
4626
4627
4628
4629
4630
4631
4632
4633
4634
4635
4636
4637
4638
4639
4640
4641
4642
4643
4644
4645
4646
4647
4648
4649
4650
4658
4659
4660
4661
4662
4663
4664
4667
4668
4669
4670
4671
4672
4677
4678
4679
4680
4681
4682
4683
4684
4685
4686
4687
4688
4689
4712
4713
4714
4715
4716
4735
4736
4737
4738
4739
4740
4741
4742
4749
4750
4751
4752
4753
4754
4755
4756
4757
4758
4759
4767
4768
4778
4779
4780
4794
4795
4796
4797
4798
4799
4800
4801
4802
4803
4804
4805
4806
4807
4808
4812
4813
4814
4815
4816
4817
4819
4820
4821
4822
4823
4824
4825
4827
4833
4834
4835
4836
4837
5009
5010
5012
5013
5014
5015
5016
5017
5018
5019
5020
5021
5022
5023
5024
5025
5026
5027
5028
5029
5032
5033
5034
5035
5036
5037
5038
5039
5040
5041
5042
5043
5044
5045
5046
5074
5139
5140
5141
5142
5143
5144
5145
5146
5147
5148
5150
5151
5152
5153
5154
5155
5156
5157
5158
5159
5160
5161
5162
5163
5164
5165
5166
5167
5168
5169
5170
5171
5172
5173
5174
5175
5176
5177
5178
5179
5180
5182
5183
5198
5199
5200
5201
5202
5203
5204
5205
5266
5281
5282
5283
5284
5285
5286
5287
5288
5289
5290
5291
5292
5293
5294
5298
5299
5300
5322
5323
5324
5457
5458
5459
5463
5464
5465
5466
5467
5468
5469
5470
5471
5472
5473
5474
5475
5476
5478
5483
5484
5485
5514
5515
5516
5517
5518
5535
5536
5537
5545
5546
5554
5555
5556
5557
5558
5559
5563
5564
5565
5567
5572
5579
5580
5581
5609
5610
5611
5612
5613
5614
5615
5616
5625
5626
5627
5628
5629
5671
5675
5676
5677
5679
5698
5723
5724
5725
5726
5734
5735
5736
5741
5757
5758
5764
5780
5781
5782
5894
5895
5896
5897
5898
5899
5902
5903
5912
5913
5914
5915
5916
5917
5926
5927
5928
5929
5957
5958
5959
5960
5961
5962
5963
5964
5965
5966
5967
5968
5969
5970
5971
5972
5973
5974
5975
5976
5977
5978
5982
5983
5984
5994
5995
5996
6030
6031
6044
6045
6046
6047
6048
6049
6050
6051
6052
6065
6066
6089
6090
6091
6092
6117
6118
6220
6221
6222
6223
6224
6242
6243
6245
6274
6275
6276
6287
6288
6341
6342
6343
6344
6380
6382
6383
6384
6385
6386
6387
6388
6389
6390
6391
6392
6393
6394
6395
6401
6402
6403
6404
6405
6406
6407
6408
6409
6410
6411
6412
6413
6415
6425
6512
6513
6514
6515
6516
6517
6518
6519
6520
6521
6522
6523
6528
6537
6538
6670
6671
6672
6673
6674
6675
6686
6687
6688
6698
6773
6774
6775
6776
6777
6778
6779
6780
6785
6786
6787
6796
6797
6810
6855
6856
6857
6858
6859
6868
6869
6870
6871
6872
6873
6874
6875
6876
6877
6887
6901
6903
6905
6921
6922
6923
6924
6925
6926
6927
6928
6929
6930
6931
6932
6933
6939
6940
6941
6942
6965
6966
6967
6968
6969
6970
7014
7015
7016
7017
7021
7022
7023
7024
7028
7031
7032
7063
7064
7065
7066
7080
7081
7086
7087
7088
7089
7096
7097
7098
7099
7100
7104
7115
7133
7136
7137
7138
7139
7142
7143
7144
7145
7146
7147
7148
7149
7150
7151
7152
7153
7154
7155
7249
7286
7287
7288
7289
7290
7307
7308
7309
7317
7318
7319
7320
7321
7322
7323
7324
7325
7326
7327
7328
7329
7371
7372
7373
7375
7376
7377
7378
7379
7380
7381
7382
7383
7384
7385
7386
7387
7388
7389
7390
7391
7392
7393
7534
7535
7536
7537
7538
7539
7540
7541
7542
7543
7544
7545
7546
7547
7566
7567
7568
7569
7570
7571
7574
7576
7577
7578
7579
7580
7586
7587
7588
7589
7590
7602
7606
7607
7608
7609
7610
7646
7647
7782
7783
7784
7792
7793
7842
7843
7870
7871
7872
7875
7897
7919
7920
8024
8025
8030
8053
8054
8055
8056
8067
8068
8069
8090
8091
8096
8097
8098
8099
8100
8101
8114
8115
8234
8235
8240
8267
8268
8299
8300
8301
8302
8374
8375
8376
8377
8378
8379
8380
8381
8382
8383
8384
8385
8386
8387
8388
8415
8418
8419
8420
8421
8549
8550
8551
8587
8588
8589
8597
8598
8599
8600
8601
8602
8603
8604
8605
8606
8607
8670
8682
8683
8684
8685
8686
8687
8688
8689
8718
8719
8720
8721
8722
8723
8724
8759
8760
8761
8762
8763
8842
8843
8844
8845
8846
8881
8882
8885
8886
8887
8888
8889
8890
8891
8892
8893
8894
8895
8896
8897
8898
8900
8941
8942
8943
8976
8977
8978
8999
9015
9016
9028
9029
9098
9178
9179
9180
9181
9182
9222
