2037
2038
2039
2040
2041
2042
2043
2044
2045
2046
2047
2048
2049
2050
2051
2052
2053
2054
2055
2056
2057
2058
2060
3862
3863
3864
3865
3866
3867
3868
3869
3870
3871
3872
3873
3874
3875
3876
3877
3878
3879
3880
3881
3882
3883
3884
3885
3886
3887
3888
3889
3890
3891
3892
3893
3894
3895
3896
3897
3898
3899
3900
4190
4200
4201
4202
4203
4204
4205
4206
4207
4208
4209
4210
4211
4212
4213
4214
4215
4216
4217
4218
4219
4220
4221
4222
4223
4224
4225
4226
4227
4228
4229
4230
4231
4232
4233
4234
4235
4236
4237
4238
4239
4240
4241
4242
4243
4244
4245
4246
4247
4248
4249
4250
4251
4252
4253
4254
4255
4256
4257
4258
4259
4260
4261
4262
4263
4264
4265
4266
4267
4268
4269
4270
4271
4272
4273
4274
4275
4276
4340
4341
4342
4343
4344
4345
4346
4743
4744
4745
4746
4747
4748
4762
4763
4764
4765
4766
4769
4770
4771
4772
4773
4774
4775
4776
4777
4781
4782
4783
4784
4785
4786
4787
4788
4789
4790
4791
4792
4793
4830
4831
4832
4838
4839
4840
4841
4842
4843
4844
4845
4846
4847
4848
4849
4850
4851
4852
4853
4854
4855
4856
4857
4858
4859
4860
4861
4862
4863
4864
4865
4866
4867
4868
4869
4870
4871
4872
4873
4874
4875
4876
4877
4878
4879
4880
4881
4882
4883
4884
4885
4886
4887
4888
4889
4890
4891
4892
4893
4894
4895
4896
4897
4898
4899
4900
4901
4902
4903
4904
4905
4906
4907
4908
4909
4910
4911
4912
4913
4914
4915
4916
4917
4918
4919
4920
4921
4922
4924
4980
4981
4982
4983
4984
4985
4986
4987
4988
4989
4990
4991
4992
4993
4994
4995
4996
4997
4998
4999
5000
5001
5002
5003
5004
5005
5006
5007
5008
5048
5049
5050
5051
5052
5053
5054
5055
5056
5057
5058
5059
5073
5075
5076
5077
5078
5079
5080
5081
5082
5083
5084
5085
5086
5087
5088
5089
5090
5091
5092
5093
5094
5095
5096
5097
5098
5099
5100
5101
5102
5103
5104
5105
5106
5133
5134
5135
5136
5137
5138
5184
5185
5186
5187
5188
5189
5190
5191
5192
5193
5194
5195
5196
5197
5206
5207
5208
5209
5210
5211
5212
5213
5214
5215
5216
5217
5218
5221
5222
5223
5224
5225
5226
5227
5228
5229
5230
5231
5232
5233
5234
5235
5236
5237
5238
5239
5240
5241
5242
5243
5244
5245
5246
5247
5248
5249
5250
5251
5252
5253
5254
5255
5256
5257
5258
5259
5260
5267
5268
5269
5270
5271
5272
5273
5274
5275
5276
5277
5278
5279
5280
5295
5296
5297
5301
5302
5303
5304
5305
5306
5307
5308
5309
5310
5311
5312
5313
5314
5315
5316
5317
5318
5319
5320
5321
5331
5332
5333
5334
5335
5336
5337
5338
5339
5340
5341
5342
5343
5344
5345
5346
5347
5348
5349
5350
5351
5352
5353
5354
5355
5356
5357
5358
5359
5360
5361
5362
5363
5364
5365
5366
5367
5368
5369
5370
5371
5372
5373
5374
5375
5376
5377
5378
5379
5380
5381
5382
5383
5384
5385
5386
5387
5388
5389
5390
5391
5392
5393
5394
5395
5396
5397
5398
5399
5400
5401
5402
5403
5404
5405
5406
5407
5408
5409
5410
5411
5415
5416
5417
5418
5419
5420
5421
5422
5423
5424
5425
5426
5427
5428
5429
5430
5431
5432
5433
5434
5435
5436
5437
5438
5439
5440
5441
5442
5443
5444
5445
5446
5447
5448
5449
5450
5451
5452
5453
5454
5460
5461
5479
5480
5481
5482
5486
5487
5488
5489
5490
5491
5492
5493
5494
5495
5496
5497
5498
5499
5500
5501
5502
5503
5504
5505
5506
5507
5508
5509
5510
5511
5512
5513
5519
5520
5547
5548
5549
5550
5551
5552
5553
5566
5568
5569
5570
5571
5573
5574
5575
5576
5577
5578
5582
5583
5584
5585
5586
5587
5588
5589
5590
5591
5592
5593
5594
5595
5596
5597
5598
5599
5600
5601
5602
5603
5604
5605
5606
5617
5618
5619
5620
5621
5622
5630
5631
5632
5633
5634
5635
5636
5637
5638
5639
5640
5641
5642
5643
5644
5645
5646
5647
5648
5649
5650
5651
5652
5653
5654
5655
5656
5657
5658
5662
5663
5664
5665
5666
5667
5668
5669
5672
5673
5674
5678
5680
5681
5682
5683
5684
5685
5686
5687
5688
5697
5699
5700
5716
5717
5718
5719
5728
5729
5730
5733
5742
5743
5744
5745
5746
5747
5748
5749
5750
5751
5752
5759
5760
5761
5762
5763
5765
5766
5767
5768
5769
5770
5783
5784
5785
5786
5787
5788
5789
5790
5791
5792
5793
5794
5797
5798
5799
5800
5801
5802
5803
5804
5805
5806
5904
5905
5906
5907
5908
5909
5910
5918
5919
5920
5921
5922
5923
5924
5925
5937
5938
5939
5940
5941
5942
5943
5944
5945
5946
5947
5948
5949
5950
5951
5952
5953
5954
5955
5981
5986
5987
5988
5989
5990
5991
5992
5993
5997
5998
5999
6000
6001
6002
6016
6017
6018
6019
6055
6056
6057
6058
6059
6060
6061
6062
6063
6064
6067
6068
6069
6070
6071
6093
6094
6095
6096
6097
6098
6099
6100
6101
6102
6103
6104
6105
6106
6107
6108
6109
6110
6111
6112
6113
6114
6115
6116
6119
6120
6121
6122
6123
6124
6125
6126
6127
6128
6129
6130
6131
6132
6133
6135
6136
6137
6138
6139
6140
6141
6142
6143
6144
6145
6146
6154
6155
6156
6157
6158
6159
6162
6163
6164
6165
6166
6167
6168
6169
6170
6171
6172
6173
6174
6175
6176
6177
6178
6179
6180
6181
6182
6183
6184
6185
6186
6187
6188
6189
6190
6191
6192
6193
6194
6195
6196
6197
6198
6199
6200
6201
6203
6204
6205
6206
6207
6208
6209
6210
6211
6213
6214
6215
6216
6217
6218
6219
6225
6226
6227
6228
6229
6230
6231
6232
6233
6234
6235
6236
6237
6238
6239
6240
6241
6252
6253
6254
6255
6256
6257
6258
6259
6260
6261
6262
6263
6264
6265
6266
6267
6268
6269
6270
6271
6272
6273
6277
6278
6279
6280
6281
6282
6283
6284
6285
6286
6289
6290
6291
6292
6293
6294
6295
6296
6297
6298
6299
6300
6301
6302
6303
6304
6305
6306
6307
6308
6309
6310
6311
6312
6313
6314
6315
6316
6317
6320
6321
6322
6323
6324
6325
6326
6327
6328
6329
6330
6331
6332
6333
6334
6335
6336
6337
6338
6339
6345
6346
6347
6348
6349
6350
6351
6352
6353
6417
6418
6419
6420
6421
6422
6423
6424
6427
6428
6509
6524
6525
6526
6527
6529
6530
6531
6532
6533
6534
6535
6536
6662
6663
6664
6665
6666
6667
6678
6679
6680
6681
6682
6683
6684
6685
6689
6690
6691
6692
6695
6696
6697
6744
6745
6781
6782
6783
6784
6788
6789
6790
6791
6792
6793
6794
6795
6798
6799
6800
6801
6802
6803
6804
6805
6806
6807
6808
6854
6860
6861
6862
6863
6864
6865
6866
6867
6888
6889
6890
6891
6892
6893
6894
6895
6896
6897
6898
6899
6900
6902
6904
6906
6907
6908
6909
6910
6911
6934
6935
6936
6937
6938
6943
6944
6945
6946
6947
6948
6949
6950
6951
6952
6953
6954
6955
6956
6957
6958
6959
6960
6961
6962
6963
6964
6989
6990
6991
6992
6993
6994
7018
7019
7020
7034
7035
7036
7037
7038
7039
7074
7075
7090
7091
7092
7093
7094
7095
7101
7102
7103
7116
7117
7118
7119
7120
7121
7134
7135
7140
7141
7156
7157
7158
7159
7160
7161
7162
7163
7164
7165
7166
7167
7168
7169
7170
7171
7172
7173
7174
7175
7176
7177
7178
7179
7180
7181
7182
7212
7213
7214
7215
7216
7217
7218
7219
7220
7221
7222
7223
7224
7225
7226
7227
7230
7250
7251
7252
7253
7254
7255
7257
7258
7259
7278
7281
7282
7283
7284
7285
7291
7292
7293
7294
7295
7296
7297
7298
7299
7300
7301
7302
7303
7304
7316
7330
7331
7332
7348
7349
7351
7352
7353
7361
7362
7374
7405
7406
7407
7408
7410
7421
7423
7548
7549
7550
7551
7552
7553
7554
7555
7556
7557
7558
7559
7560
7561
7562
7565
7572
7575
7581
7593
7594
7595
7596
7597
7598
7599
7600
7601
7603
7604
7605
7648
7649
7650
7651
7652
7653
7659
7660
7661
7662
7663
7785
7786
7787
7788
7789
7790
7791
7796
7797
7798
7799
7800
7801
7833
7873
7874
7876
7877
7878
7879
7881
7886
7893
7894
7895
7896
8005
8006
8007
8026
8027
8031
8032
8033
8034
8035
8036
8038
8050
8095
8103
8104
8105
8108
8109
8110
8111
8112
8113
8158
8159
8162
8163
8164
8165
8166
8167
8168
8169
8170
8236
8237
8238
8239
8245
8246
8247
8248
8249
8250
8251
8252
8253
8254
8262
8263
8269
8291
8292
8293
8304
8305
8306
8307
8308
8309
8310
8311
8312
8313
8314
8315
8316
8317
8318
8319
8320
8321
8322
8323
8324
8325
8326
8327
8328
8329
8330
8331
8332
8333
8389
8390
8391
8394
8395
8396
8482
8483
8484
8485
8486
8487
8488
8489
8490
8491
8492
8493
8494
8495
8496
8497
8498
8499
8500
8501
8502
8503
8504
8546
8547
8559
8560
8561
8562
8563
8564
8565
8566
8567
8568
8572
8596
8608
8609
8610
8637
8649
8650
8651
8652
8653
8654
8655
8656
8657
8658
8659
8660
8661
8662
8663
8664
8676
8677
8678
8679
8680
8681
8690
8691
8692
8693
8694
8695
8696
8697
8698
8699
8700
8701
8702
8703
8704
8705
8706
8709
8710
8711
8726
8727
8728
8807
8808
8809
8810
8817
8818
8847
8848
8849
8850
8851
8852
8853
8854
8855
8856
8857
8858
8859
8860
8861
8862
8863
8864
8865
8866
8867
8868
8869
8870
8871
8872
8873
8874
8876
8899
8901
8902
8903
8904
8905
8906
8934
8935
8936
8937
8938
8939
8940
8961
8962
8963
8964
8965
8966
8967
8988
8989
8990
8991
8992
8993
8994
8995
8996
9004
9005
9006
9007
9008
9009
9010
9011
9012
9013
9014
9017
9018
9019
9020
9021
9022
9023
9024
9025
9026
9027
9072
9073
9074
9076
9077
9078
9094
9095
9096
9097
9100
9101
9102
9103
9104
9105
9106
9107
9108
9109
9110
9111
9112
9113
9114
9115
9116
9117
9118
9119
9120
9121
9122
9123
9124
9125
9126
9127
9128
9129
9130
9131
9132
9140
9142
9143
9144
9145
9146
9147
9148
9149
9150
9151
9152
9153
9154
9183
9184
9185
9186
9187
9188
9210
9211
9212
9213
9214
9215
9216
9223
9224
9225
9226
9227
9228
9229
9230
9231
9232
9233
9234
9235
9236
9237
9238
9239
9240
9241
9242
9243
9249
9250
9251
9252
9253
9254
9255
9256
9257
9259
9287
9288
9289
9290
9291
9292
9293
9294
9295
9296
9297
9298
9299
9300
9301
9310
9311
9312
9313
9314
9315
9316
9317
9318
9319
9320
9321
9322
9323
9324
9377
9378
9379
9380
9381
9382
9383
9384
9385
9386
9425
9426
9427
9428
9429
9430
9433
9477
9480
9481
9482
9483
9558
9559
9560
9561
9562
9563
9578
9579
9580
9581
9582
9583
9584
9585
9586
9587
9588
9589
9590
9591
9592
9593
9594
9595
9596
9597
9604
9605
9606
9607
9608
9609
9610
9611
9612
9613
9614
9615
9616
9617
9619
9620
9621
9622
9625
9626
9627
9628
9629
9630
9650
9651
9652
9662
9663
9664
9665
9666
9667
9668
9669
9673
9674
9675
9719
9720
9721
9742
9743
9744
9748
9753
9765
9766
9767
9768
9769
9770
9771
9772
9773
9774
9775
9776
9792
9796
9797
9810
9832
9835
9836
9853
9854
9857
9868
9875
9876
9877
9879
9880
9885
9894
9897
9902
9903
9904
9905
9906
9910
9911
9912
9913
9914
9915
9919
9920
9921
9926
9927
9934
9935
9936
9958
9989
9990
10031
10033
10034
10035
10036
10047
10048
10049
10050
10051
10052
10053
10054
10055
10056
10057
10058
10059
10060
10061
10062
10063
10064
10068
10069
10081
10082
10083
10084
10199
10200
10201
10202
10203
10204
10205
10242
10268
10269
10270
10271
10272
10273
10274
10275
10276
10277
10278
10279
10284
10285
10286
10287
10289
10290
10291
10292
10293
10294
10312
10313
10314
10315
10316
10317
10318
10370
10373
10374
10375
10376
10377
10387
10388
10405
10406
10427
10428
10554
10555
10569
10570
10571
10572
10573
10574
11027
11028
11029
11030
11031
11032
11033
11034
11035
11036
11037
11038
11039
11040
11041
11042
11043
11044
11045
11046
11047
11106
11107
11108
11109
11110
11111
11112
11113
11114
11115
11155
11156
11198
11199
11217
11218
11219
11220
11246
11247
11248
11302
11303
11304
11305
11306
11307
11308
11309
11310
11311
11312
11313
11314
11348
11349
11350
11367
11368
11378
11379
11380
11381
11382
11383
11414
11441
11446
11448
11449
11450
11597
11598
11599
11600
11601
11602
11603
11604
11605
11626
11627
11628
11630
11631
11632
11633
11634
11635
11636
11641
11642
11678
11679
11680
11681
11682
11689
11690
11691
11708
11709
11710
11711
11766
11767
11768
11769
11770
11888
11889
11890
11894
11895
11916
11917
11918
11919
11922
11932
11938
11939
11940
11941
11970
11973
11975
12001
12002
12007
12016
12066
12067
12074
12178
12179
12180
12181
12182
12183
12184
12185
12186
12268
12269
12270
12271
12272
12273
12274
12275
12276
12277
12278
12318
12319
12320
12323
12324
12529
12530
12531
12596
12597
12616
12618
12623
12624
12625
12679
12680
12681
12682
12683
12834
12835
12836
12837
12838
12973
24738
24740
24741
24943
24947
24953
24954
24958
24960
24962
24963
24965
24979
24982
24983
24985
24989
24990
24991
24993
24994
24995
