2340
2341
2342
2343
2344
2345
2346
2347
2348
2349
2350
2351
2352
2353
2354
2355
2356
2357
2358
2359
2360
2361
2362
2363
2364
2365
2366
2367
2368
2369
2370
2371
2372
2373
2374
2375
2376
2377
2378
2379
2380
2381
2382
2383
2384
2385
2386
2387
2388
2389
2390
2391
2392
2393
2394
2395
2396
2397
2398
2399
2400
2401
2402
2403
2404
2405
2472
2473
2474
2475
2476
2477
2478
2479
2480
2481
2482
2483
2484
2485
2486
2487
2488
2489
2490
2491
2492
2493
2494
2495
2496
2497
2498
2499
2500
2501
2502
2515
2516
2517
2518
2519
2520
2521
2522
2523
2524
2525
2526
2527
2528
2529
2530
2531
2532
2533
2534
2535
2536
2537
2538
2539
2540
2541
2542
2543
2544
2545
2546
2547
2548
2549
2550
2551
2552
2553
2554
2555
2556
2557
2558
2559
2560
2561
2562
2563
2564
2565
2566
2567
2568
2569
2570
2571
2572
2573
2574
2575
2576
2577
2578
2579
2580
2581
2582
2637
2638
2639
2640
2641
2642
2643
2644
2645
2646
2647
2648
2649
2650
2651
2652
2653
2654
2655
2656
2657
2658
2659
2660
2666
2667
2668
2669
2670
2671
2672
2673
2674
2675
2681
2682
2683
2684
2685
2686
2687
2692
2693
2694
2695
2696
2697
2698
2699
2700
2701
2702
2703
2704
2705
2706
2707
2708
2709
2710
2711
2731
2732
2733
2734
2735
2736
2737
2738
2739
2740
2741
2742
2743
2744
2745
2746
2747
2748
2749
2750
2751
2752
2753
2754
2755
2756
2757
2758
2759
2760
2761
2762
2763
2764
2765
2766
2767
2768
2769
2770
2771
2772
2773
2779
2780
2781
2782
2783
2784
2785
2786
2787
2788
2789
2790
2791
2792
2793
2794
2795
2796
2797
2798
2799
2800
2801
2802
2803
2804
2805
2806
2807
2808
2809
2810
2811
2812
2813
2814
2815
2816
2817
2818
2819
2820
2821
2822
2823
2824
2825
2826
2827
2828
2829
2830
2831
2832
2833
2834
2835
2836
2837
2838
2843
2844
2846
2847
2848
2849
2850
2862
2863
2864
2865
2896
2897
2898
2899
2900
2922
2923
2924
2925
2926
2927
2928
2937
2938
2939
2940
2941
2950
2955
2956
2957
2958
2959
2960
2961
2962
2963
2964
2965
2966
2967
2968
2969
2970
2971
2972
2973
2974
2975
2976
2977
2978
2979
3001
3002
3003
3004
3005
3006
3007
3008
3026
3027
3028
3029
3030
3031
3033
3034
3035
3036
3037
3040
3041
3042
3043
3044
3045
3046
3047
3048
3049
3050
3051
3052
3060
3061
3062
3063
3064
3065
3066
3067
3068
3069
3070
3071
3072
3073
3078
3079
3080
3081
3082
3083
3084
3085
3086
3087
3088
3089
3090
3091
3108
3109
3110
3111
3112
3113
3114
3115
3149
3150
3151
3152
3153
3154
3155
3156
3157
3158
3159
3160
3161
3162
3163
3164
3165
3166
3176
3178
3179
3180
3183
3184
3187
3188
3192
3193
3194
3195
3196
3207
3208
3209
3210
3211
3212
3213
3214
3215
3216
3217
3218
3219
3220
3221
3222
3223
3224
3225
3226
3227
3228
3229
3244
3245
3246
3247
3248
3249
3250
3251
3252
3253
3254
3255
3256
3257
3258
3259
3260
3261
3262
3263
3264
3265
3266
3267
3268
3269
3272
3273
3274
3275
3276
3277
3278
3279
3281
3282
3283
3290
3291
3292
3293
3294
3295
3296
3297
3298
3299
3300
3301
3302
3303
3304
3305
3365
3366
3367
3368
3377
3378
3379
3380
3381
3382
3383
3384
3385
3386
3413
3414
3415
3416
3417
3418
3419
3420
3421
3422
3423
3424
3425
3426
3427
3428
3429
3430
3431
3432
3433
3434
3435
3436
3437
3438
3439
3440
3441
3442
3443
3444
3445
3446
3447
3448
3449
3451
3452
3454
3455
3456
3457
3458
3459
3460
3461
3462
3466
3467
3468
3469
3470
3471
3472
3473
3474
3475
3476
3486
3487
3504
3505
3506
3507
3508
3510
3511
3514
3689
3690
3691
3692
3693
3694
3695
3696
3697
3698
3699
3700
3706
3711
3712
3713
3714
3715
3716
3717
3718
3719
3720
3721
3722
3723
3724
3725
3726
3727
3728
3729
3730
3736
3737
3957
3959
3960
3961
4087
4088
4137
4138
4139
4146
4295
4296
4297
4298
4299
4300
4301
4302
4303
4368
4369
4370
4371
4372
4373
4374
4396
4397
4398
4399
4400
4401
4402
4403
4404
4405
4406
4407
4408
4409
4410
4411
4412
4413
4414
4415
4416
4417
4418
4419
4420
4421
4422
4423
4424
4425
4426
4513
4514
4515
4516
4517
4518
4519
4520
4521
4522
4523
4524
4525
4545
4546
4548
4549
4583
4651
4652
4653
4654
4655
4656
4657
4690
4691
4692
4693
4694
4695
4696
4697
4698
4699
4700
4701
4702
4703
4704
4705
4706
4707
4708
4709
4710
4711
4717
4718
4719
4720
4721
4722
4723
4724
4725
4726
4727
4728
4729
4730
4731
4732
4733
4734
4760
4761
4809
4810
4811
4826
4828
4829
5011
5060
5061
5062
5063
5064
5065
5066
5067
5068
5069
5070
5071
5072
5107
5108
5109
5110
5111
5112
5113
5114
5115
5116
5117
5118
5119
5120
5121
5122
5123
5124
5125
5126
5127
5128
5129
5130
5131
5132
5455
5456
5477
5521
5522
5523
5524
5525
5526
5527
5528
5529
5530
5531
5532
5533
5534
5538
5539
5540
5541
5542
5543
5544
5560
5561
5562
5607
5608
5659
5660
5661
5701
5702
5703
5706
5707
5708
5709
5710
5711
5712
5713
5727
5737
5738
5739
5740
5795
5796
5900
5901
5911
5930
5931
5932
5933
5934
5935
5936
5985
6053
6054
6134
6147
6148
6149
6150
6151
6152
6160
6161
6244
6246
6247
6248
6249
6250
6251
6354
6355
6356
6357
6358
6359
6360
6361
6362
6363
6364
6365
6366
6367
6368
6369
6370
6371
6372
6373
6374
6375
6376
6377
6378
6379
6381
6396
6397
6398
6399
6400
6414
6416
6426
6505
6506
6507
6508
6668
6669
6676
6677
6694
6746
6747
6748
6749
6750
6751
6752
6753
6754
6755
6756
6757
24526
24527
24528
24529
24530
24531
24532
24533
24534
24535
24536
24537
24538
24539
24540
24541
24542
24543
24544
24545
24546
24547
24548
24549
24550
24551
24552
24553
24554
24555
24556
24557
24558
24559
24560
24561
24562
24563
24564
24565
24566
24567
24568
24569
24570
24571
24572
24573
24574
24575
24576
24577
24578
24579
24580
24581
24582
24583
24584
24585
24586
24587
24588
24589
24590
24591
24592
24593
24594
24595
24596
24597
24598
24599
24600
24601
24602
24603
24604
24605
24606
24607
24608
24609
24610
24611
24612
24613
24614
24615
24616
24617
24618
24619
24620
24621
24622
24623
24624
24625
24626
24627
24628
24629
24630
24631
24632
24633
24634
24635
24636
24637
24638
24639
24640
24641
24642
24643
24644
24645
24646
24675
24924
24925
24926
24927
24928
24929
24930
24931
24932
24933
24934
24935
24936
24937
24938
24939
24940
24941
24942
