9.479240e-001 -9.775100e-002 -3.884660e-001
9.484440e-001 -9.236600e-002 -3.891430e-001
9.490680e-001 -9.614600e-002 -3.803340e-001
9.492860e-001 -9.527000e-002 -4.104030e-001
9.498170e-001 -1.007770e-001 -3.934190e-001
9.499590e-001 -9.093300e-002 -3.821320e-001
9.505230e-001 -1.051080e-001 -3.901960e-001
9.505300e-001 -8.969500e-002 -4.065410e-001
9.505690e-001 -9.813800e-002 -4.012870e-001
9.506330e-001 -9.452500e-002 -3.963750e-001
9.510180e-001 -9.380200e-002 -4.157340e-001
9.512770e-001 -1.026990e-001 -3.773420e-001
9.515750e-001 -9.081100e-002 -4.139250e-001
9.520680e-001 -1.031430e-001 -4.115580e-001
9.521620e-001 -1.013630e-001 -3.947010e-001
9.525770e-001 -1.062410e-001 -3.679980e-001
9.526340e-001 -9.555600e-002 -3.712890e-001
9.530230e-001 -1.011620e-001 -4.157580e-001
9.530260e-001 -9.850100e-002 -3.644640e-001
9.548430e-001 -1.079190e-001 -3.608530e-001
9.553110e-001 -8.840800e-002 -3.801470e-001
9.554320e-001 -9.133800e-002 -3.964560e-001
9.558110e-001 -1.089360e-001 -4.107980e-001
9.559180e-001 -1.031360e-001 -3.561620e-001
9.567640e-001 -9.325200e-002 -3.625920e-001
9.574260e-001 -9.579000e-002 -4.208550e-001
9.577800e-001 -8.813400e-002 -3.935970e-001
9.579050e-001 -8.870900e-002 -3.709520e-001
9.579900e-001 -8.840400e-002 -3.974380e-001
9.583660e-001 -1.143720e-001 -3.767420e-001
9.584540e-001 -1.017500e-001 -4.204180e-001
9.586190e-001 -1.176630e-001 -3.880460e-001
9.588730e-001 -8.501800e-002 -3.843260e-001
9.593110e-001 -9.775400e-002 -3.560300e-001
9.594670e-001 -1.047370e-001 -4.270780e-001
9.598180e-001 -1.187630e-001 -3.827500e-001
9.599320e-001 -9.188700e-002 -4.320370e-001
9.600220e-001 -9.380200e-002 -4.347440e-001
9.603810e-001 -1.174610e-001 -3.661720e-001
9.612470e-001 -1.011490e-001 -3.529810e-001
9.617680e-001 -8.969000e-002 -4.193590e-001
9.618160e-001 -8.077300e-002 -3.791750e-001
9.626190e-001 -8.454900e-002 -4.126770e-001
9.627750e-001 -1.141960e-001 -4.173880e-001
9.628110e-001 -1.035990e-001 -4.235120e-001
9.628680e-001 -8.124300e-002 -3.852570e-001
9.635060e-001 -1.059630e-001 -4.305040e-001
9.635420e-001 -8.824900e-002 -4.270200e-001
9.636170e-001 -1.012530e-001 -4.364040e-001
9.639160e-001 -8.024800e-002 -3.717620e-001
9.641760e-001 -8.621100e-002 -3.966990e-001
9.642090e-001 -1.077450e-001 -3.524860e-001
9.642640e-001 -1.194640e-001 -4.093280e-001
9.648460e-001 -1.241410e-001 -3.956930e-001
9.649350e-001 -1.180280e-001 -4.004700e-001
9.649620e-001 -8.406600e-002 -3.656520e-001
9.654370e-001 -1.227550e-001 -3.699100e-001
9.657100e-001 -8.935800e-002 -4.351210e-001
9.657610e-001 -8.892900e-002 -4.209340e-001
9.659120e-001 -7.247200e-002 -3.865430e-001
9.661370e-001 -9.526800e-002 -4.397420e-001
9.662710e-001 -7.093700e-002 -3.732610e-001
9.664650e-001 -1.182010e-001 -3.563530e-001
9.666140e-001 -1.194730e-001 -4.031040e-001
9.671900e-001 -6.518500e-002 -3.614170e-001
9.673370e-001 -8.136800e-002 -4.047630e-001
9.674580e-001 -7.686000e-002 -3.661590e-001
9.678490e-001 -1.235400e-001 -3.780170e-001
9.679780e-001 -6.176000e-002 -3.631000e-001
9.680780e-001 -8.104100e-002 -3.901680e-001
9.683620e-001 -1.092620e-001 -4.374370e-001
9.683760e-001 -9.749100e-002 -3.540340e-001
9.689330e-001 -7.219800e-002 -3.893620e-001
9.691360e-001 -6.618200e-002 -3.767450e-001
9.692110e-001 -8.372400e-002 -4.153250e-001
9.692610e-001 -7.011400e-002 -3.546380e-001
9.693630e-001 -6.116600e-002 -3.580680e-001
9.696230e-001 -6.816100e-002 -3.859450e-001
9.697440e-001 -8.450100e-002 -4.209460e-001
9.697550e-001 -1.313840e-001 -3.879570e-001
9.697890e-001 -8.442800e-002 -3.606700e-001
9.700510e-001 -1.225250e-001 -4.182250e-001
9.702280e-001 -1.112750e-001 -4.248030e-001
9.704640e-001 -9.727100e-002 -4.411970e-001
9.708730e-001 -5.866500e-002 -3.621270e-001
9.709870e-001 -1.293260e-001 -3.641600e-001
9.712370e-001 -1.041850e-001 -4.430770e-001
9.713370e-001 -7.736100e-002 -3.586280e-001
9.714230e-001 -8.047300e-002 -4.069390e-001
9.715540e-001 -1.092860e-001 -3.516590e-001
9.716190e-001 -6.970900e-002 -3.499990e-001
9.724580e-001 -1.090440e-001 -4.425300e-001
9.725060e-001 -1.154230e-001 -4.375870e-001
9.727700e-001 -1.008420e-001 -3.555240e-001
9.728150e-001 -8.879400e-002 -3.570520e-001
9.730910e-001 -1.180230e-001 -4.327950e-001
9.730950e-001 -1.173830e-001 -3.527800e-001
9.731490e-001 -6.061900e-002 -3.712480e-001
9.731870e-001 -8.386400e-002 -3.985150e-001
9.732080e-001 -8.249500e-002 -3.594670e-001
9.734060e-001 -6.226600e-002 -3.521590e-001
9.744970e-001 -6.353900e-002 -3.786940e-001
9.746240e-001 -1.384390e-001 -3.960820e-001
9.750370e-001 -7.636400e-002 -3.528280e-001
9.750410e-001 -7.978400e-002 -3.903090e-001
9.751430e-001 -9.710300e-002 -4.401270e-001
9.751620e-001 -8.157100e-002 -4.263540e-001
9.751840e-001 -8.410100e-002 -4.332860e-001
9.752800e-001 -5.746100e-002 -3.567460e-001
9.752910e-001 -6.823200e-002 -3.858660e-001
9.754770e-001 -1.355610e-001 -3.701870e-001
9.757230e-001 -8.193400e-002 -4.188400e-001
9.759240e-001 -8.867200e-002 -4.365430e-001
9.762750e-001 -7.243500e-002 -3.873760e-001
9.762970e-001 -1.222040e-001 -4.242920e-001
9.764870e-001 -1.352890e-001 -3.826970e-001
9.766150e-001 -8.131600e-002 -3.574740e-001
9.766830e-001 -1.329140e-001 -4.139470e-001
9.771030e-001 -8.172200e-002 -3.983170e-001
9.772200e-001 -1.356900e-001 -3.777150e-001
9.777580e-001 -9.141900e-002 -3.586130e-001
9.777610e-001 -1.358720e-001 -4.045250e-001
9.779230e-001 -5.753300e-002 -3.648010e-001
9.781060e-001 -7.996400e-002 -4.102650e-001
9.781810e-001 -6.705100e-002 -3.472910e-001
9.784390e-001 -6.190600e-002 -3.752400e-001
9.789630e-001 -7.971200e-002 -3.853880e-001
9.789750e-001 -1.060090e-001 -4.443980e-001
9.792060e-001 -6.304300e-002 -3.484910e-001
9.798980e-001 -1.024130e-001 -4.412180e-001
9.800380e-001 -1.126900e-001 -3.526800e-001
9.800470e-001 -1.450100e-001 -3.939000e-001
9.806000e-001 -9.563300e-002 -3.611650e-001
9.807240e-001 -6.750100e-002 -3.798130e-001
9.807870e-001 -8.012500e-002 -3.923830e-001
9.809140e-001 -1.113220e-001 -4.465800e-001
9.809470e-001 -7.925400e-002 -4.041740e-001
9.814430e-001 -1.369710e-001 -4.174870e-001
9.815460e-001 -8.420900e-002 -4.326310e-001
9.819750e-001 -1.378240e-001 -4.105650e-001
9.826510e-001 -8.395000e-002 -3.588000e-001
9.826680e-001 -1.386380e-001 -3.611330e-001
9.827460e-001 -8.414900e-002 -3.774750e-001
9.829270e-001 -1.013850e-001 -3.615720e-001
9.829480e-001 -1.451770e-001 -4.002860e-001
9.831310e-001 -8.858300e-002 -4.338540e-001
9.831580e-001 -8.128300e-002 -4.276560e-001
9.832350e-001 -8.100300e-002 -4.221220e-001
9.833480e-001 -9.773600e-002 -4.334230e-001
9.835170e-001 -1.283990e-001 -4.377640e-001
9.835290e-001 -8.084500e-002 -3.852640e-001
9.836520e-001 -5.810200e-002 -3.514810e-001
9.836560e-001 -5.952800e-002 -3.659180e-001
9.836930e-001 -1.220830e-001 -3.536290e-001
9.839410e-001 -8.000000e-002 -4.087850e-001
9.840110e-001 -7.194400e-002 -3.773170e-001
9.840990e-001 -1.312230e-001 -4.299680e-001
9.841170e-001 -8.910000e-002 -3.597650e-001
9.841690e-001 -1.476940e-001 -3.972070e-001
9.842630e-001 -1.340300e-001 -4.249310e-001
9.852490e-001 -1.424520e-001 -3.848140e-001
9.853450e-001 -6.572900e-002 -3.709120e-001
9.853790e-001 -9.936700e-002 -4.348630e-001
9.854270e-001 -8.357700e-002 -4.158880e-001
9.854610e-001 -8.364300e-002 -3.969600e-001
9.856100e-001 -1.460180e-001 -3.706530e-001
9.857290e-001 -8.220700e-002 -3.892000e-001
9.860640e-001 -8.112200e-002 -4.026970e-001
9.860940e-001 -1.416420e-001 -4.068390e-001
9.861860e-001 -5.559100e-002 -3.551280e-001
9.862940e-001 -8.146400e-002 -3.714530e-001
9.863240e-001 -1.473270e-001 -3.937050e-001
9.863590e-001 -8.691100e-002 -3.740660e-001
9.868820e-001 -1.454660e-001 -3.653270e-001
9.869920e-001 -7.598000e-002 -3.481070e-001
9.873540e-001 -8.572200e-002 -4.299290e-001
9.874030e-001 -9.856500e-002 -3.639730e-001
9.877240e-001 -9.310000e-002 -3.601650e-001
9.877480e-001 -6.784500e-002 -3.694260e-001
9.877980e-001 -1.274530e-001 -4.426480e-001
9.878330e-001 -1.405730e-001 -4.179230e-001
9.884050e-001 -6.217000e-002 -3.658010e-001
9.884060e-001 -8.255200e-002 -3.707520e-001
9.891700e-001 -1.364400e-001 -4.264630e-001
9.892970e-001 -6.453300e-002 -3.460110e-001
9.895210e-001 -1.431690e-001 -3.621620e-001
9.896700e-001 -1.207270e-001 -3.550400e-001
9.898120e-001 -1.472280e-001 -4.002930e-001
9.898330e-001 -9.278500e-002 -3.796550e-001
9.898490e-001 -1.330080e-001 -4.383560e-001
9.898870e-001 -5.866100e-002 -3.569930e-001
9.899880e-001 -1.034230e-001 -4.445490e-001
9.900090e-001 -8.692800e-002 -4.255490e-001
9.900200e-001 -8.795900e-002 -3.754970e-001
9.902820e-001 -9.149200e-002 -3.970060e-001
9.904110e-001 -8.036600e-002 -3.503300e-001
9.907320e-001 -9.199100e-002 -4.310890e-001
9.907730e-001 -8.690900e-002 -4.070630e-001
9.908060e-001 -1.145050e-001 -3.579040e-001
9.909130e-001 -9.928500e-002 -4.332540e-001
9.910230e-001 -7.015200e-002 -3.454580e-001
9.910880e-001 -1.058660e-001 -3.635690e-001
9.910920e-001 -1.367090e-001 -3.580420e-001
9.911560e-001 -1.448800e-001 -3.815880e-001
9.913140e-001 -8.462100e-002 -3.588250e-001
9.914010e-001 -1.435380e-001 -4.074900e-001
9.917360e-001 -1.215710e-001 -4.466950e-001
9.919350e-001 -1.471180e-001 -3.969680e-001
9.919470e-001 -8.923100e-002 -3.604590e-001
9.919850e-001 -9.335400e-002 -4.160330e-001
9.920330e-001 -1.026660e-001 -3.647970e-001
9.922260e-001 -1.448920e-001 -3.873990e-001
9.922890e-001 -6.936900e-002 -3.702060e-001
9.926430e-001 -6.836100e-002 -3.429800e-001
9.926870e-001 -8.385200e-002 -3.540380e-001
9.926930e-001 -9.143500e-002 -3.845490e-001
9.927730e-001 -9.215600e-002 -3.894520e-001
9.928200e-001 -1.475020e-001 -3.678930e-001
9.932710e-001 -9.915600e-002 -4.379690e-001
9.937470e-001 -9.913900e-002 -3.966170e-001
9.939440e-001 -1.480910e-001 -3.727420e-001
9.939590e-001 -1.297580e-001 -4.430900e-001
9.940010e-001 -1.381320e-001 -4.223280e-001
9.941170e-001 -9.982900e-002 -4.427100e-001
9.942170e-001 -1.334270e-001 -4.384360e-001
9.942550e-001 -1.082200e-001 -4.495260e-001
9.942780e-001 -1.161130e-001 -3.570550e-001
9.944150e-001 -5.754200e-002 -3.520540e-001
9.953080e-001 -1.043550e-001 -3.599030e-001
9.953950e-001 -6.364000e-002 -3.663320e-001
9.954070e-001 -1.434320e-001 -3.630110e-001
9.954940e-001 -9.700300e-002 -3.589720e-001
9.957100e-001 -1.420950e-001 -4.081160e-001
9.958830e-001 -9.679100e-002 -4.311020e-001
9.959890e-001 -1.015050e-001 -3.948490e-001
9.967560e-001 -1.269530e-001 -3.554080e-001
9.967860e-001 -9.443500e-002 -3.910820e-001
9.969070e-001 -8.369100e-002 -3.873560e-001
9.971840e-001 -9.572800e-002 -4.235310e-001
9.971980e-001 -9.758900e-002 -4.064010e-001
9.973400e-001 -1.459620e-001 -3.687970e-001
9.973430e-001 -1.233900e-001 -4.463300e-001
9.976520e-001 -1.024650e-001 -3.983520e-001
9.979230e-001 -1.009460e-001 -4.156760e-001
9.985960e-001 -1.329190e-001 -4.361890e-001
9.991420e-001 -1.146900e-001 -3.553750e-001
9.994090e-001 -1.116810e-001 -4.496020e-001
9.996680e-001 -1.321270e-001 -3.578300e-001
9.999870e-001 -9.684700e-002 -4.263510e-001
1.000100e+000 -1.009080e-001 -4.101190e-001
1.000240e+000 -7.395900e-002 -3.898770e-001
1.000390e+000 -1.389920e-001 -3.622430e-001
1.000570e+000 -1.431460e-001 -3.854640e-001
1.000710e+000 -1.280620e-001 -4.428090e-001
1.000710e+000 -9.792500e-002 -3.974840e-001
1.000910e+000 -5.919100e-002 -3.507800e-001
1.000980e+000 -1.006820e-001 -4.041330e-001
1.001320e+000 -6.245200e-002 -3.455240e-001
1.001640e+000 -9.534400e-002 -3.551430e-001
1.001960e+000 -5.916800e-002 -3.602550e-001
1.002130e+000 -8.972200e-002 -3.523230e-001
1.002970e+000 -6.403300e-002 -3.829420e-001
1.003300e+000 -1.321300e-001 -4.283180e-001
1.003800e+000 -9.626600e-002 -4.201160e-001
1.003910e+000 -5.969200e-002 -3.695330e-001
1.004780e+000 -9.696800e-002 -4.110330e-001
1.005120e+000 -1.181250e-001 -3.562840e-001
1.005150e+000 -1.395970e-001 -3.952450e-001
1.005890e+000 -6.067100e-002 -3.788300e-001
1.005930e+000 -7.391600e-002 -3.987060e-001
1.006000e+000 -5.824700e-002 -3.628690e-001
1.006130e+000 -1.374920e-001 -3.692280e-001
1.006150e+000 -7.951700e-002 -3.435800e-001
1.006320e+000 -9.056800e-002 -4.439150e-001
1.006470e+000 -9.267800e-002 -4.057050e-001
1.006780e+000 -7.143100e-002 -3.412140e-001
1.006960e+000 -9.837500e-002 -3.532830e-001
1.007040e+000 -6.793900e-002 -3.951620e-001
1.007180e+000 -1.065590e-001 -3.534940e-001
1.007430e+000 -1.291300e-001 -3.625700e-001
1.007780e+000 -6.778500e-002 -3.415840e-001
1.008020e+000 -1.348320e-001 -4.077480e-001
1.008100e+000 -1.019310e-001 -4.504480e-001
1.008600e+000 -1.373410e-001 -3.845550e-001
1.008670e+000 -8.593100e-002 -4.385390e-001
1.008740e+000 -1.181580e-001 -4.456210e-001
1.008990e+000 -9.262600e-002 -4.472710e-001
1.009210e+000 -8.972300e-002 -4.120950e-001
1.009720e+000 -1.310410e-001 -4.182200e-001
1.009900e+000 -8.433800e-002 -4.310930e-001
1.010000e+000 -6.111700e-002 -3.473140e-001
1.010160e+000 -8.208600e-002 -4.059220e-001
1.010210e+000 -8.442900e-002 -3.465290e-001
1.011320e+000 -6.076100e-002 -3.524680e-001
1.011520e+000 -1.152910e-001 -3.567870e-001
1.011760e+000 -5.944300e-002 -3.599820e-001
1.011800e+000 -6.391100e-002 -3.957080e-001
1.013450e+000 -7.824400e-002 -3.430410e-001
1.013650e+000 -1.115370e-001 -4.492560e-001
1.013870e+000 -9.957500e-002 -3.531000e-001
1.014400e+000 -7.093200e-002 -3.420100e-001
1.014510e+000 -1.314490e-001 -4.117330e-001
1.014940e+000 -7.951600e-002 -4.135370e-001
1.015500e+000 -1.176030e-001 -4.446180e-001
1.015690e+000 -8.843900e-002 -3.497040e-001
1.015860e+000 -5.833400e-002 -3.703690e-001
1.016130e+000 -7.353200e-002 -4.100620e-001
1.016430e+000 -7.861500e-002 -4.192620e-001
1.016490e+000 -6.093100e-002 -3.527250e-001
1.016700e+000 -1.316610e-001 -3.849530e-001
1.017450e+000 -6.348200e-002 -3.482610e-001
1.017670e+000 -1.139770e-001 -3.600850e-001
1.018060e+000 -6.882000e-002 -3.444650e-001
1.018670e+000 -5.800400e-002 -3.817470e-001
1.019030e+000 -5.923500e-002 -3.916120e-001
1.019060e+000 -9.883500e-002 -4.521680e-001
1.019080e+000 -8.962000e-002 -4.490030e-001
1.019090e+000 -1.064850e-001 -3.568710e-001
1.019490e+000 -8.226800e-002 -4.427310e-001
1.019900e+000 -1.207890e-001 -3.688460e-001
1.019950e+000 -6.214800e-002 -4.003330e-001
1.020510e+000 -1.186790e-001 -4.410190e-001
1.021170e+000 -1.254500e-001 -3.785120e-001
1.021400e+000 -7.095200e-002 -4.142200e-001
1.021420e+000 -6.345500e-002 -3.583030e-001
1.022000e+000 -1.244730e-001 -4.266320e-001
1.022610e+000 -8.815200e-002 -3.528670e-001
1.023320e+000 -7.484600e-002 -4.345370e-001
1.023320e+000 -6.018300e-002 -3.673300e-001
1.023410e+000 -7.274900e-002 -4.289950e-001
1.024240e+000 -1.281340e-001 -3.939870e-001
1.024420e+000 -1.265200e-001 -4.131580e-001
1.024950e+000 -1.041670e-001 -4.514060e-001
1.024990e+000 -5.882300e-002 -3.901740e-001
1.025630e+000 -6.467100e-002 -3.577650e-001
1.026010e+000 -1.188070e-001 -4.362360e-001
1.026270e+000 -9.270600e-002 -4.506050e-001
1.026400e+000 -6.564200e-002 -4.112650e-001
1.026440e+000 -9.957700e-002 -4.522720e-001
1.027000e+000 -5.875300e-002 -3.782560e-001
1.027620e+000 -1.089590e-001 -4.483750e-001
1.027900e+000 -8.498000e-002 -4.466880e-001
1.028130e+000 -6.675200e-002 -4.197100e-001
1.028410e+000 -1.228370e-001 -3.869950e-001
1.028420e+000 -7.660000e-002 -3.534710e-001
1.029100e+000 -7.082800e-002 -3.556120e-001
1.029250e+000 -7.498400e-002 -4.376270e-001
1.029360e+000 -6.368600e-002 -4.067850e-001
1.030050e+000 -6.361600e-002 -3.653310e-001
1.031160e+000 -6.074700e-002 -3.909670e-001
1.031260e+000 -9.932900e-002 -3.626850e-001
1.032330e+000 -6.094400e-002 -3.769690e-001
1.032360e+000 -1.114550e-001 -4.437060e-001
1.032750e+000 -6.695600e-002 -4.260330e-001
1.034180e+000 -1.136120e-001 -3.806020e-001
1.034430e+000 -9.810000e-002 -4.507670e-001
1.035470e+000 -1.035830e-001 -3.710700e-001
1.035570e+000 -6.232000e-002 -3.886660e-001
1.035630e+000 -6.437100e-002 -4.179650e-001
1.036260e+000 -1.206950e-001 -4.077460e-001
1.036470e+000 -6.401000e-002 -4.075490e-001
1.037700e+000 -9.034900e-002 -3.634780e-001
1.037840e+000 -9.249600e-002 -4.479010e-001
1.037900e+000 -8.434800e-002 -4.443530e-001
1.038090e+000 -1.189310e-001 -4.003210e-001
1.038110e+000 -6.693100e-002 -4.265050e-001
1.039290e+000 -1.051820e-001 -4.454260e-001
1.039330e+000 -7.088500e-002 -3.676660e-001
1.039710e+000 -1.188450e-001 -4.122240e-001
1.040350e+000 -7.457600e-002 -4.361120e-001
1.040450e+000 -1.150260e-001 -3.904340e-001
1.041700e+000 -6.480500e-002 -4.175970e-001
1.042030e+000 -9.732700e-002 -3.715460e-001
1.042470e+000 -6.973800e-002 -3.740450e-001
1.042670e+000 -1.086070e-001 -3.829240e-001
1.043210e+000 -1.142880e-001 -4.176700e-001
1.043250e+000 -6.727800e-002 -3.858150e-001
1.045160e+000 -8.052500e-002 -3.664390e-001
1.045920e+000 -1.087810e-001 -4.330370e-001
1.046020e+000 -1.152260e-001 -3.984820e-001
1.046090e+000 -6.536500e-002 -3.948750e-001
1.046180e+000 -6.498200e-002 -4.021460e-001
1.046270e+000 -9.269500e-002 -4.447850e-001
1.047200e+000 -6.810600e-002 -4.247630e-001
1.047280e+000 -9.476100e-002 -3.726040e-001
1.047740e+000 -7.055100e-002 -4.288540e-001
1.048070e+000 -1.114060e-001 -4.212570e-001
1.048340e+000 -6.953200e-002 -3.773530e-001
1.048400e+000 -1.109370e-001 -3.900030e-001
1.048560e+000 -7.504000e-002 -3.712810e-001
1.049040e+000 -7.707200e-002 -4.363100e-001
1.049280e+000 -1.034700e-001 -3.803330e-001
1.050270e+000 -6.795500e-002 -4.173130e-001
1.050520e+000 -1.152730e-001 -4.061480e-001
1.051200e+000 -8.354300e-002 -3.708580e-001
1.051600e+000 -1.045640e-001 -4.360450e-001
1.051750e+000 -7.210100e-002 -3.806240e-001
1.053110e+000 -7.061800e-002 -3.853320e-001
1.053740e+000 -1.091150e-001 -4.267530e-001
1.053780e+000 -1.009030e-001 -4.379670e-001
1.054290e+000 -1.139920e-001 -3.992590e-001
1.054580e+000 -8.195500e-002 -4.374870e-001
1.054630e+000 -9.349900e-002 -3.740820e-001
1.054760e+000 -7.180100e-002 -3.765510e-001
1.055040e+000 -7.459500e-002 -4.306720e-001
1.055220e+000 -9.353100e-002 -4.398600e-001
1.055880e+000 -6.640100e-002 -3.939560e-001
1.056870e+000 -1.010560e-001 -3.791170e-001
1.058100e+000 -1.091870e-001 -3.893690e-001
1.058630e+000 -1.117300e-001 -4.046750e-001
1.058940e+000 -8.242400e-002 -3.723930e-001
1.059180e+000 -6.578900e-002 -4.046500e-001
1.060390e+000 -7.095200e-002 -3.831760e-001
1.062440e+000 -7.845600e-002 -3.738100e-001
1.062850e+000 -7.329600e-002 -3.785010e-001
1.063690e+000 -6.906500e-002 -4.146890e-001
1.064010e+000 -7.967400e-002 -4.326910e-001
1.064130e+000 -7.435000e-002 -4.274050e-001
1.065030e+000 -1.057010e-001 -3.845530e-001
1.065810e+000 -1.097170e-001 -4.166350e-001
1.067010e+000 -1.079830e-001 -4.254280e-001
1.068380e+000 -1.109800e-001 -3.949350e-001
