1.066330e+000 -9.130700e-002 -4.369450e-001
1.066440e+000 -6.496300e-002 -3.928020e-001
1.068650e+000 -1.047580e-001 -4.312130e-001
1.069580e+000 -8.421700e-002 -3.730190e-001
1.070470e+000 -7.146400e-002 -4.222490e-001
1.070600e+000 -9.902700e-002 -4.354120e-001
1.070740e+000 -1.090720e-001 -3.907210e-001
1.073750e+000 -7.428600e-002 -3.797290e-001
1.073900e+000 -7.494900e-002 -4.288520e-001
1.074160e+000 -9.512300e-002 -3.757480e-001
1.075100e+000 -1.103880e-001 -4.042630e-001
1.075160e+000 -6.713800e-002 -4.103880e-001
1.077060e+000 -6.361500e-002 -3.944480e-001
1.077510e+000 -8.000200e-002 -4.323310e-001
1.077980e+000 -9.516400e-002 -4.364030e-001
1.078110e+000 -6.423800e-002 -3.904230e-001
1.078430e+000 -1.103190e-001 -4.185780e-001
1.078540e+000 -7.946700e-002 -3.755700e-001
1.080240e+000 -7.274700e-002 -3.805920e-001
1.080360e+000 -8.957900e-002 -4.353220e-001
1.080450e+000 -1.042710e-001 -4.311160e-001
1.080870e+000 -6.530500e-002 -3.862570e-001
1.081620e+000 -1.044720e-001 -3.857820e-001
1.082090e+000 -8.329400e-002 -3.734250e-001
1.082160e+000 -1.080940e-001 -3.944290e-001
1.083380e+000 -9.010200e-002 -3.730520e-001
1.083910e+000 -1.085570e-001 -4.230920e-001
1.084870e+000 -6.439600e-002 -4.067140e-001
1.085130e+000 -1.099840e-001 -4.140270e-001
1.085450e+000 -6.759500e-002 -4.226410e-001
1.086350e+000 -9.789900e-002 -4.341320e-001
1.091240e+000 -6.651400e-002 -3.816160e-001
1.091570e+000 -1.087420e-001 -4.088910e-001
1.091600e+000 -1.035670e-001 -4.284680e-001
1.092430e+000 -7.987400e-002 -4.321450e-001
1.092720e+000 -6.169000e-002 -4.120390e-001
1.093280e+000 -6.133000e-002 -3.855120e-001
1.094890e+000 -9.478800e-002 -3.754660e-001
1.096430e+000 -9.061100e-002 -4.329150e-001
1.096550e+000 -5.865100e-002 -3.947750e-001
1.097340e+000 -7.258200e-002 -4.295460e-001
1.097920e+000 -1.033620e-001 -3.899440e-001
1.098180e+000 -6.082600e-002 -4.193340e-001
1.099090e+000 -5.754900e-002 -3.881010e-001
1.099260e+000 -7.029200e-002 -3.766140e-001
1.099560e+000 -8.030800e-002 -3.722470e-001
1.100350e+000 -8.890300e-002 -3.720090e-001
1.103630e+000 -6.518900e-002 -4.262480e-001
1.103760e+000 -9.535500e-002 -4.299340e-001
1.104410e+000 -1.000110e-001 -3.836540e-001
1.105020e+000 -9.473500e-002 -3.753300e-001
1.106880e+000 -5.785600e-002 -3.806990e-001
1.107140e+000 -5.251200e-002 -4.023550e-001
1.108490e+000 -1.041090e-001 -4.000620e-001
1.110940e+000 -9.866600e-002 -4.242830e-001
1.111640e+000 -8.093700e-002 -3.695530e-001
1.111790e+000 -5.648900e-002 -4.205880e-001
1.112030e+000 -7.059500e-002 -4.290850e-001
1.112890e+000 -5.133400e-002 -3.885460e-001
1.114270e+000 -1.030590e-001 -4.087530e-001
1.114410e+000 -8.602100e-002 -3.701980e-001
1.117360e+000 -4.742900e-002 -3.961540e-001
1.118560e+000 -5.073500e-002 -3.818890e-001
1.119880e+000 -9.433600e-002 -4.253520e-001
1.120100e+000 -8.728700e-002 -4.289540e-001
1.121920e+000 -6.636400e-002 -3.693380e-001
1.123270e+000 -9.049400e-002 -3.729410e-001
1.123290e+000 -8.011800e-002 -4.289540e-001
1.124670e+000 -9.852900e-002 -4.154620e-001
1.125000e+000 -5.741900e-002 -3.725350e-001
1.126560e+000 -4.357700e-002 -4.070750e-001
1.126860e+000 -9.872600e-002 -3.894370e-001
1.127770e+000 -8.388000e-002 -3.676100e-001
1.129160e+000 -5.170100e-002 -4.210580e-001
1.129170e+000 -6.520300e-002 -4.268980e-001
1.131170e+000 -9.923700e-002 -3.976630e-001
1.131380e+000 -7.023700e-002 -3.652870e-001
1.131390e+000 -5.754500e-002 -4.247020e-001
1.131580e+000 -9.319300e-002 -3.762060e-001
1.134960e+000 -3.792400e-002 -3.982140e-001
1.135060e+000 -8.539200e-002 -4.258350e-001
1.135280e+000 -4.183300e-002 -3.802120e-001
1.135770e+000 -3.802300e-002 -3.907950e-001
1.136200e+000 -4.678400e-002 -3.737570e-001
1.136410e+000 -6.283900e-002 -3.650300e-001
1.137790e+000 -5.505700e-002 -3.673140e-001
1.137910e+000 -7.553400e-002 -3.644420e-001
1.139940e+000 -9.365800e-002 -3.792290e-001
1.140030e+000 -3.775200e-002 -4.074620e-001
1.143760e+000 -8.632900e-002 -4.223060e-001
1.143800e+000 -3.381400e-002 -3.996800e-001
1.144370e+000 -9.625800e-002 -4.039240e-001
1.147740e+000 -9.503800e-002 -3.941770e-001
1.147760e+000 -5.446100e-002 -3.631420e-001
1.147820e+000 -8.648200e-002 -3.683900e-001
1.147990e+000 -8.904800e-002 -3.714620e-001
1.148560e+000 -4.007300e-002 -4.153050e-001
1.148730e+000 -7.210000e-002 -4.259850e-001
1.149590e+000 -3.530800e-002 -4.095800e-001
1.150350e+000 -4.622200e-002 -4.202560e-001
1.150660e+000 -6.904100e-002 -3.612480e-001
1.151590e+000 -7.956900e-002 -3.639630e-001
1.152490e+000 -3.905900e-002 -3.689140e-001
1.153100e+000 -8.910100e-002 -4.150730e-001
1.153130e+000 -9.046200e-002 -3.788210e-001
1.153520e+000 -3.005900e-002 -4.015820e-001
1.153860e+000 -4.500200e-002 -3.641220e-001
1.154920e+000 -3.116100e-002 -3.743830e-001
1.155250e+000 -6.090100e-002 -3.591230e-001
1.157030e+000 -9.209500e-002 -4.075190e-001
1.159070e+000 -5.199600e-002 -3.585250e-001
1.160030e+000 -6.185900e-002 -4.242790e-001
1.162950e+000 -7.477300e-002 -3.604900e-001
1.164080e+000 -2.393600e-002 -3.748560e-001
1.164110e+000 -8.386800e-002 -3.686450e-001
1.166530e+000 -2.971500e-002 -3.636870e-001
1.166630e+000 -3.842700e-002 -3.578220e-001
1.166730e+000 -2.111100e-002 -3.843720e-001
1.166800e+000 -6.391500e-002 -3.557800e-001
1.168780e+000 -2.100700e-002 -3.919520e-001
1.170800e+000 -7.785900e-002 -3.621720e-001
1.171540e+000 -4.790700e-002 -4.211330e-001
1.171600e+000 -4.198300e-002 -3.530300e-001
1.172040e+000 -4.423400e-002 -3.540160e-001
1.173170e+000 -8.891000e-002 -3.853330e-001
1.175190e+000 -8.309400e-002 -4.129800e-001
1.175320e+000 -3.431100e-002 -4.150600e-001
1.175830e+000 -1.935100e-002 -3.970660e-001
1.175940e+000 -2.727900e-002 -4.092710e-001
1.176050e+000 -8.417300e-002 -3.732250e-001
1.176210e+000 -8.973700e-002 -3.930250e-001
1.176470e+000 -6.695400e-002 -3.540310e-001
1.177580e+000 -8.653300e-002 -4.077590e-001
1.178000e+000 -2.566000e-002 -3.568170e-001
1.178860e+000 -6.575500e-002 -4.225100e-001
1.179580e+000 -8.901000e-002 -3.984600e-001
1.179640e+000 -1.761600e-002 -3.633530e-001
1.180280e+000 -7.668300e-002 -4.172780e-001
1.180280e+000 -5.864300e-002 -4.227380e-001
1.180400e+000 -4.883700e-002 -3.487130e-001
1.182140e+000 -7.154500e-002 -3.559830e-001
1.182570e+000 -7.887000e-002 -3.640610e-001
1.183300e+000 -3.714800e-002 -4.174700e-001
1.183420e+000 -3.380700e-002 -3.490660e-001
1.184990e+000 -8.554800e-002 -3.781120e-001
1.185860e+000 -1.015000e-002 -3.714700e-001
1.186030e+000 -1.832700e-002 -4.029040e-001
1.186890e+000 -5.672500e-002 -3.470080e-001
1.188210e+000 -4.149800e-002 -3.449320e-001
1.189560e+000 -9.289000e-003 -3.651900e-001
1.189800e+000 -1.195400e-002 -3.594840e-001
1.191160e+000 -3.326000e-002 -3.443280e-001
1.191240e+000 -6.737200e-002 -4.193180e-001
1.191650e+000 -8.589800e-002 -4.007980e-001
1.192910e+000 -8.302800e-002 -3.704730e-001
1.193400e+000 -8.707600e-002 -3.867250e-001
1.194600e+000 -4.736000e-003 -3.750730e-001
1.194950e+000 -7.938000e-002 -3.631150e-001
1.195300e+000 -7.979500e-002 -4.094560e-001
1.195690e+000 -8.206000e-003 -3.926510e-001
1.198180e+000 -1.188800e-002 -3.505440e-001
1.198410e+000 -7.065300e-002 -3.518160e-001
1.198520e+000 -8.307000e-002 -4.036600e-001
1.198590e+000 -3.995100e-002 -4.184030e-001
1.199910e+000 -5.732400e-002 -4.197030e-001
1.199950e+000 -1.984900e-002 -4.090090e-001
1.200690e+000 -4.974000e-002 -3.405370e-001
1.202720e+000 -5.739000e-002 -3.419380e-001
1.202770e+000 -4.018000e-003 -3.568100e-001
1.203080e+000 -3.905400e-002 -3.385150e-001
1.203940e+000 -3.910000e-004 -3.807790e-001
1.204290e+000 -6.344100e-002 -3.446340e-001
1.204380e+000 -8.591100e-002 -3.884980e-001
1.205020e+000 -1.430000e-004 -3.655830e-001
1.205610e+000 -6.665900e-002 -4.158850e-001
1.205680e+000 -1.812600e-002 -3.402730e-001
1.205900e+000 -2.635900e-002 -3.377630e-001
1.206180e+000 -7.817200e-002 -3.583500e-001
1.206420e+000 -8.641000e-003 -4.002850e-001
1.206810e+000 -7.619100e-002 -4.088470e-001
1.208030e+000 -2.106900e-002 -4.113660e-001
1.208940e+000 -5.030000e-004 -3.880740e-001
1.209840e+000 3.034000e-003 -3.738300e-001
1.211200e+000 -8.259000e-002 -3.666800e-001
1.212240e+000 -6.754000e-003 -3.446170e-001
1.213470e+000 -8.178500e-002 -3.979350e-001
1.214010e+000 -5.942900e-002 -4.162640e-001
1.214110e+000 -4.130300e-002 -4.170850e-001
1.215380e+000 -7.171500e-002 -3.490980e-001
1.215690e+000 -3.246000e-002 -3.339140e-001
1.216020e+000 -4.876500e-002 -3.354510e-001
1.216020e+000 4.664000e-003 -3.605970e-001
1.217160e+000 -6.883400e-002 -4.111850e-001
1.217910e+000 -1.525700e-002 -3.353060e-001
1.217910e+000 -1.024500e-002 -4.051510e-001
1.219710e+000 -8.292300e-002 -3.683370e-001
1.220050e+000 -5.096000e-002 -4.160680e-001
1.220120e+000 3.099000e-003 -3.513290e-001
1.220580e+000 2.085000e-003 -3.914560e-001
1.220800e+000 -2.057300e-002 -4.118070e-001
1.220810e+000 -8.269900e-002 -3.911040e-001
1.220970e+000 -3.166000e-002 -4.150390e-001
1.221760e+000 -4.108200e-002 -3.327880e-001
1.222840e+000 -7.903800e-002 -3.987490e-001
1.223030e+000 -6.187200e-002 -3.398090e-001
1.223620e+000 -5.341600e-002 -3.350370e-001
1.224350e+000 -1.745500e-002 -3.320240e-001
1.224490e+000 -6.226300e-002 -4.123200e-001
1.224740e+000 -6.745000e-003 -3.364780e-001
1.224830e+000 -8.013300e-002 -3.594300e-001
1.226070e+000 -7.603100e-002 -3.525960e-001
1.226270e+000 9.899000e-003 -3.622220e-001
1.226950e+000 9.126000e-003 -3.799820e-001
1.227280e+000 -1.032800e-002 -4.066690e-001
1.227850e+000 1.493000e-003 -3.955950e-001
1.228110e+000 -7.182100e-002 -4.047680e-001
1.228340e+000 1.129700e-002 -3.707080e-001
1.229870e+000 6.600000e-005 -3.391320e-001
1.231670e+000 -8.180400e-002 -3.834630e-001
1.232780e+000 -7.043100e-002 -3.457970e-001
1.232800e+000 -7.361000e-003 -3.316910e-001
1.232870e+000 -1.934700e-002 -3.294690e-001
1.234480e+000 -3.390700e-002 -4.132760e-001
1.234750e+000 6.811000e-003 -3.442270e-001
1.235350e+000 -4.630500e-002 -3.304070e-001
1.235960e+000 -6.411800e-002 -4.068800e-001
1.236960e+000 -2.600000e-004 -3.350370e-001
1.237250e+000 1.193500e-002 -3.521720e-001
1.237880e+000 -3.141800e-002 -3.281410e-001
1.238710e+000 1.173600e-002 -3.828350e-001
1.239580e+000 -8.083500e-002 -3.686220e-001
1.239580e+000 -6.137100e-002 -3.367790e-001
1.240190e+000 -3.801000e-003 -3.312920e-001
1.240450e+000 -4.269400e-002 -4.116650e-001
1.241410e+000 -5.285100e-002 -4.096140e-001
1.241580e+000 -1.942700e-002 -4.096940e-001
1.242130e+000 -1.371700e-002 -4.078910e-001
1.242860e+000 -2.630000e-004 -4.004630e-001
1.242900e+000 -5.333100e-002 -3.314590e-001
1.243410e+000 -7.820500e-002 -3.857980e-001
1.243700e+000 -7.860900e-002 -3.601130e-001
1.244810e+000 -9.640000e-003 -3.272430e-001
1.245890e+000 1.634200e-002 -3.742560e-001
1.246160e+000 -3.815000e-003 -4.026790e-001
1.248330e+000 1.096400e-002 -3.884930e-001
1.250080e+000 -7.325500e-002 -3.495620e-001
1.250310e+000 1.907700e-002 -3.661300e-001
1.251270e+000 7.811000e-003 -3.934590e-001
1.251670e+000 -6.896200e-002 -3.430890e-001
1.252860e+000 -7.833100e-002 -3.700620e-001
1.253850e+000 -2.840100e-002 -4.084090e-001
1.253930e+000 6.902000e-003 -3.331030e-001
1.254180e+000 -3.904100e-002 -4.080060e-001
1.254250e+000 -5.394900e-002 -4.042250e-001
1.254850e+000 -3.985600e-002 -3.252360e-001
1.255280e+000 2.064600e-002 -3.586690e-001
1.255920e+000 1.529700e-002 -3.410500e-001
1.256750e+000 -6.234200e-002 -3.976740e-001
1.256890e+000 -1.943900e-002 -3.237480e-001
1.257250e+000 -5.633000e-003 -3.248880e-001
1.257570e+000 -6.370100e-002 -3.359190e-001
1.257700e+000 -3.299000e-002 -3.239200e-001
1.259480e+000 1.933000e-003 -3.268440e-001
1.260040e+000 1.662500e-002 -3.835240e-001
1.261720e+000 -1.726700e-002 -4.047300e-001
1.261910e+000 -7.161900e-002 -3.846810e-001
1.263530e+000 2.168200e-002 -3.741400e-001
1.263770e+000 2.199600e-002 -3.481890e-001
1.264250e+000 -9.648000e-003 -4.022780e-001
1.264610e+000 1.335900e-002 -3.322790e-001
1.265600e+000 -1.010200e-002 -3.217300e-001
1.266080e+000 -6.628400e-002 -3.888980e-001
1.266360e+000 -3.992400e-002 -4.036980e-001
1.267080e+000 -2.880800e-002 -4.047260e-001
1.267090e+000 -2.330800e-002 -3.216250e-001
1.267180e+000 6.081000e-003 -3.252150e-001
1.267700e+000 -3.780000e-003 -3.213630e-001
1.267910e+000 -5.877100e-002 -3.300350e-001
1.267950e+000 -7.356800e-002 -3.541320e-001
1.268130e+000 2.023200e-002 -3.394410e-001
1.268940e+000 -5.169400e-002 -3.986190e-001
1.269270e+000 2.485500e-002 -3.642620e-001
1.270080e+000 -7.430900e-002 -3.599360e-001
1.270550e+000 -2.522000e-003 -3.983560e-001
1.271360e+000 -5.006600e-002 -3.249720e-001
1.271880e+000 -7.397700e-002 -3.686030e-001
1.272050e+000 3.368000e-003 -3.954080e-001
1.272580e+000 2.135500e-002 -3.770740e-001
1.272590e+000 1.620800e-002 -3.845720e-001
1.273890e+000 -7.155900e-002 -3.752370e-001
1.274470e+000 2.577500e-002 -3.549410e-001
1.275960e+000 -4.217500e-002 -3.994190e-001
1.277600e+000 -2.950000e-004 -3.168900e-001
1.277850e+000 -3.867800e-002 -3.206710e-001
1.277920e+000 -1.688700e-002 -3.184060e-001
1.277920e+000 1.329600e-002 -3.238080e-001
1.278180e+000 -6.946500e-002 -3.413550e-001
1.278580e+000 -6.764800e-002 -3.792520e-001
1.279140e+000 2.470600e-002 -3.697880e-001
1.279990e+000 8.730000e-003 -3.909380e-001
1.280660e+000 6.341000e-003 -3.177490e-001
1.280830e+000 2.584100e-002 -3.455760e-001
1.280950e+000 -4.899000e-003 -3.156730e-001
1.283360e+000 2.333700e-002 -3.361910e-001
1.283950e+000 -5.756300e-002 -3.265090e-001
1.285280e+000 2.073300e-002 -3.776860e-001
1.285430e+000 -6.624900e-002 -3.349820e-001
1.287240e+000 -6.215500e-002 -3.297890e-001
1.287520e+000 2.701700e-002 -3.631230e-001
1.289170e+000 -2.039900e-002 -3.998930e-001
1.289230e+000 -7.045200e-002 -3.442840e-001
1.289800e+000 -3.181500e-002 -3.987900e-001
1.290060e+000 -1.280300e-002 -3.982210e-001
1.291010e+000 -5.618100e-002 -3.849210e-001
1.291350e+000 -4.883300e-002 -3.895370e-001
1.292580e+000 -2.613200e-002 -3.991330e-001
1.292620e+000 1.834200e-002 -3.797370e-001
1.293050e+000 -7.104000e-002 -3.543290e-001
1.293350e+000 -6.825200e-002 -3.678930e-001
1.293500e+000 -6.338200e-002 -3.764140e-001
1.294220e+000 -3.665300e-002 -3.948570e-001
1.294290e+000 -7.030500e-002 -3.603530e-001
1.294710e+000 -6.794800e-002 -3.391740e-001
1.295180e+000 1.253800e-002 -3.855710e-001
1.296600e+000 3.459000e-003 -3.912980e-001
1.300180e+000 2.440600e-002 -3.715140e-001
1.301920e+000 -1.243700e-002 -3.962680e-001
1.302140e+000 -6.815900e-002 -3.452460e-001
1.305990e+000 -2.809300e-002 -3.939350e-001
1.306490e+000 -5.711000e-002 -3.754770e-001
1.308420e+000 -6.603800e-002 -3.587780e-001
1.309760e+000 -6.264800e-002 -3.663040e-001
1.310150e+000 1.187500e-002 -3.865270e-001
1.310650e+000 -4.759300e-002 -3.799190e-001
1.311140e+000 -1.614200e-002 -3.942780e-001
1.313220e+000 -2.432900e-002 -3.917270e-001
1.313790e+000 -2.380000e-004 -3.912190e-001
1.315000e+000 -3.061300e-002 -3.878850e-001
