9.974100e-002 8.858900e-002 -1.626750e-001
1.005780e-001 8.848600e-002 -1.656410e-001
1.038070e-001 7.418200e-002 -1.851190e-001
1.041220e-001 8.328900e-002 -1.562740e-001
1.042510e-001 7.788400e-002 -1.772040e-001
1.048040e-001 7.274800e-002 -2.048710e-001
1.063690e-001 7.151700e-002 -1.521710e-001
1.072160e-001 6.553700e-002 -2.117480e-001
1.077290e-001 5.834100e-002 -1.510700e-001
1.091930e-001 6.069500e-002 -2.139940e-001
1.107020e-001 7.440400e-002 -1.891700e-001
1.114160e-001 7.386900e-002 -1.974530e-001
1.116230e-001 2.967000e-002 -1.486370e-001
1.121440e-001 7.110700e-002 -2.033210e-001
1.123870e-001 6.680000e-002 -2.084190e-001
1.129670e-001 8.151000e-002 -1.718350e-001
1.138450e-001 8.608100e-002 -1.612380e-001
1.148790e-001 7.476500e-002 -1.784420e-001
1.167980e-001 8.201800e-002 -1.563960e-001
1.179210e-001 8.402500e-002 -1.666530e-001
1.183550e-001 7.652500e-002 -1.517980e-001
1.187080e-001 4.782900e-002 -2.121970e-001
1.188600e-001 8.453300e-002 -1.611740e-001
1.196520e-001 3.434000e-002 -1.490350e-001
1.211690e-001 -3.021000e-003 -1.687690e-001
1.217760e-001 4.319700e-002 -1.489860e-001
1.229340e-001 7.017000e-002 -1.959980e-001
1.230780e-001 -5.155000e-003 -1.759300e-001
1.232840e-001 6.022000e-003 -2.098450e-001
1.236620e-001 7.270200e-002 -1.895010e-001
1.236630e-001 1.637200e-002 -1.527400e-001
1.246720e-001 2.544800e-002 -1.498960e-001
1.247790e-001 2.943100e-002 -2.145080e-001
1.247860e-001 -2.496000e-003 -2.011050e-001
1.260800e-001 6.495300e-002 -1.998200e-001
1.262110e-001 8.368000e-002 -1.629730e-001
1.267720e-001 5.772000e-003 -1.598920e-001
1.271190e-001 4.917500e-002 -2.079250e-001
1.271840e-001 8.307600e-002 -1.586400e-001
1.279400e-001 1.473100e-002 -2.131480e-001
1.283580e-001 6.425600e-002 -1.463860e-001
1.287140e-001 5.772400e-002 -2.034620e-001
1.290590e-001 2.021700e-002 -2.141440e-001
1.292650e-001 -4.526000e-003 -1.826910e-001
1.294340e-001 3.368900e-002 -2.129030e-001
1.296290e-001 5.573800e-002 -1.457990e-001
1.299950e-001 1.666000e-003 -2.035360e-001
1.303270e-001 -3.018000e-003 -1.956470e-001
1.306600e-001 7.374900e-002 -1.490160e-001
1.307670e-001 7.885900e-002 -1.535840e-001
1.311650e-001 1.582700e-002 -1.538370e-001
1.326120e-001 6.787900e-002 -1.948880e-001
1.330950e-001 3.493800e-002 -1.480410e-001
1.342620e-001 4.021700e-002 -2.092650e-001
1.345130e-001 2.574500e-002 -1.498300e-001
1.360950e-001 4.200000e-005 -1.696400e-001
1.361600e-001 3.813000e-003 -1.637640e-001
1.364560e-001 2.470100e-002 -2.125270e-001
1.369410e-001 5.501400e-002 -2.009310e-001
1.370270e-001 7.727100e-002 -1.723320e-001
1.372580e-001 7.416100e-002 -1.781600e-001
1.378990e-001 6.550000e-004 -1.987850e-001
1.383690e-001 9.555000e-003 -2.072950e-001
1.385690e-001 6.882900e-002 -1.918630e-001
1.385850e-001 8.171600e-002 -1.606270e-001
1.392040e-001 -2.472000e-003 -1.884960e-001
1.408310e-001 3.426000e-003 -2.004540e-001
1.418280e-001 -1.813000e-003 -1.761460e-001
1.424290e-001 3.711100e-002 -2.071400e-001
1.425830e-001 1.154100e-002 -1.563210e-001
1.435920e-001 2.013600e-002 -1.506810e-001
1.439220e-001 6.245600e-002 -1.957420e-001
1.454920e-001 1.840000e-004 -1.701900e-001
1.465170e-001 7.221300e-002 -1.838850e-001
1.468160e-001 1.758900e-002 -2.094430e-001
1.473900e-001 5.673000e-003 -2.011100e-001
1.489880e-001 3.114900e-002 -1.455690e-001
1.490810e-001 2.342000e-002 -2.097960e-001
1.492160e-001 4.943100e-002 -2.005940e-001
1.494250e-001 7.883900e-002 -1.669150e-001
1.497150e-001 2.937800e-002 -2.087280e-001
1.501670e-001 7.765300e-002 -1.547340e-001
1.511650e-001 6.058500e-002 -1.425430e-001
1.511840e-001 7.076000e-003 -1.602080e-001
1.513060e-001 6.967800e-002 -1.879950e-001
1.515080e-001 7.441600e-002 -1.761820e-001
1.518520e-001 6.804500e-002 -1.454150e-001
1.521790e-001 1.341300e-002 -2.063120e-001
1.526840e-001 7.427800e-002 -1.502400e-001
1.527450e-001 1.435000e-003 -1.925770e-001
1.529120e-001 1.444000e-003 -1.696790e-001
1.539680e-001 5.172700e-002 -1.409210e-001
1.548380e-001 4.400000e-005 -1.776780e-001
1.548600e-001 7.922300e-002 -1.623210e-001
1.568930e-001 2.463900e-002 -2.083420e-001
1.570570e-001 4.722000e-002 -2.002000e-001
1.597010e-001 4.222100e-002 -1.405960e-001
1.597630e-001 2.882500e-002 -2.073110e-001
1.601850e-001 9.845000e-003 -2.031320e-001
1.602160e-001 6.264100e-002 -1.931340e-001
1.607470e-001 1.870200e-002 -2.075230e-001
1.619800e-001 5.361000e-003 -1.986100e-001
1.631700e-001 3.000000e-004 -1.818830e-001
1.634510e-001 7.244900e-002 -1.806060e-001
1.636050e-001 1.337000e-003 -1.896590e-001
1.636210e-001 1.457300e-002 -1.517000e-001
1.639790e-001 7.692300e-002 -1.695390e-001
1.647330e-001 3.584900e-002 -2.048180e-001
1.665420e-001 2.964200e-002 -1.424430e-001
1.675800e-001 3.412000e-003 -1.652840e-001
1.682900e-001 7.732300e-002 -1.571740e-001
1.694330e-001 6.657000e-003 -1.596030e-001
1.705970e-001 6.649200e-002 -1.885420e-001
1.718070e-001 2.070100e-002 -2.073180e-001
1.718900e-001 1.227300e-002 -2.042380e-001
1.733950e-001 2.019800e-002 -1.458870e-001
1.747030e-001 5.168700e-002 -1.362050e-001
1.748870e-001 5.888600e-002 -1.938420e-001
1.759270e-001 2.561300e-002 -2.070710e-001
1.778350e-001 4.740000e-004 -1.841090e-001
1.782540e-001 6.977800e-002 -1.828730e-001
1.792720e-001 3.891500e-002 -2.026800e-001
1.797620e-001 6.883000e-003 -1.999070e-001
1.804210e-001 2.420000e-003 -1.923300e-001
1.806280e-001 1.549100e-002 -2.056400e-001
1.821340e-001 4.494400e-002 -1.346990e-001
1.822700e-001 1.016200e-002 -1.528320e-001
1.824500e-001 9.841000e-003 -2.032350e-001
1.835880e-001 1.559000e-003 -1.674780e-001
1.838140e-001 3.168700e-002 -2.054430e-001
1.841270e-001 6.361600e-002 -1.400650e-001
1.845480e-001 7.574800e-002 -1.686160e-001
1.846570e-001 3.823200e-002 -1.351270e-001
1.848840e-001 -7.700000e-005 -1.752520e-001
1.849110e-001 4.908600e-002 -1.972080e-001
1.855750e-001 7.286100e-002 -1.757840e-001
1.859460e-001 5.532800e-002 -1.354650e-001
1.875210e-001 6.744200e-002 -1.427190e-001
1.877330e-001 2.936200e-002 -1.372000e-001
1.889100e-001 5.904000e-003 -1.565560e-001
1.913160e-001 7.406000e-002 -1.523350e-001
1.918130e-001 7.112700e-002 -1.472130e-001
1.938390e-001 7.587400e-002 -1.618360e-001
1.943480e-001 5.715400e-002 -1.935880e-001
1.945000e-001 4.665400e-002 -1.320460e-001
1.950370e-001 6.128500e-002 -1.907360e-001
1.955500e-001 1.506000e-003 -1.918510e-001
1.956560e-001 1.969600e-002 -1.405580e-001
1.960230e-001 1.215800e-002 -1.469830e-001
1.961820e-001 2.431400e-002 -2.069730e-001
1.969520e-001 4.601000e-003 -1.977590e-001
1.979590e-001 -1.157000e-003 -1.837410e-001
1.981150e-001 3.495200e-002 -2.042230e-001
2.004410e-001 7.152100e-002 -1.761660e-001
2.008920e-001 8.442000e-003 -2.022000e-001
2.009530e-001 1.392500e-002 -2.054640e-001
2.014150e-001 1.271000e-003 -1.598780e-001
2.018290e-001 5.151100e-002 -1.318730e-001
2.019900e-001 2.713800e-002 -1.342550e-001
2.022330e-001 4.805200e-002 -1.979970e-001
2.031980e-001 6.618700e-002 -1.849010e-001
2.062850e-001 7.417700e-002 -1.676480e-001
2.071570e-001 1.990300e-002 -2.067730e-001
2.075800e-001 1.589300e-002 -1.390690e-001
2.081390e-001 -5.700000e-004 -1.904120e-001
2.087720e-001 -3.288000e-003 -1.771130e-001
2.105170e-001 4.149000e-003 -1.507250e-001
2.114940e-001 6.129000e-002 -1.351980e-001
2.118820e-001 -1.961000e-003 -1.635040e-001
2.123350e-001 1.093700e-002 -2.037860e-001
2.131900e-001 -3.146000e-003 -1.840610e-001
2.141040e-001 3.222600e-002 -2.058820e-001
2.145540e-001 5.631700e-002 -1.320030e-001
2.147190e-001 4.832000e-003 -1.988840e-001
2.150110e-001 3.883800e-002 -2.033900e-001
2.156060e-001 1.484700e-002 -2.056070e-001
2.157870e-001 5.574700e-002 -1.938420e-001
2.171240e-001 2.198100e-002 -2.068590e-001
2.171700e-001 6.711000e-002 -1.399020e-001
2.172910e-001 3.556400e-002 -1.276570e-001
2.185350e-001 4.765200e-002 -1.989700e-001
2.185910e-001 9.351000e-003 -1.405150e-001
2.199750e-001 4.800000e-005 -1.532580e-001
2.204970e-001 1.867100e-002 -1.323800e-001
2.209450e-001 -1.937000e-003 -1.903230e-001
2.210480e-001 2.614300e-002 -1.287540e-001
2.217530e-001 -4.132000e-003 -1.667160e-001
2.223850e-001 7.418600e-002 -1.574170e-001
2.225490e-001 6.465600e-002 -1.855410e-001
2.243580e-001 -5.420000e-003 -1.797640e-001
2.246810e-001 1.543000e-003 -1.961020e-001
2.250800e-001 4.010500e-002 -1.256590e-001
2.255100e-001 8.641000e-003 -2.028750e-001
2.262300e-001 7.016100e-002 -1.764200e-001
2.263970e-001 1.402800e-002 -2.051050e-001
2.267660e-001 7.276400e-002 -1.505650e-001
2.271310e-001 7.368500e-002 -1.638150e-001
2.271950e-001 2.551000e-002 -2.065290e-001
2.285180e-001 4.637800e-002 -1.260210e-001
2.285800e-001 7.225600e-002 -1.709410e-001
2.306480e-001 7.083000e-002 -1.455020e-001
2.306700e-001 3.176100e-002 -2.050320e-001
2.318530e-001 1.484400e-002 -1.299820e-001
2.321680e-001 1.923800e-002 -2.061490e-001
2.328290e-001 -4.634000e-003 -1.872550e-001
2.335800e-001 1.039800e-002 -2.034920e-001
2.363170e-001 -7.657000e-003 -1.752480e-001
2.364980e-001 2.048600e-002 -1.259100e-001
2.383870e-001 -3.537000e-003 -1.904420e-001
2.384540e-001 -7.586000e-003 -1.657320e-001
2.385510e-001 6.635700e-002 -1.381190e-001
2.388410e-001 1.039000e-003 -1.407600e-001
2.390440e-001 3.081000e-002 -1.228380e-001
2.400200e-001 2.702000e-003 -1.981910e-001
2.402720e-001 -5.599000e-003 -1.549920e-001
2.409550e-001 -8.178000e-003 -1.805230e-001
2.434220e-001 7.371000e-002 -1.573050e-001
2.435620e-001 6.789000e-003 -1.316600e-001
2.439860e-001 -6.825000e-003 -1.857730e-001
2.444600e-001 5.127000e-002 -1.951050e-001
2.447890e-001 6.124900e-002 -1.319490e-001
2.453240e-001 7.045200e-002 -1.740520e-001
2.455560e-001 -2.108000e-003 -1.946470e-001
2.456420e-001 6.406300e-002 -1.833020e-001
2.459050e-001 3.603500e-002 -1.211890e-001
2.467700e-001 2.103200e-002 -2.057860e-001
2.478500e-001 5.588000e-002 -1.272820e-001
2.484450e-001 6.832900e-002 -1.394360e-001
2.496010e-001 -4.127000e-003 -1.433730e-001
2.498210e-001 7.339100e-002 -1.651270e-001
2.498750e-001 1.454900e-002 -2.046580e-001
2.499910e-001 5.590600e-002 -1.912450e-001
2.503330e-001 2.684700e-002 -2.052440e-001
2.512520e-001 4.568500e-002 -1.219350e-001
2.518920e-001 6.604700e-002 -1.816150e-001
2.521050e-001 2.288800e-002 -1.206760e-001
2.521330e-001 -1.957000e-003 -1.962110e-001
2.529210e-001 -7.942000e-003 -1.871320e-001
2.535870e-001 -1.052000e-002 -1.805200e-001
2.540830e-001 3.854200e-002 -2.016080e-001
2.545570e-001 2.325000e-003 -2.001050e-001
2.554580e-001 1.468100e-002 -1.224510e-001
2.559320e-001 7.232800e-002 -1.472220e-001
2.566110e-001 -1.197200e-002 -1.732290e-001
2.580020e-001 1.626800e-002 -2.053270e-001
2.589650e-001 3.657600e-002 -1.180710e-001
2.592610e-001 -8.300000e-005 -1.317480e-001
2.594140e-001 6.782000e-003 -2.030710e-001
2.619900e-001 6.994000e-002 -1.753140e-001
2.635020e-001 1.961000e-003 -1.999890e-001
2.638790e-001 6.932800e-002 -1.391200e-001
2.643820e-001 9.755000e-003 -2.040460e-001
2.646960e-001 4.121000e-003 -1.252610e-001
2.651240e-001 -8.482000e-003 -1.896970e-001
2.654900e-001 4.541400e-002 -1.977020e-001
2.674960e-001 5.656700e-002 -1.238560e-001
2.677030e-001 7.340100e-002 -1.660950e-001
2.680370e-001 4.642200e-002 -1.181560e-001
2.681820e-001 -1.426000e-002 -1.679780e-001
2.681930e-001 7.437900e-002 -1.577520e-001
2.683810e-001 3.178200e-002 -2.033370e-001
2.685100e-001 6.233900e-002 -1.288890e-001
2.694070e-001 -3.344000e-003 -1.969460e-001
2.695650e-001 -1.318900e-002 -1.804810e-001
2.717320e-001 2.748400e-002 -1.143500e-001
2.717420e-001 6.498500e-002 -1.824170e-001
2.717940e-001 2.290200e-002 -2.047990e-001
2.723810e-001 5.787000e-002 -1.894220e-001
2.745200e-001 -1.094000e-002 -1.418850e-001
2.745360e-001 -1.100800e-002 -1.879710e-001
2.746720e-001 7.395100e-002 -1.492790e-001
2.748410e-001 5.994000e-003 -2.031330e-001
2.754400e-001 -8.480000e-004 -2.001110e-001
2.755100e-001 6.191000e-003 -1.194900e-001
2.759830e-001 -1.496900e-002 -1.584930e-001
2.764930e-001 3.680700e-002 -1.128080e-001
2.790700e-001 -8.859000e-003 -1.333100e-001
2.792280e-001 1.806100e-002 -1.133880e-001
2.795680e-001 -6.950000e-003 -1.946970e-001
2.799110e-001 -1.631200e-002 -1.772910e-001
2.808500e-001 4.967800e-002 -1.952250e-001
2.815940e-001 6.160900e-002 -1.242410e-001
2.819730e-001 1.122300e-002 -1.148310e-001
2.825790e-001 6.854400e-002 -1.333860e-001
2.839260e-001 -1.332000e-002 -1.874810e-001
2.840020e-001 2.416000e-003 -2.024380e-001
2.855790e-001 -6.963000e-003 -1.965910e-001
2.856580e-001 -1.838500e-002 -1.693190e-001
2.860880e-001 7.220000e-003 -2.041250e-001
2.862430e-001 1.484600e-002 -2.053910e-001
2.888380e-001 2.196700e-002 -1.089060e-001
2.895070e-001 6.914400e-002 -1.764360e-001
2.904730e-001 -1.840000e-002 -1.783710e-001
2.906170e-001 -1.830100e-002 -1.572020e-001
2.930780e-001 3.806100e-002 -2.009190e-001
2.933450e-001 3.065000e-002 -2.030360e-001
2.936540e-001 -9.713000e-003 -1.946050e-001
2.938830e-001 -5.591000e-003 -1.205480e-001
2.939510e-001 4.964000e-003 -2.041450e-001
2.949750e-001 -1.959000e-003 -2.007680e-001
2.965640e-001 1.032100e-002 -2.049920e-001
2.975370e-001 7.261100e-002 -1.695570e-001
2.977480e-001 7.260300e-002 -1.379180e-001
2.983850e-001 1.369000e-003 -1.131220e-001
2.987380e-001 -1.876300e-002 -1.823390e-001
2.993360e-001 -1.588800e-002 -1.883410e-001
3.002360e-001 6.436600e-002 -1.213580e-001
3.014270e-001 -1.809600e-002 -1.376610e-001
3.018390e-001 -2.231300e-002 -1.713290e-001
3.021170e-001 -1.133900e-002 -1.951930e-001
3.022030e-001 -1.113300e-002 -1.223950e-001
3.022600e-001 7.581300e-002 -1.534860e-001
3.026110e-001 4.718200e-002 -1.964020e-001
3.031420e-001 -2.186000e-003 -2.017290e-001
3.043560e-001 7.505100e-002 -1.447380e-001
3.044760e-001 4.610100e-002 -1.052710e-001
3.045830e-001 4.024100e-002 -1.032170e-001
3.055000e-001 5.648600e-002 -1.902930e-001
3.083650e-001 -2.363500e-002 -1.622490e-001
3.084910e-001 1.562700e-002 -2.049840e-001
3.085300e-001 6.774500e-002 -1.792710e-001
3.098260e-001 3.012400e-002 -9.993100e-002
3.101260e-001 -1.265200e-002 -1.949320e-001
3.106480e-001 -1.960900e-002 -1.856050e-001
3.106630e-001 -3.441000e-003 -2.015950e-001
3.113970e-001 5.788000e-002 -1.108080e-001
3.114200e-001 7.582300e-002 -1.604270e-001
3.117690e-001 2.873500e-002 -2.033280e-001
3.140420e-001 7.125100e-002 -1.736950e-001
3.152400e-001 -1.145000e-003 -2.031890e-001
3.155850e-001 -1.665900e-002 -1.234730e-001
3.179230e-001 4.257800e-002 -1.989910e-001
3.180900e-001 -1.286900e-002 -1.974240e-001
3.181710e-001 5.366100e-002 -1.049880e-001
3.183610e-001 -4.549000e-003 -1.081780e-001
3.184250e-001 1.872800e-002 -9.748600e-002
3.191690e-001 -2.586800e-002 -1.751390e-001
3.206030e-001 7.003800e-002 -1.237220e-001
3.206640e-001 -2.699700e-002 -1.680730e-001
3.209080e-001 -1.087300e-002 -1.134430e-001
3.211450e-001 5.239000e-003 -2.050400e-001
3.212970e-001 3.959000e-003 -1.015450e-001
3.214300e-001 1.121400e-002 -9.827600e-002
3.216070e-001 7.705300e-002 -1.467340e-001
3.218650e-001 3.441500e-002 -2.020210e-001
3.220000e-001 -9.167000e-003 -2.010700e-001
3.227580e-001 6.395600e-002 -1.845870e-001
3.227700e-001 -1.094300e-002 -1.985160e-001
3.231100e-001 -2.379800e-002 -1.836250e-001
3.241390e-001 6.751000e-002 -1.805290e-001
3.246380e-001 3.886700e-002 -9.628400e-002
3.257830e-001 7.559300e-002 -1.360340e-001
3.263040e-001 -2.225700e-002 -1.277770e-001
3.264690e-001 -2.012000e-003 -2.038080e-001
3.265830e-001 -9.338000e-003 -2.010570e-001
3.269460e-001 -2.807300e-002 -1.570400e-001
3.271280e-001 6.047900e-002 -1.087010e-001
3.272370e-001 4.617600e-002 -1.975200e-001
3.278080e-001 -2.552400e-002 -1.383540e-001
3.278080e-001 7.595800e-002 -1.640770e-001
3.288950e-001 1.171700e-002 -2.051620e-001
3.289110e-001 7.797000e-002 -1.521090e-001
3.289310e-001 -2.011500e-002 -1.906860e-001
3.306580e-001 -1.659000e-002 -1.959260e-001
3.314680e-001 4.522400e-002 -9.681800e-002
3.314900e-001 6.579300e-002 -1.136310e-001
3.316130e-001 2.236200e-002 -9.268600e-002
3.318470e-001 2.965800e-002 -9.274200e-002
3.320580e-001 2.573900e-002 -2.041030e-001
3.328990e-001 -2.921200e-002 -1.748710e-001
3.345330e-001 -2.621900e-002 -1.841700e-001
3.359040e-001 -6.828000e-003 -2.033110e-001
3.366460e-001 -1.779100e-002 -1.137120e-001
3.367980e-001 -1.206600e-002 -2.010370e-001
3.370550e-001 3.756700e-002 -2.015320e-001
3.371700e-001 4.362000e-003 -9.511500e-002
3.373320e-001 -1.566200e-002 -1.978680e-001
3.389990e-001 -1.240400e-002 -1.062160e-001
3.396370e-001 7.464900e-002 -1.287250e-001
3.402830e-001 5.966000e-002 -1.889920e-001
3.408250e-001 -5.756000e-003 -9.974900e-002
3.412090e-001 5.730000e-004 -2.056660e-001
3.414340e-001 -3.224600e-002 -1.639330e-001
3.414560e-001 5.369300e-002 -9.952700e-002
3.421780e-001 1.476400e-002 -9.091100e-002
3.431880e-001 -2.489400e-002 -1.902910e-001
3.436150e-001 7.001800e-002 -1.774380e-001
3.440450e-001 5.304600e-002 -1.941170e-001
3.444670e-001 7.867700e-002 -1.426770e-001
3.444840e-001 7.158200e-002 -1.195230e-001
3.446190e-001 4.274900e-002 -9.339300e-002
3.469830e-001 -2.826200e-002 -1.300270e-001
3.471070e-001 9.128000e-003 -9.091700e-002
3.485000e-001 -1.356400e-002 -2.013140e-001
3.486660e-001 5.903300e-002 -1.026980e-001
3.486810e-001 1.692000e-002 -2.060350e-001
3.486870e-001 2.350500e-002 -8.896500e-002
3.486890e-001 -3.367900e-002 -1.731910e-001
3.488510e-001 -3.014800e-002 -1.842140e-001
3.492890e-001 5.068100e-002 -9.649600e-002
3.494290e-001 7.602400e-002 -1.670500e-001
3.496700e-001 7.866700e-002 -1.579980e-001
3.499630e-001 3.317500e-002 -8.987400e-002
3.502130e-001 7.923900e-002 -1.529390e-001
3.507110e-001 6.649100e-002 -1.104340e-001
3.519040e-001 5.870000e-004 -9.275100e-002
3.531530e-001 6.621200e-002 -1.825350e-001
3.535090e-001 4.241800e-002 -2.003680e-001
3.540920e-001 -6.059000e-003 -2.050610e-001
3.541070e-001 3.016900e-002 -2.047290e-001
3.549620e-001 -2.366500e-002 -1.955890e-001
3.551230e-001 -2.527300e-002 -1.166440e-001
3.564290e-001 -1.482800e-002 -1.015610e-001
3.564820e-001 -1.609600e-002 -2.015130e-001
3.568300e-001 -3.617500e-002 -1.632650e-001
3.568350e-001 3.693000e-003 -2.063650e-001
3.572280e-001 -3.452700e-002 -1.498560e-001
3.575660e-001 1.612600e-002 -8.767000e-002
3.581420e-001 7.765800e-002 -1.350860e-001
3.590980e-001 5.680500e-002 -1.918900e-001
3.599640e-001 -1.089000e-002 -2.042480e-001
3.605540e-001 -2.205200e-002 -1.082380e-001
3.611120e-001 7.455500e-002 -1.242090e-001
3.623900e-001 4.956500e-002 -1.968790e-001
3.627780e-001 -3.181100e-002 -1.880860e-001
3.636100e-001 7.205700e-002 -1.180270e-001
3.639700e-001 -3.595600e-002 -1.807850e-001
3.639860e-001 3.236800e-002 -2.042920e-001
3.643000e-001 7.939000e-002 -1.461710e-001
3.645400e-001 6.832400e-002 -1.107580e-001
3.655460e-001 2.479200e-002 -8.641100e-002
3.656490e-001 2.157100e-002 -2.062960e-001
3.661620e-001 -1.021700e-002 -9.485200e-002
3.663050e-001 -8.470000e-003 -2.057570e-001
3.663740e-001 -2.645000e-002 -1.959570e-001
3.665710e-001 1.571000e-003 -2.068080e-001
3.665800e-001 4.038400e-002 -9.009400e-002
3.666140e-001 -1.837800e-002 -2.023180e-001
3.668680e-001 -3.016500e-002 -1.233650e-001
3.692270e-001 7.261400e-002 -1.738180e-001
3.701910e-001 6.308300e-002 -1.037050e-001
3.708940e-001 7.767000e-002 -1.626740e-001
3.717010e-001 -3.671100e-002 -1.447450e-001
3.724080e-001 7.937100e-002 -1.544350e-001
3.726200e-001 -3.966000e-002 -1.745140e-001
3.735090e-001 4.782000e-002 -9.287700e-002
3.749820e-001 2.290000e-003 -8.764300e-002
3.750790e-001 -2.733000e-002 -1.975140e-001
3.752940e-001 -1.913800e-002 -2.020470e-001
3.754380e-001 5.533600e-002 -9.714300e-002
3.756030e-001 -3.696800e-002 -1.852650e-001
3.763100e-001 6.282300e-002 -1.859490e-001
3.763210e-001 1.326300e-002 -8.547200e-002
3.769660e-001 -1.832000e-002 -9.866900e-002
3.781790e-001 -8.301000e-003 -2.059770e-001
3.789320e-001 -3.245000e-002 -1.937340e-001
3.791690e-001 1.284700e-002 -2.068900e-001
3.795110e-001 2.294500e-002 -2.062750e-001
3.796750e-001 -8.676000e-003 -9.159000e-002
3.800600e-001 4.001100e-002 -2.010620e-001
3.801770e-001 -1.915200e-002 -2.033640e-001
3.807000e-001 5.740200e-002 -1.904760e-001
3.812910e-001 6.847500e-002 -1.106280e-001
3.823310e-001 -2.748900e-002 -1.082150e-001
3.835200e-001 7.443100e-002 -1.698850e-001
3.837800e-001 -3.053700e-002 -1.141360e-001
3.841220e-001 2.852700e-002 -8.508900e-002
3.842840e-001 -2.076800e-002 -2.024270e-001
3.847570e-001 4.799900e-002 -1.970330e-001
3.858160e-001 -3.867500e-002 -1.866220e-001
3.862460e-001 6.854300e-002 -1.784370e-001
3.862550e-001 2.888800e-002 -2.046660e-001
3.864310e-001 -3.264000e-003 -2.061210e-001
3.870110e-001 -2.351900e-002 -1.015210e-001
3.872370e-001 6.080300e-002 -1.008800e-001
3.874040e-001 7.550000e-002 -1.260650e-001
3.874540e-001 -4.268200e-002 -1.568370e-001
3.875700e-001 3.813300e-002 -8.745900e-002
3.880980e-001 7.940300e-002 -1.414700e-001
3.888440e-001 -3.493500e-002 -1.241630e-001
3.899040e-001 7.794500e-002 -1.340810e-001
3.900890e-001 -4.407000e-002 -1.685540e-001
3.906060e-001 5.169700e-002 -9.394700e-002
3.910970e-001 1.489300e-002 -2.062520e-001
3.913600e-001 -8.663000e-003 -2.064390e-001
3.921580e-001 -1.519300e-002 -2.049630e-001
3.922080e-001 7.967400e-002 -1.470890e-001
3.924580e-001 -4.379600e-002 -1.769110e-001
3.937840e-001 7.864000e-002 -1.561970e-001
3.938770e-001 4.576700e-002 -9.024000e-002
3.942800e-001 7.505000e-003 -8.473500e-002
3.949930e-001 7.192800e-002 -1.181810e-001
3.954770e-001 7.182000e-002 -1.724860e-001
3.959970e-001 -3.758000e-002 -1.907730e-001
3.960830e-001 -1.366400e-002 -2.049660e-001
3.963070e-001 6.542700e-002 -1.806310e-001
3.965010e-001 -3.022200e-002 -1.986280e-001
3.972740e-001 -1.806500e-002 -9.467100e-002
3.979100e-001 1.906700e-002 -8.370300e-002
3.987930e-001 -4.281900e-002 -1.441010e-001
3.997610e-001 -5.831000e-003 -8.769400e-002
3.997900e-001 -2.251200e-002 -2.027520e-001
4.009080e-001 3.154300e-002 -2.020450e-001
4.014780e-001 -4.257200e-002 -1.847140e-001
4.015690e-001 -1.530800e-002 -2.051300e-001
4.019910e-001 -3.260400e-002 -1.970090e-001
4.025060e-001 -3.073300e-002 -1.072690e-001
4.028670e-001 6.660800e-002 -1.102600e-001
4.033380e-001 -4.353000e-003 -2.061610e-001
4.034560e-001 1.778900e-002 -2.051360e-001
4.041470e-001 -3.814000e-002 -1.919880e-001
4.042550e-001 5.632500e-002 -1.877700e-001
4.045760e-001 4.870800e-002 -1.933880e-001
4.051560e-001 5.364300e-002 -9.599200e-002
4.054400e-001 7.874000e-002 -1.420380e-001
4.055670e-001 -4.740700e-002 -1.698950e-001
4.056750e-001 7.633000e-002 -1.606350e-001
4.057500e-001 -3.756300e-002 -1.190560e-001
4.061070e-001 4.048100e-002 -1.976180e-001
4.069330e-001 2.926000e-002 -8.448100e-002
4.079830e-001 -3.158600e-002 -1.989000e-001
4.083070e-001 -1.392000e-002 -9.057200e-002
4.085500e-001 -4.793400e-002 -1.583770e-001
4.090260e-001 7.555400e-002 -1.301710e-001
4.092270e-001 -4.174700e-002 -1.287390e-001
4.099350e-001 7.153900e-002 -1.201820e-001
4.109420e-001 9.712000e-003 -8.351700e-002
4.117970e-001 -4.633100e-002 -1.797600e-001
4.124650e-001 5.872200e-002 -1.017410e-001
4.124790e-001 7.748400e-002 -1.486530e-001
4.126600e-001 -2.293800e-002 -2.028600e-001
4.128440e-001 -2.661000e-002 -9.959500e-002
4.137380e-001 4.793800e-002 -9.270100e-002
4.138350e-001 6.986800e-002 -1.700810e-001
4.138810e-001 -3.214900e-002 -1.978420e-001
4.141890e-001 6.500100e-002 -1.766940e-001
4.142500e-001 -4.241700e-002 -1.887570e-001
4.156600e-001 3.855900e-002 -8.791000e-002
4.158180e-001 -4.782800e-002 -1.468220e-001
4.164270e-001 1.768600e-002 -2.033370e-001
4.169200e-001 5.825800e-002 -1.826840e-001
4.178740e-001 7.236600e-002 -1.636590e-001
4.182450e-001 2.595000e-003 -2.053780e-001
4.187320e-001 4.240200e-002 -1.937890e-001
4.208560e-001 2.698600e-002 -1.997400e-001
4.210610e-001 7.513100e-002 -1.370010e-001
4.211050e-001 -3.438000e-003 -8.533400e-002
4.214090e-001 -4.578000e-002 -1.835610e-001
4.218460e-001 -4.697100e-002 -1.358770e-001
4.220040e-001 -3.302400e-002 -1.044530e-001
4.220980e-001 -1.222400e-002 -2.049560e-001
4.222660e-001 2.052800e-002 -8.343500e-002
4.231290e-001 5.189900e-002 -9.694100e-002
4.231720e-001 -2.378900e-002 -9.548800e-002
4.240330e-001 -3.913600e-002 -1.922970e-001
4.240560e-001 7.455600e-002 -1.518290e-001
4.260650e-001 6.481200e-002 -1.135860e-001
4.265330e-001 6.988400e-002 -1.232960e-001
4.267300e-001 2.843900e-002 -8.501300e-002
4.272420e-001 -5.016800e-002 -1.707190e-001
4.276450e-001 1.350000e-002 -8.283000e-002
4.277780e-001 -2.379100e-002 -2.020960e-001
4.279830e-001 4.458100e-002 -1.894000e-001
4.284060e-001 -3.297200e-002 -1.974540e-001
4.294450e-001 -1.604400e-002 -8.961700e-002
4.295710e-001 1.886100e-002 -2.001020e-001
4.297710e-001 -3.921300e-002 -1.110910e-001
4.298590e-001 -6.456000e-003 -2.044800e-001
4.302570e-001 5.962900e-002 -1.076020e-001
4.306130e-001 3.130800e-002 -1.953780e-001
4.310090e-001 -4.281100e-002 -1.888400e-001
4.315790e-001 -4.775800e-002 -1.797700e-001
4.317950e-001 -4.465600e-002 -1.212260e-001
4.319290e-001 4.474000e-002 -9.317000e-002
4.330130e-001 -2.970000e-004 -2.031190e-001
4.333840e-001 7.016600e-002 -1.570980e-001
4.338270e-001 5.204300e-002 -1.817450e-001
4.343430e-001 6.015100e-002 -1.732770e-001
4.345770e-001 3.000000e-006 -8.369600e-002
4.351800e-001 -1.631400e-002 -2.033960e-001
4.357190e-001 7.166500e-002 -1.388440e-001
4.358580e-001 -5.219200e-002 -1.516630e-001
4.366150e-001 6.927800e-002 -1.292900e-001
4.371240e-001 6.524200e-002 -1.645460e-001
4.372740e-001 -3.221100e-002 -9.956400e-002
4.375190e-001 -2.451400e-002 -9.308900e-002
4.375910e-001 5.175100e-002 -1.004820e-001
4.402030e-001 -4.233100e-002 -1.127650e-001
4.410480e-001 -4.609100e-002 -1.837300e-001
4.413580e-001 6.947400e-002 -1.480550e-001
4.418170e-001 -2.515600e-002 -2.007860e-001
4.419170e-001 -5.084300e-002 -1.750510e-001
4.422160e-001 -1.215300e-002 -2.029710e-001
4.429630e-001 -5.235600e-002 -1.385050e-001
4.434720e-001 -3.428700e-002 -1.960300e-001
4.437430e-001 -5.289100e-002 -1.680850e-001
4.440560e-001 -4.843900e-002 -1.235990e-001
4.446410e-001 3.317200e-002 -1.892220e-001
4.463020e-001 4.230000e-003 -8.268000e-002
4.468280e-001 -1.861500e-002 -8.817300e-002
4.481100e-001 8.683000e-003 -1.971390e-001
4.484840e-001 -5.460900e-002 -1.556390e-001
4.499330e-001 4.208100e-002 -1.822680e-001
4.502570e-001 1.777200e-002 -1.932690e-001
4.503490e-001 -7.129000e-003 -2.005150e-001
4.503940e-001 -4.900700e-002 -1.807860e-001
4.507850e-001 -4.699100e-002 -1.151260e-001
4.510560e-001 -1.078700e-002 -8.442900e-002
4.512500e-001 -4.040500e-002 -1.039770e-001
4.515790e-001 5.882200e-002 -1.157180e-001
4.516170e-001 1.523000e-002 -8.372600e-002
4.525280e-001 -4.159100e-002 -1.897030e-001
4.529730e-001 2.271400e-002 -8.580700e-002
4.542580e-001 -2.194400e-002 -2.006330e-001
4.549680e-001 5.758900e-002 -1.632610e-001
4.550860e-001 -5.662700e-002 -1.411560e-001
4.554920e-001 -2.953700e-002 -1.983130e-001
4.572210e-001 -5.576900e-002 -1.723150e-001
4.573570e-001 -3.198200e-002 -9.326300e-002
4.583080e-001 -5.718400e-002 -1.669230e-001
4.584370e-001 5.422000e-003 -8.266700e-002
4.584600e-001 -5.241100e-002 -1.790380e-001
4.584800e-001 6.096200e-002 -1.268130e-001
4.588040e-001 -7.396000e-003 -8.289700e-002
4.599160e-001 -5.718400e-002 -1.322030e-001
4.604880e-001 3.220600e-002 -1.830360e-001
4.607240e-001 5.974100e-002 -1.529900e-001
4.618080e-001 -3.879800e-002 -1.924720e-001
4.621080e-001 2.838700e-002 -8.921900e-002
4.636090e-001 4.670300e-002 -1.712880e-001
4.643330e-001 6.024000e-002 -1.389750e-001
4.647670e-001 5.953400e-002 -1.449290e-001
4.653960e-001 -4.849900e-002 -1.847630e-001
4.657690e-001 -2.548300e-002 -8.630100e-002
4.672510e-001 5.822200e-002 -1.305020e-001
4.673200e-001 -4.760000e-002 -1.031040e-001
4.673550e-001 4.255300e-002 -9.966300e-002
4.674330e-001 -5.404000e-002 -1.143160e-001
4.675240e-001 -1.067600e-002 -1.961910e-001
4.677420e-001 -5.757900e-002 -1.226700e-001
4.689910e-001 3.203800e-002 -9.227900e-002
4.695820e-001 3.874600e-002 -1.744490e-001
4.704950e-001 1.552700e-002 -1.858190e-001
4.709750e-001 4.917300e-002 -1.626670e-001
4.711410e-001 -1.783700e-002 -1.966250e-001
4.713200e-001 -3.549600e-002 -1.931010e-001
4.718120e-001 -2.010400e-002 -8.275100e-002
4.719420e-001 -2.694000e-002 -1.960200e-001
4.732170e-001 -6.323500e-002 -1.643930e-001
4.733310e-001 1.450000e-004 -8.202100e-002
4.735560e-001 -9.868000e-003 -8.143000e-002
4.737900e-001 3.720500e-002 -9.656700e-002
4.743890e-001 -6.419000e-002 -1.533030e-001
4.746110e-001 4.967600e-002 -1.123200e-001
4.755380e-001 -4.433700e-002 -9.336400e-002
4.763780e-001 1.868000e-002 -8.759700e-002
4.774760e-001 2.586400e-002 -1.785490e-001
4.775060e-001 -3.834100e-002 -8.810500e-002
4.780310e-001 4.976600e-002 -1.543720e-001
4.782850e-001 -6.239700e-002 -1.723580e-001
4.786130e-001 4.357200e-002 -1.045920e-001
4.787470e-001 -4.215800e-002 -1.879520e-001
4.798890e-001 5.021500e-002 -1.178800e-001
4.801370e-001 -6.498600e-002 -1.371100e-001
4.801880e-001 -5.904700e-002 -1.781600e-001
4.806070e-001 -7.044000e-003 -1.901010e-001
4.820200e-001 1.508000e-002 -1.819340e-001
4.833470e-001 -5.311500e-002 -1.831810e-001
4.834200e-001 3.825800e-002 -1.663930e-001
4.836730e-001 2.934700e-002 -9.412500e-002
4.842130e-001 -3.246200e-002 -8.251500e-002
4.843630e-001 -6.722500e-002 -1.578520e-001
4.845050e-001 -6.668400e-002 -1.638690e-001
4.852720e-001 -6.451300e-002 -1.243810e-001
4.852760e-001 -4.254000e-003 -8.089400e-002
4.861020e-001 -5.079500e-002 -9.338500e-002
4.867000e-001 -2.137500e-002 -7.952900e-002
4.879750e-001 -3.361800e-002 -1.898620e-001
4.880400e-001 -6.837600e-002 -1.426510e-001
4.887110e-001 -4.622200e-002 -1.849680e-001
4.893040e-001 4.683000e-002 -1.455610e-001
4.906530e-001 3.021200e-002 -1.697600e-001
4.907010e-001 -6.291900e-002 -1.764400e-001
4.913200e-001 -6.660400e-002 -1.708960e-001
4.917000e-001 -1.328000e-003 -8.148900e-002
4.922370e-001 -1.596900e-002 -7.794600e-002
4.922860e-001 1.821900e-002 -9.048300e-002
4.925840e-001 4.024000e-002 -1.561160e-001
4.931700e-001 3.012500e-002 -9.730500e-002
4.934240e-001 -7.079800e-002 -1.602070e-001
4.938620e-001 2.279600e-002 -1.738560e-001
4.941430e-001 -6.522400e-002 -1.149800e-001
4.942670e-001 -3.795400e-002 -8.027200e-002
4.955900e-001 -7.042600e-002 -1.306050e-001
4.974620e-001 -6.142600e-002 -1.799350e-001
4.974850e-001 -6.055600e-002 -1.000730e-001
4.981390e-001 -5.258400e-002 -1.839260e-001
4.983880e-001 -3.056000e-002 -7.653500e-002
4.984520e-001 -5.597000e-002 -9.158700e-002
4.992650e-001 4.995000e-003 -1.805270e-001
4.994040e-001 4.002300e-002 -1.118450e-001
4.995070e-001 -3.991700e-002 -1.850830e-001
4.995090e-001 1.301800e-002 -1.772710e-001
5.004560e-001 3.125800e-002 -1.010700e-001
5.004840e-001 3.932000e-003 -8.500300e-002
5.006200e-001 -4.151000e-003 -8.027800e-002
5.012880e-001 3.033700e-002 -1.635650e-001
5.017740e-001 -1.898900e-002 -1.866280e-001
5.025330e-001 -7.313000e-002 -1.665060e-001
5.033510e-001 -2.908800e-002 -1.865150e-001
5.038000e-001 -6.872300e-002 -1.745080e-001
5.038770e-001 2.142400e-002 -9.506500e-002
5.045450e-001 -1.517500e-002 -7.495000e-002
5.046700e-001 4.189500e-002 -1.308170e-001
5.049570e-001 4.046200e-002 -1.199130e-001
5.050470e-001 -7.765600e-002 -1.380620e-001
5.052810e-001 -4.597000e-002 -7.871000e-002
5.062080e-001 -5.250800e-002 -8.266700e-002
5.074500e-001 -3.947500e-002 -1.847120e-001
5.079870e-001 -5.912100e-002 -1.834530e-001
5.081420e-001 3.407000e-002 -1.518770e-001
5.093810e-001 3.205800e-002 -1.059290e-001
5.094370e-001 -4.542000e-003 -7.991500e-002
5.099750e-001 -7.094500e-002 -1.109710e-001
5.104870e-001 -6.038300e-002 -8.888900e-002
5.106070e-001 -8.133400e-002 -1.481810e-001
5.111400e-001 -5.028000e-003 -1.807590e-001
5.115540e-001 -6.440100e-002 -9.481000e-002
5.119780e-001 9.140000e-003 -9.027600e-002
5.148530e-001 -2.345900e-002 -1.840400e-001
5.149410e-001 -7.066000e-002 -1.752170e-001
5.161280e-001 -2.337400e-002 -6.971500e-002
5.168330e-001 -3.710400e-002 -1.837140e-001
5.176970e-001 -5.482000e-002 -1.862970e-001
5.186820e-001 -8.462800e-002 -1.515840e-001
5.187530e-001 -8.567600e-002 -1.434810e-001
5.187640e-001 -3.902500e-002 -7.014800e-002
5.191190e-001 -8.426300e-002 -1.359450e-001
5.216160e-001 -8.156800e-002 -1.619510e-001
5.216930e-001 -6.583700e-002 -1.812720e-001
5.232570e-001 -4.935700e-002 -1.864340e-001
5.249420e-001 -6.977900e-002 -9.423600e-002
5.258940e-001 -3.287600e-002 -1.819120e-001
5.262450e-001 -8.846000e-002 -1.450630e-001
5.264060e-001 -7.614800e-002 -1.086790e-001
5.264490e-001 -6.172700e-002 -1.847900e-001
5.265160e-001 -6.078900e-002 -7.955200e-002
5.267530e-001 -8.728500e-002 -1.372310e-001
5.297060e-001 -5.412900e-002 -1.866720e-001
5.300310e-001 -7.486600e-002 -1.746780e-001
5.354110e-001 -8.946600e-002 -1.526900e-001
