5.128910e-001 2.247100e-002 -9.815300e-002
5.137350e-001 3.576100e-002 -1.414520e-001
5.167730e-001 1.403300e-002 -1.716100e-001
5.168170e-001 2.162500e-002 -1.649190e-001
5.170840e-001 3.551200e-002 -1.348270e-001
5.175900e-001 3.337200e-002 -1.146670e-001
5.185720e-001 6.358000e-003 -1.756200e-001
5.187640e-001 2.552100e-002 -1.582160e-001
5.188990e-001 6.672000e-003 -8.865300e-002
5.194230e-001 2.777600e-002 -1.049820e-001
5.213140e-001 -1.119200e-002 -7.258000e-002
5.231600e-001 3.313200e-002 -1.220700e-001
5.234560e-001 -3.151300e-002 -6.699900e-002
5.237140e-001 1.842500e-002 -9.546300e-002
5.264540e-001 3.081300e-002 -1.149030e-001
5.265200e-001 -6.528000e-003 -7.429400e-002
5.267470e-001 1.727000e-002 -1.659280e-001
5.272250e-001 -5.533500e-002 -7.448800e-002
5.273270e-001 2.138000e-002 -9.800500e-002
5.274230e-001 6.226000e-003 -8.682800e-002
5.277240e-001 -1.812100e-002 -1.811280e-001
5.280440e-001 2.730100e-002 -1.463200e-001
5.282310e-001 3.099400e-002 -1.346800e-001
5.295800e-001 -3.256000e-003 -1.777750e-001
5.295830e-001 -4.600900e-002 -6.820800e-002
5.302190e-001 2.692100e-002 -1.061860e-001
5.313380e-001 2.175900e-002 -1.569730e-001
5.315300e-001 3.132600e-002 -1.253760e-001
5.330870e-001 -5.940800e-002 -1.858660e-001
5.331670e-001 -1.776000e-002 -6.527700e-002
5.341660e-001 1.419400e-002 -9.061900e-002
5.344150e-001 -9.259000e-003 -1.787120e-001
5.347850e-001 -2.513200e-002 -1.802130e-001
5.362900e-001 6.570000e-003 -8.435000e-002
5.367610e-001 -6.710400e-002 -1.818470e-001
5.367770e-001 2.922900e-002 -1.149140e-001
5.374690e-001 -8.430100e-002 -1.652050e-001
5.378080e-001 -4.009200e-002 -6.277500e-002
5.381470e-001 -6.617500e-002 -7.997500e-002
5.388790e-001 -9.558000e-003 -6.739600e-002
5.397870e-001 -5.210500e-002 -1.841990e-001
5.404530e-001 -5.407200e-002 -6.767900e-002
5.408410e-001 2.159000e-002 -1.518880e-001
5.412420e-001 1.038200e-002 -1.685300e-001
5.420180e-001 -9.177600e-002 -1.472560e-001
5.420490e-001 -2.674300e-002 -6.005900e-002
5.427520e-001 -3.895900e-002 -1.791210e-001
5.430530e-001 -8.220700e-002 -1.175120e-001
5.434130e-001 -7.526000e-002 -9.840300e-002
5.436700e-001 -7.965400e-002 -1.735000e-001
5.446250e-001 -4.753200e-002 -6.291700e-002
5.456770e-001 -6.357300e-002 -1.829920e-001
5.457720e-001 1.420700e-002 -8.908800e-002
5.458070e-001 -2.901300e-002 -1.780540e-001
5.461870e-001 1.626000e-002 -1.603560e-001
5.466940e-001 1.980400e-002 -9.609100e-002
5.469710e-001 -5.954400e-002 -1.840650e-001
5.470510e-001 -9.026800e-002 -1.339020e-001
5.473030e-001 -2.381000e-003 -1.748780e-001
5.481080e-001 -8.961700e-002 -1.606450e-001
5.482770e-001 -7.001200e-002 -8.117200e-002
5.489480e-001 -1.839900e-002 -1.779170e-001
5.489540e-001 -4.883000e-003 -6.805700e-002
5.491700e-001 -6.181000e-002 -6.999300e-002
5.497660e-001 -7.710300e-002 -1.756100e-001
5.499080e-001 -9.275000e-002 -1.412960e-001
5.501740e-001 -8.706400e-002 -1.253170e-001
5.504770e-001 2.400700e-002 -1.050480e-001
5.509820e-001 2.537700e-002 -1.320420e-001
5.513100e-001 -1.775300e-002 -5.915300e-002
5.517820e-001 -9.891000e-003 -6.316900e-002
5.519280e-001 2.666200e-002 -1.230910e-001
5.521550e-001 -3.777900e-002 -5.755400e-002
5.522800e-001 -2.309400e-002 -5.743000e-002
5.527680e-001 7.030000e-003 -1.685100e-001
5.528940e-001 -4.310100e-002 -1.782560e-001
5.535330e-001 -8.505600e-002 -1.708920e-001
5.536080e-001 -9.389800e-002 -1.563400e-001
5.536550e-001 1.256800e-002 -8.630100e-002
5.546820e-001 1.445000e-003 -7.292700e-002
5.548110e-001 2.068200e-002 -1.468810e-001
5.553420e-001 1.976000e-003 -1.714000e-001
5.557540e-001 -9.561600e-002 -1.497770e-001
5.558500e-001 1.778900e-002 -1.542960e-001
5.560740e-001 -7.774300e-002 -1.036300e-001
5.568330e-001 1.687500e-002 -9.139600e-002
5.574020e-001 -8.071000e-002 -1.115420e-001
5.574370e-001 -6.655700e-002 -1.802810e-001
5.579080e-001 -4.478600e-002 -5.770200e-002
5.584610e-001 -9.165100e-002 -1.294790e-001
5.598410e-001 -7.478000e-003 -1.746880e-001
5.606400e-001 -7.397600e-002 -8.477600e-002
5.607830e-001 2.451600e-002 -1.120870e-001
5.609040e-001 -8.886500e-002 -1.701250e-001
5.617960e-001 1.423900e-002 -1.590050e-001
5.628880e-001 -3.439000e-003 -6.449600e-002
5.636470e-001 2.181100e-002 -1.004270e-001
5.638090e-001 -9.787000e-002 -1.392810e-001
5.640230e-001 2.451500e-002 -1.181520e-001
5.642650e-001 -6.115700e-002 -1.804410e-001
5.643180e-001 -9.774200e-002 -1.562810e-001
5.644430e-001 2.322600e-002 -1.279870e-001
5.646410e-001 -9.430200e-002 -1.644370e-001
5.647510e-001 -5.490500e-002 -1.801010e-001
5.649560e-001 -7.460200e-002 -1.773170e-001
5.651830e-001 -3.052300e-002 -5.349000e-002
5.655540e-001 -7.997900e-002 -1.063140e-001
5.656670e-001 -9.574100e-002 -1.315460e-001
5.661440e-001 -8.436800e-002 -1.735980e-001
5.662860e-001 -9.945600e-002 -1.468130e-001
5.666790e-001 -5.289900e-002 -5.848400e-002
5.674050e-001 -1.668700e-002 -1.750810e-001
5.674310e-001 -6.744800e-002 -6.977400e-002
5.683670e-001 2.525000e-003 -6.832300e-002
5.685970e-001 -2.858700e-002 -1.750800e-001
5.691770e-001 -9.782200e-002 -1.585010e-001
5.693230e-001 -8.059000e-003 -5.896200e-002
5.695300e-001 -3.811500e-002 -1.746430e-001
5.698720e-001 -8.464200e-002 -1.147090e-001
5.704270e-001 -7.443800e-002 -1.778520e-001
5.708530e-001 -9.025800e-002 -1.688640e-001
5.714210e-001 -4.266100e-002 -1.751850e-001
5.717130e-001 -6.148200e-002 -6.242400e-002
5.719730e-001 2.177100e-002 -1.312240e-001
5.724000e-001 1.830400e-002 -8.887600e-002
5.727340e-001 -9.440500e-002 -1.269430e-001
5.729130e-001 2.907000e-003 -1.671530e-001
5.731530e-001 1.887100e-002 -1.491330e-001
5.735600e-001 -9.538200e-002 -1.626790e-001
5.739420e-001 -8.001000e-002 -9.720100e-002
5.745060e-001 -1.005640e-001 -1.381160e-001
5.746760e-001 9.727000e-003 -1.612260e-001
5.749570e-001 1.110900e-002 -7.646900e-002
5.753280e-001 -4.062700e-002 -5.227600e-002
5.756400e-001 2.440900e-002 -1.121390e-001
5.759720e-001 -1.833300e-002 -5.275900e-002
5.770630e-001 -2.778700e-002 -5.110800e-002
5.770980e-001 2.336400e-002 -1.010970e-001
5.771720e-001 -8.473100e-002 -1.109840e-001
5.773360e-001 -8.409500e-002 -1.726050e-001
5.776660e-001 -5.910000e-004 -6.171400e-002
5.778340e-001 -1.028000e-002 -5.519200e-002
5.780940e-001 -7.687400e-002 -8.211000e-002
5.785320e-001 -7.277600e-002 -7.307500e-002
5.786040e-001 -1.008190e-001 -1.456660e-001
5.793700e-001 -6.356200e-002 -1.803330e-001
5.799730e-001 2.372400e-002 -1.199410e-001
5.806590e-001 2.028000e-002 -8.841600e-002
5.815570e-001 -9.965500e-002 -1.529860e-001
5.816750e-001 -7.345500e-002 -1.778030e-001
5.826050e-001 1.557200e-002 -1.530130e-001
5.835400e-001 1.503500e-002 -7.739700e-002
5.838340e-001 2.254700e-002 -1.286360e-001
5.845680e-001 7.575000e-003 -6.672300e-002
5.846190e-001 -5.043300e-002 -5.303300e-002
5.847600e-001 -5.545400e-002 -1.785790e-001
5.856150e-001 -9.231500e-002 -1.632030e-001
5.856580e-001 2.122300e-002 -1.398930e-001
5.864340e-001 -9.550700e-002 -1.264480e-001
5.865110e-001 -3.672800e-002 -1.722780e-001
5.868220e-001 -6.285100e-002 -5.900500e-002
5.876330e-001 -8.450600e-002 -9.384300e-002
5.884060e-001 -9.699400e-002 -1.552510e-001
5.884410e-001 -9.143000e-002 -1.159170e-001
5.887900e-001 -9.948000e-002 -1.472310e-001
5.888480e-001 -9.948700e-002 -1.369310e-001
5.891800e-001 7.182000e-003 -1.604460e-001
5.891950e-001 2.649000e-002 -1.069140e-001
5.897600e-001 -6.381500e-002 -1.791990e-001
5.902160e-001 1.958700e-002 -1.442210e-001
5.902330e-001 2.535800e-002 -1.182770e-001
5.905900e-001 -7.094600e-002 -1.773190e-001
5.906680e-001 -9.023400e-002 -1.060240e-001
5.907860e-001 -8.553000e-003 -1.686720e-001
5.911830e-001 -3.095600e-002 -4.767700e-002
5.913610e-001 1.811000e-003 -5.765200e-002
5.913990e-001 -8.001600e-002 -1.725640e-001
5.933060e-001 -8.160500e-002 -8.134100e-002
5.938070e-001 -1.766100e-002 -1.701460e-001
5.939670e-001 2.373900e-002 -1.282650e-001
5.939900e-001 2.625700e-002 -9.366500e-002
5.954920e-001 -2.386100e-002 -4.655800e-002
5.961490e-001 -5.913200e-002 -5.377300e-002
5.966580e-001 -3.573100e-002 -1.708810e-001
5.970180e-001 -5.728600e-002 -1.772150e-001
5.973850e-001 -9.651400e-002 -1.250570e-001
5.977190e-001 1.208700e-002 -1.544010e-001
5.984230e-001 -5.530000e-004 -5.327700e-002
5.987360e-001 -3.905400e-002 -4.686000e-002
5.989290e-001 -9.395800e-002 -1.579050e-001
5.992930e-001 -1.083900e-002 -4.782600e-002
5.995550e-001 -8.450000e-004 -1.641090e-001
5.996500e-001 -7.978200e-002 -7.384000e-002
5.998150e-001 -7.210800e-002 -6.309700e-002
5.999730e-001 1.925800e-002 -7.385400e-002
6.011850e-001 9.773000e-003 -6.067100e-002
6.012680e-001 -5.279600e-002 -5.005000e-002
6.025280e-001 -8.689000e-002 -1.652600e-001
6.025740e-001 -9.309900e-002 -1.000180e-001
6.035090e-001 2.526800e-002 -8.224900e-002
6.035130e-001 -9.935000e-002 -1.365010e-001
6.040030e-001 2.381700e-002 -1.335540e-001
6.048860e-001 -7.488800e-002 -1.718890e-001
6.051930e-001 -9.837000e-002 -1.266430e-001
6.054780e-001 2.968000e-002 -1.144370e-001
6.055010e-001 -6.411400e-002 -1.751720e-001
6.063690e-001 4.437000e-003 -1.600990e-001
6.069390e-001 1.987300e-002 -1.437310e-001
6.073940e-001 -2.887500e-002 -1.700140e-001
6.080000e-001 -9.707400e-002 -1.079240e-001
6.090580e-001 -1.678900e-002 -1.689100e-001
6.093010e-001 -3.808000e-003 -4.672500e-002
6.095230e-001 6.919000e-003 -5.317700e-002
6.104480e-001 -8.532400e-002 -7.534900e-002
6.115500e-001 1.665400e-002 -1.483720e-001
6.118210e-001 -5.477200e-002 -1.744200e-001
6.118650e-001 -4.612500e-002 -1.731440e-001
6.122140e-001 -4.645800e-002 -4.513800e-002
6.129910e-001 1.019400e-002 -1.550920e-001
6.131250e-001 -5.909500e-002 -4.931900e-002
6.135140e-001 -1.462600e-002 -4.185400e-002
6.136940e-001 -1.108800e-002 -1.672710e-001
6.149690e-001 -8.072200e-002 -6.582700e-002
6.151490e-001 3.300200e-002 -9.436800e-002
6.155740e-001 1.391400e-002 -5.630800e-002
6.158200e-001 3.360800e-002 -1.036490e-001
6.163630e-001 -4.123000e-003 -1.645660e-001
6.168490e-001 -9.175700e-002 -1.571470e-001
6.174170e-001 -3.409500e-002 -1.706850e-001
6.175250e-001 -9.877100e-002 -1.420320e-001
6.176980e-001 -7.411800e-002 -5.781100e-002
6.180200e-001 -1.003210e-001 -1.241820e-001
6.181460e-001 2.726700e-002 -1.304780e-001
6.205020e-001 -8.748600e-002 -1.609500e-001
6.209190e-001 -7.986500e-002 -1.659380e-001
6.210480e-001 -2.306300e-002 -3.895000e-002
6.217850e-001 -3.631200e-002 -4.028200e-002
6.219710e-001 -9.606800e-002 -1.488030e-001
6.223050e-001 -9.342600e-002 -8.230000e-002
6.223540e-001 -1.007450e-001 -1.099560e-001
6.227330e-001 2.956200e-002 -7.493000e-002
6.239060e-001 3.415800e-002 -8.512600e-002
6.241800e-001 -6.971600e-002 -5.245800e-002
6.252980e-001 -9.982500e-002 -1.346500e-001
6.258110e-001 2.344400e-002 -6.198700e-002
6.258620e-001 1.463000e-003 -1.619460e-001
6.274160e-001 3.489100e-002 -1.141740e-001
6.279230e-001 -2.503700e-002 -1.709740e-001
6.287940e-001 -5.040700e-002 -4.239700e-002
6.291470e-001 1.704000e-003 -4.043900e-002
6.294950e-001 -1.243200e-002 -1.686960e-001
6.297490e-001 -4.066200e-002 -1.715410e-001
6.301220e-001 -9.919200e-002 -9.044000e-002
6.306860e-001 2.338900e-002 -1.420270e-001
6.310170e-001 -8.988600e-002 -6.980800e-002
6.317750e-001 1.577900e-002 -1.511440e-001
6.337170e-001 -9.079000e-003 -3.560500e-002
6.337660e-001 -7.334400e-002 -5.188400e-002
6.339050e-001 -1.023710e-001 -1.004080e-001
6.343660e-001 -8.479900e-002 -6.185600e-002
6.345690e-001 3.890000e-002 -1.046550e-001
6.346720e-001 -7.211000e-002 -1.666290e-001
6.350500e-001 -5.007600e-002 -1.708050e-001
6.355490e-001 3.978900e-002 -9.568700e-002
6.359490e-001 1.315900e-002 -4.368700e-002
6.366820e-001 1.922000e-002 -4.876500e-002
6.367700e-001 -9.831100e-002 -8.323400e-002
6.372320e-001 -6.362300e-002 -4.559300e-002
6.378570e-001 -1.038690e-001 -1.082990e-001
6.381120e-001 -6.201200e-002 -1.686300e-001
6.387650e-001 -9.665800e-002 -1.446770e-001
6.389020e-001 -1.029340e-001 -1.270590e-001
6.389800e-001 2.765200e-002 -1.370070e-001
6.391370e-001 4.026500e-002 -8.605200e-002
6.392310e-001 -2.753000e-002 -3.374600e-002
6.397430e-001 -9.061700e-002 -1.526340e-001
6.403470e-001 -3.109300e-002 -1.724710e-001
6.404020e-001 -4.124000e-003 -1.659310e-001
6.417530e-001 -1.657900e-002 -1.707940e-001
6.418920e-001 3.552500e-002 -1.230150e-001
6.419220e-001 -4.260100e-002 -1.711390e-001
6.431330e-001 -2.343200e-002 -1.725150e-001
6.433050e-001 -8.280400e-002 -1.587390e-001
6.440160e-001 -1.000000e-001 -1.382620e-001
6.441320e-001 -3.995900e-002 -3.523400e-002
6.453650e-001 -1.050440e-001 -1.185330e-001
6.470470e-001 3.195600e-002 -5.786600e-002
6.471940e-001 -5.130700e-002 -3.838800e-002
6.473260e-001 3.744200e-002 -6.767700e-002
6.478580e-001 6.655000e-003 -1.598820e-001
6.480450e-001 -9.711800e-002 -7.496400e-002
6.483600e-001 -1.031820e-001 -9.185600e-002
6.484160e-001 -5.513200e-002 -1.678840e-001
6.486020e-001 4.102100e-002 -7.503900e-002
6.487840e-001 2.239400e-002 -1.458690e-001
6.490930e-001 -9.681000e-003 -1.698180e-001
6.491010e-001 -6.844800e-002 -1.646380e-001
6.494210e-001 3.384700e-002 -1.297120e-001
6.496900e-001 2.515000e-003 -3.141500e-002
6.500560e-001 -1.051130e-001 -9.980200e-002
6.501020e-001 -9.269200e-002 -6.667100e-002
6.503450e-001 -4.793200e-002 -1.700870e-001
6.505980e-001 -5.153000e-003 -2.951100e-002
6.513430e-001 4.335600e-002 -1.078170e-001
6.519650e-001 -1.990000e-002 -2.860500e-002
6.533230e-001 -1.750800e-002 -1.729360e-001
6.539810e-001 -1.033590e-001 -1.322050e-001
6.542810e-001 -8.311600e-002 -5.473900e-002
6.553750e-001 -7.669700e-002 -1.606540e-001
6.563200e-001 1.681800e-002 -1.522010e-001
6.579180e-001 -9.513800e-002 -1.463880e-001
6.581280e-001 -6.537700e-002 -4.199800e-002
6.589980e-001 -6.594300e-002 -1.643150e-001
6.594360e-001 -3.983900e-002 -1.735480e-001
6.595810e-001 -6.803000e-003 -2.505800e-002
6.599940e-001 4.775100e-002 -9.410400e-002
6.601330e-001 1.273800e-002 -3.031600e-002
6.602200e-001 -1.072450e-001 -1.083710e-001
6.618770e-001 -7.543100e-002 -4.703400e-002
6.627290e-001 -4.982000e-002 -1.713600e-001
6.628880e-001 -4.338100e-002 -3.078800e-002
6.631340e-001 -1.053980e-001 -1.267700e-001
6.631910e-001 -3.279200e-002 -1.752870e-001
6.633170e-001 4.598000e-002 -7.161400e-002
6.639420e-001 4.880800e-002 -8.367100e-002
6.640160e-001 3.376200e-002 -4.665100e-002
6.641280e-001 -1.069250e-001 -1.190700e-001
6.645260e-001 7.765000e-003 -1.604820e-001
6.650640e-001 3.684100e-002 -1.301090e-001
6.652060e-001 -1.794000e-003 -1.672240e-001
6.658180e-001 -7.544700e-002 -1.606780e-001
6.658230e-001 2.215400e-002 -3.328800e-002
6.658480e-001 4.872400e-002 -1.012450e-001
6.660060e-001 -6.001900e-002 -1.680370e-001
6.664720e-001 -8.546000e-002 -1.548950e-001
6.666820e-001 -1.034420e-001 -8.243300e-002
6.667220e-001 -2.752300e-002 -2.418400e-002
6.669270e-001 8.248000e-003 -2.501700e-002
6.670090e-001 3.066200e-002 -4.071100e-002
6.671600e-001 -8.880400e-002 -5.747500e-002
6.672370e-001 4.538700e-002 -1.144520e-001
6.676490e-001 4.101600e-002 -5.514800e-002
6.679960e-001 -1.509600e-002 -2.164700e-002
6.684890e-001 -5.348400e-002 -3.352800e-002
6.693230e-001 -8.196800e-002 -5.072000e-002
6.694440e-001 -2.202000e-003 -2.144400e-002
6.704840e-001 -2.359700e-002 -1.761280e-001
6.730860e-001 -1.067740e-001 -9.228800e-002
6.737440e-001 -1.080100e-002 -1.729720e-001
6.740300e-001 -9.449700e-002 -6.308500e-002
6.741170e-001 4.307400e-002 -1.223670e-001
6.749400e-001 3.133300e-002 -1.396710e-001
6.765240e-001 -7.047500e-002 -1.656660e-001
6.768100e-001 -4.209600e-002 -2.504600e-002
6.768330e-001 -1.001380e-001 -7.091600e-002
6.779670e-001 -9.000900e-002 -1.512800e-001
6.781780e-001 -7.009100e-002 -4.069300e-002
6.782130e-001 1.729100e-002 -2.347300e-002
6.783550e-001 -1.025340e-001 -1.348400e-001
6.790580e-001 -3.173000e-002 -1.784600e-001
6.792400e-001 -1.088330e-001 -1.093690e-001
6.798600e-001 2.227700e-002 -1.500550e-001
6.802420e-001 -8.047700e-002 -1.598250e-001
6.814750e-001 -1.064230e-001 -1.232870e-001
6.828340e-001 -5.734400e-002 -1.743450e-001
6.831860e-001 2.588600e-002 -2.666200e-002
6.834170e-001 -9.652200e-002 -1.447240e-001
6.837530e-001 -3.258900e-002 -1.847800e-002
6.844460e-001 -5.295400e-002 -2.802900e-002
6.844930e-001 5.431600e-002 -9.053400e-002
6.846170e-001 -4.515100e-002 -1.783560e-001
6.856450e-001 -8.562000e-003 -1.359800e-002
6.860750e-001 -7.838500e-002 -4.493900e-002
6.865320e-001 -6.594000e-003 -1.724590e-001
6.871060e-001 1.307900e-002 -1.593840e-001
6.872730e-001 -2.057700e-002 -1.384900e-002
6.877830e-001 1.241300e-002 -1.650800e-002
6.884740e-001 -1.025170e-001 -1.342440e-001
6.884790e-001 -1.100000e-004 -1.284900e-002
6.893310e-001 5.143000e-002 -1.093020e-001
6.898750e-001 -8.773700e-002 -5.255300e-002
6.905100e-001 4.952600e-002 -5.227900e-002
6.907310e-001 4.515700e-002 -1.231110e-001
6.917200e-001 -2.666100e-002 -1.798100e-001
6.917250e-001 5.476200e-002 -1.000030e-001
6.918190e-001 -3.936000e-002 -1.802470e-001
6.932730e-001 -1.797400e-002 -1.779260e-001
6.934670e-001 -2.893400e-002 -1.343500e-002
6.935370e-001 -5.246900e-002 -1.778820e-001
6.942060e-001 -6.620000e-004 -1.702920e-001
6.942710e-001 -7.204900e-002 -1.684900e-001
6.944500e-001 -1.053400e-001 -7.801200e-002
6.944780e-001 -9.197300e-002 -1.503800e-001
6.947670e-001 3.815500e-002 -3.158300e-002
6.948090e-001 -6.911900e-002 -3.597200e-002
6.949740e-001 -1.089170e-001 -1.132130e-001
6.955390e-001 -8.041600e-002 -1.627630e-001
6.969370e-001 -1.094050e-001 -9.268300e-002
6.976100e-001 -1.098470e-001 -1.000650e-001
6.978410e-001 -9.352300e-002 -5.787100e-002
6.978710e-001 -1.079050e-001 -8.488200e-002
6.983340e-001 5.569800e-002 -6.136000e-002
6.983870e-001 -5.029600e-002 -2.068400e-002
6.983910e-001 5.742000e-003 -9.245000e-003
6.984000e-001 -9.737600e-002 -1.438430e-001
6.990840e-001 4.583600e-002 -3.888400e-002
6.996030e-001 -4.264800e-002 -1.618600e-002
6.997860e-001 3.982800e-002 -1.336310e-001
7.001910e-001 -1.012040e-001 -6.853800e-002
7.009990e-001 -6.249300e-002 -1.749190e-001
7.012940e-001 -1.055560e-001 -1.267770e-001
7.015460e-001 1.629100e-002 -1.128000e-002
7.020010e-001 -7.843500e-002 -4.189200e-002
7.023990e-001 -1.446400e-002 -6.562000e-003
7.025440e-001 2.564200e-002 -1.596600e-002
7.027530e-001 5.968100e-002 -8.733500e-002
7.037720e-001 3.310100e-002 -2.117100e-002
7.037830e-001 -8.062300e-002 -1.623930e-001
7.061140e-001 -9.822000e-002 -1.406310e-001
7.062050e-001 -6.434900e-002 -2.860800e-002
7.063510e-001 6.057900e-002 -7.642600e-002
7.068840e-001 -3.290700e-002 -8.688000e-003
7.070290e-001 1.053800e-002 -6.177000e-003
7.072230e-001 2.616800e-002 -1.510910e-001
7.078060e-001 -3.501900e-002 -1.822840e-001
7.078260e-001 6.016500e-002 -6.876900e-002
7.079740e-001 -1.081490e-001 -1.176480e-001
7.089840e-001 -8.794200e-002 -1.552300e-001
7.090080e-001 -7.159000e-003 -1.763460e-001
7.093730e-001 5.374300e-002 -4.652100e-002
7.097020e-001 1.663800e-002 -1.607650e-001
7.098660e-001 -7.412300e-002 -1.682550e-001
7.106510e-001 -5.365000e-002 -1.790660e-001
7.109290e-001 -1.706700e-002 -1.802420e-001
7.122720e-001 1.700000e-004 -1.658000e-003
7.122820e-001 -4.609100e-002 -1.815320e-001
7.126860e-001 -1.019690e-001 -1.335470e-001
7.127730e-001 -8.293400e-002 -1.604620e-001
7.127920e-001 6.600000e-003 -1.693380e-001
7.128700e-001 -1.065660e-001 -7.859100e-002
7.143450e-001 -2.246500e-002 -2.498000e-003
7.144360e-001 -8.724000e-003 -5.620000e-004
7.144720e-001 -8.727900e-002 -4.863200e-002
7.153960e-001 3.757400e-002 -1.401260e-001
7.155940e-001 -5.377300e-002 -1.658600e-002
7.156740e-001 4.971100e-002 -3.447900e-002
7.157730e-001 -2.347200e-002 -1.822400e-001
7.167100e-001 -7.147400e-002 -3.152700e-002
7.175830e-001 5.995100e-002 -1.029710e-001
7.176390e-001 4.418000e-002 -2.579800e-002
7.178890e-001 -9.730900e-002 -1.425140e-001
7.180310e-001 -1.097430e-001 -9.556900e-002
7.182010e-001 1.983700e-002 -5.416000e-003
7.185490e-001 -6.852400e-002 -1.728720e-001
7.189320e-001 -1.088760e-001 -8.756200e-002
7.193790e-001 5.195000e-002 -1.211480e-001
7.195580e-001 8.228000e-003 -3.470000e-004
7.199510e-001 -1.069220e-001 -1.204410e-001
7.203570e-001 -3.134000e-003 1.885000e-003
7.208310e-001 -4.370500e-002 -7.679000e-003
7.215030e-001 -7.730700e-002 -1.663060e-001
7.220980e-001 6.282300e-002 -6.221400e-002
7.221050e-001 2.974100e-002 -9.953000e-003
7.226140e-001 5.748800e-002 -1.114080e-001
7.231620e-001 -8.947900e-002 -1.538550e-001
7.232380e-001 -1.092280e-001 -1.073550e-001
7.232630e-001 6.361800e-002 -9.275200e-002
7.233100e-001 6.457200e-002 -7.279200e-002
7.239290e-001 2.535900e-002 -1.563120e-001
7.242940e-001 -8.044800e-002 -3.907100e-002
7.247270e-001 4.613600e-002 -1.314740e-001
7.259090e-001 -1.027840e-001 -1.326130e-001
7.260830e-001 -9.556800e-002 -5.778200e-002
7.263590e-001 6.539400e-002 -8.167600e-002
7.264770e-001 6.133900e-002 -5.232700e-002
7.265880e-001 -4.261200e-002 -1.831230e-001
7.274640e-001 -2.939800e-002 9.670000e-004
7.277780e-001 8.310000e-003 -1.711940e-001
7.278160e-001 -1.761500e-002 3.934000e-003
7.282330e-001 -5.998700e-002 -1.607800e-002
7.283020e-001 -6.324300e-002 -1.763560e-001
7.284910e-001 -1.619000e-003 -1.761360e-001
7.287540e-001 -3.444400e-002 -1.833630e-001
7.293720e-001 5.814200e-002 -4.201600e-002
7.294200e-001 4.239600e-002 -1.788500e-002
7.303930e-001 -2.206500e-002 -1.822900e-001
7.311600e-001 -1.011930e-001 -6.624200e-002
7.314070e-001 -5.138600e-002 -7.738000e-003
7.324150e-001 -1.149800e-002 -1.800090e-001
7.327760e-001 -6.921400e-002 -2.333100e-002
7.328900e-001 -5.468600e-002 -1.804140e-001
7.332870e-001 5.374000e-002 -3.131200e-002
7.334090e-001 -9.745900e-002 -1.429110e-001
7.336400e-001 -7.903400e-002 -3.465100e-002
7.339380e-001 1.583700e-002 2.471000e-003
7.352290e-001 -1.060150e-001 -7.654900e-002
7.356620e-001 -1.077280e-001 -1.157750e-001
7.357080e-001 3.997500e-002 -1.429450e-001
7.369960e-001 -9.185600e-002 -5.088500e-002
7.371390e-001 -9.003800e-002 -1.539900e-001
7.376590e-001 1.110000e-004 7.767000e-003
7.380650e-001 4.769300e-002 -1.332630e-001
7.384230e-001 -8.302600e-002 -1.622530e-001
7.385660e-001 -1.053470e-001 -1.267060e-001
7.389270e-001 -1.094070e-001 -9.955700e-002
7.389420e-001 6.217200e-002 -1.062920e-001
7.390130e-001 6.695000e-002 -8.608200e-002
7.391090e-001 -1.085190e-001 -8.605700e-002
7.418910e-001 -1.832300e-002 9.057000e-003
7.419090e-001 -3.848000e-002 3.018000e-003
7.419530e-001 2.401600e-002 -1.620680e-001
7.421120e-001 1.226100e-002 -1.705510e-001
7.433110e-001 -1.008420e-001 -1.395480e-001
7.435150e-001 -5.871600e-002 -8.294000e-003
7.448050e-001 -7.809000e-002 -2.902800e-002
7.450700e-001 -4.108800e-002 -1.823970e-001
7.451770e-001 -7.265600e-002 -1.714540e-001
7.456430e-001 2.399300e-002 2.710000e-003
7.462460e-001 6.553900e-002 -9.774900e-002
7.470290e-001 -1.978000e-002 -1.811820e-001
7.472220e-001 -1.016500e-002 1.126500e-002
7.473930e-001 -4.920100e-002 -1.812090e-001
7.478760e-001 -2.641800e-002 9.354000e-003
7.484540e-001 5.562000e-002 -1.234580e-001
7.488050e-001 -6.908100e-002 -1.614500e-002
7.488600e-001 -1.073470e-001 -7.988800e-002
7.493870e-001 -7.207000e-003 -1.783890e-001
7.493940e-001 5.544000e-003 1.061600e-002
7.498470e-001 -5.696600e-002 -1.790970e-001
7.500710e-001 -4.663100e-002 1.788000e-003
7.501550e-001 6.655300e-002 -5.139400e-002
7.503470e-001 4.290900e-002 -9.086000e-003
7.506640e-001 -9.819700e-002 -5.794100e-002
7.511740e-001 -8.526600e-002 -3.660400e-002
7.515320e-001 5.240100e-002 -1.948000e-002
7.521370e-001 -2.871700e-002 -1.815090e-001
7.523260e-001 6.239800e-002 -3.667200e-002
7.524560e-001 -6.449000e-002 -1.760810e-001
7.538090e-001 3.445200e-002 -7.380000e-004
7.545470e-001 -1.031280e-001 -6.773100e-002
7.549660e-001 -9.941700e-002 -1.447660e-001
7.564240e-001 -4.032000e-003 1.404400e-002
7.564940e-001 -5.713100e-002 -2.593000e-003
7.568940e-001 6.065000e-002 -1.153450e-001
7.569040e-001 -1.671200e-002 1.370100e-002
7.578060e-001 1.340100e-002 1.115100e-002
7.578080e-001 4.617000e-002 -1.424030e-001
7.581080e-001 7.010400e-002 -7.783600e-002
7.584030e-001 -1.072550e-001 -1.296720e-001
7.589580e-001 3.778600e-002 -1.531800e-001
7.598850e-001 -4.445900e-002 6.118000e-003
7.600730e-001 -8.943500e-002 -4.026200e-002
7.607550e-001 -1.100020e-001 -1.205580e-001
7.609900e-001 -3.074200e-002 1.228000e-002
7.610110e-001 -6.540300e-002 -1.747820e-001
7.610720e-001 -9.047400e-002 -1.556490e-001
7.610760e-001 -1.110340e-001 -1.101270e-001
7.616150e-001 2.314600e-002 -1.655920e-001
7.619060e-001 -5.050900e-002 -1.797120e-001
7.621430e-001 -5.362000e-003 -1.771800e-001
7.623220e-001 3.162400e-002 -1.596580e-001
7.623370e-001 -3.779600e-002 -1.807250e-001
7.628700e-001 -7.648700e-002 -1.960900e-002
7.629960e-001 5.982900e-002 -2.569700e-002
7.637480e-001 7.062200e-002 -5.961800e-002
7.638280e-001 -8.137600e-002 -1.651730e-001
7.638560e-001 -1.051050e-001 -1.368230e-001
7.645250e-001 6.566500e-002 -3.744200e-002
7.646230e-001 5.383400e-002 -1.328730e-001
7.652230e-001 -6.571900e-002 -6.687000e-003
7.666240e-001 -5.881900e-002 -1.773100e-001
7.667710e-001 -6.979000e-002 -1.724880e-001
7.680100e-001 -1.073110e-001 -7.835000e-002
7.681530e-001 -2.203400e-002 1.620100e-002
7.683630e-001 1.645600e-002 -1.698960e-001
7.691770e-001 -2.805000e-003 1.772600e-002
7.694930e-001 -9.422400e-002 -1.531950e-001
7.698580e-001 6.340600e-002 -1.132000e-001
7.701040e-001 -1.098330e-001 -8.842400e-002
7.704750e-001 1.983400e-002 1.342600e-002
7.705710e-001 7.523000e-003 1.715000e-002
7.708220e-001 -1.112130e-001 -9.644500e-002
7.708680e-001 -8.124500e-002 -2.431500e-002
7.708890e-001 -1.541100e-002 -1.783230e-001
7.723330e-001 4.339300e-002 -8.800000e-004
7.726860e-001 2.705100e-002 1.099200e-002
7.728010e-001 -8.399400e-002 -1.619670e-001
7.734640e-001 -7.266700e-002 -1.182800e-002
7.735240e-001 6.844300e-002 -9.841800e-002
7.746990e-001 -1.336700e-002 1.913200e-002
7.752570e-001 7.279900e-002 -6.414500e-002
7.754930e-001 7.133300e-002 -8.544900e-002
7.764120e-001 -3.636000e-003 -1.761970e-001
7.764450e-001 -5.007100e-002 7.802000e-003
7.766210e-001 5.633800e-002 -1.404600e-002
7.766500e-001 -3.455300e-002 1.504300e-002
7.767910e-001 -1.024140e-001 -1.422660e-001
7.769330e-001 -6.066200e-002 6.680000e-004
7.770390e-001 -9.429200e-002 -1.521120e-001
7.771100e-001 -8.700700e-002 -3.192300e-002
7.774200e-001 -1.125270e-001 -1.069670e-001
7.774380e-001 1.004800e-002 -1.725150e-001
7.778810e-001 1.447000e-003 2.056100e-002
7.779410e-001 4.720500e-002 -1.469370e-001
7.782730e-001 6.931000e-002 -4.041300e-002
7.784530e-001 4.045300e-002 -1.542140e-001
7.785760e-001 -1.052040e-001 -7.043200e-002
7.787290e-001 -9.690600e-002 -5.059700e-002
7.791290e-001 2.048800e-002 -1.681950e-001
7.792170e-001 6.030400e-002 -1.258130e-001
7.792820e-001 -4.240300e-002 1.247000e-002
7.796570e-001 -6.926000e-002 -6.034000e-003
7.798720e-001 7.341200e-002 -7.424600e-002
7.803730e-001 -1.105170e-001 -1.251640e-001
7.813630e-001 -1.017160e-001 -6.088000e-002
7.815390e-001 -3.961600e-002 -1.788430e-001
7.816090e-001 -6.863900e-002 -1.723660e-001
7.817800e-001 -7.799400e-002 -1.665110e-001
7.818080e-001 -1.124960e-001 -1.157760e-001
7.818240e-001 2.906100e-002 -1.634890e-001
7.819170e-001 -1.081430e-001 -1.323570e-001
7.821690e-001 5.010900e-002 -4.219000e-003
7.821700e-001 6.166700e-002 -2.010900e-002
7.821830e-001 -5.094000e-002 -1.778440e-001
7.832610e-001 -2.556200e-002 1.962900e-002
7.833360e-001 -7.741400e-002 -1.509700e-002
7.841760e-001 6.683000e-003 2.272200e-002
7.843270e-001 -9.258600e-002 -1.543370e-001
7.846750e-001 5.818200e-002 -1.324820e-001
7.872470e-001 -1.509700e-002 -1.771780e-001
7.878300e-001 -5.805100e-002 -1.759210e-001
7.887770e-001 3.393800e-002 1.241900e-002
7.889370e-001 1.684000e-003 -1.744800e-001
7.889460e-001 -1.158100e-002 2.411700e-002
7.896380e-001 6.511700e-002 -1.191700e-001
7.898490e-001 3.732600e-002 -1.580700e-001
7.898680e-001 1.199500e-002 2.288800e-002
7.900490e-001 2.293300e-002 1.878400e-002
7.912870e-001 -3.403000e-003 2.533800e-002
7.926040e-001 1.812400e-002 -1.690970e-001
7.931870e-001 7.006400e-002 -1.055730e-001
7.933570e-001 -4.940600e-002 1.254100e-002
7.934360e-001 5.514700e-002 -1.394470e-001
7.936430e-001 -4.894100e-002 -1.772850e-001
7.941310e-001 -1.023610e-001 -1.419500e-001
7.942280e-001 -3.398600e-002 1.981100e-002
7.943670e-001 7.379300e-002 -4.514100e-002
7.944630e-001 -8.856800e-002 -3.016700e-002
7.945010e-001 -7.008300e-002 -1.708610e-001
7.949720e-001 7.355400e-002 -9.290500e-002
7.954280e-001 6.952600e-002 -3.092100e-002
7.963640e-001 2.987200e-002 1.692600e-002
7.964490e-001 -9.440100e-002 -1.513850e-001
7.967180e-001 -1.119790e-001 -8.890200e-002
7.974210e-001 4.476100e-002 -1.521890e-001
7.976160e-001 -8.191800e-002 -1.628480e-001
7.989220e-001 -5.752600e-002 8.507000e-003
7.997740e-001 -2.803000e-002 -1.771660e-001
8.000040e-001 -8.958500e-002 -1.560970e-001
8.000880e-001 7.691600e-002 -7.763800e-002
8.001660e-001 1.159200e-002 -1.714530e-001
8.003100e-001 5.720400e-002 -6.889000e-003
8.009710e-001 -1.112370e-001 -1.194940e-001
8.013750e-001 -1.136060e-001 -9.934900e-002
8.015940e-001 -9.928000e-003 2.751100e-002
8.029560e-001 3.179400e-002 -1.623000e-001
8.031660e-001 5.317700e-002 -1.434780e-001
8.033200e-001 -5.547500e-002 -1.752060e-001
8.034780e-001 6.468500e-002 -1.666000e-002
8.037030e-001 -1.050110e-001 -1.353930e-001
8.038690e-001 2.405000e-003 2.843900e-002
8.040480e-001 -2.030900e-002 2.641400e-002
8.041060e-001 4.918100e-002 3.840000e-003
8.042620e-001 -7.551500e-002 -1.665240e-001
8.044450e-001 -1.834500e-002 -1.764260e-001
8.049860e-001 -6.588500e-002 3.000000e-003
8.050350e-001 -9.410500e-002 -3.934500e-002
8.051380e-001 -1.004800e-001 -5.429800e-002
8.056650e-001 7.873400e-002 -6.323300e-002
8.060980e-001 -7.409100e-002 -5.475000e-003
8.061050e-001 -8.175000e-002 -1.587400e-002
8.062920e-001 -4.229800e-002 1.874800e-002
8.066930e-001 -7.555000e-003 -1.755500e-001
8.075000e-001 -1.133520e-001 -1.073820e-001
8.076500e-001 -1.079280e-001 -1.280770e-001
8.078280e-001 1.190900e-002 2.745400e-002
8.081380e-001 -8.413900e-002 -1.597720e-001
8.091870e-001 2.598100e-002 -1.655030e-001
8.093730e-001 3.683000e-002 1.521900e-002
8.094630e-001 -6.855200e-002 -1.704080e-001
8.103590e-001 7.892100e-002 -5.235900e-002
8.105280e-001 -2.025000e-003 3.281200e-002
8.108330e-001 7.621600e-002 -3.830100e-002
8.112250e-001 7.605300e-002 -9.686900e-002
8.116590e-001 -1.110080e-001 -8.098600e-002
8.117040e-001 4.643300e-002 8.237000e-003
8.118490e-001 -8.106900e-002 -1.628920e-001
8.120350e-001 -3.361800e-002 2.335300e-002
8.124370e-001 -9.607200e-002 -1.471040e-001
8.126300e-001 -4.435200e-002 -1.756880e-001
8.137890e-001 8.509000e-003 3.535700e-002
8.139760e-001 -4.966800e-002 1.595200e-002
8.147710e-001 -8.922900e-002 -1.546580e-001
8.151140e-001 -6.634900e-002 4.375000e-003
8.154690e-001 -1.128100e-001 -8.886300e-002
8.155920e-001 4.082300e-002 -1.563690e-001
8.156510e-001 -5.440000e-004 4.609400e-002
8.156740e-001 6.049600e-002 -5.245000e-003
8.157680e-001 7.982800e-002 -8.352000e-002
8.166520e-001 1.754100e-002 -1.687440e-001
8.170630e-001 7.142300e-002 -2.120000e-002
8.170860e-001 -1.488600e-002 2.933500e-002
8.172050e-001 -5.964100e-002 9.977000e-003
8.172900e-001 7.345300e-002 -1.096310e-001
8.176300e-001 -6.388900e-002 -1.716370e-001
8.181980e-001 -7.701600e-002 -1.644610e-001
8.183030e-001 7.177000e-003 -1.721990e-001
8.183850e-001 1.982000e-002 2.660700e-002
8.190720e-001 7.749200e-002 -3.335600e-002
8.198750e-001 4.849900e-002 -1.500450e-001
8.199890e-001 -3.200100e-002 -1.758410e-001
8.201760e-001 -7.915000e-003 3.541600e-002
8.202370e-001 -1.006010e-001 -1.394810e-001
8.205230e-001 -2.543400e-002 2.675200e-002
8.213170e-001 -1.062570e-001 -1.288170e-001
8.213460e-001 -7.734100e-002 -7.416000e-003
8.216650e-001 1.851500e-002 3.858700e-002
8.220850e-001 -8.827800e-002 -2.486000e-002
8.222140e-001 8.336700e-002 -6.804900e-002
8.231120e-001 6.576500e-002 -9.553000e-003
8.235600e-001 2.966800e-002 2.221000e-002
8.238750e-001 -9.609600e-002 -1.452330e-001
8.239410e-001 -5.602000e-002 -1.733550e-001
8.240970e-001 3.328300e-002 -1.614190e-001
8.246350e-001 5.647900e-002 1.776000e-003
8.253190e-001 -8.837000e-003 -1.748590e-001
8.255280e-001 8.415400e-002 -5.168600e-002
8.258700e-001 -1.131020e-001 -9.878800e-002
8.259890e-001 2.845300e-002 2.650900e-002
8.263950e-001 -1.054860e-001 -6.376200e-002
8.267020e-001 -7.321100e-002 -1.174000e-003
8.281460e-001 -4.269700e-002 2.039500e-002
8.281910e-001 -2.170800e-002 -1.753870e-001
8.287220e-001 4.328000e-002 1.433400e-002
8.289410e-001 7.206600e-002 -1.180290e-001
8.291570e-001 6.430500e-002 -1.315730e-001
8.292100e-001 -8.943500e-002 -1.521060e-001
8.298330e-001 -9.638000e-003 3.786700e-002
8.298370e-001 -1.028260e-001 -1.333600e-001
8.298770e-001 -5.684600e-002 1.278500e-002
8.300270e-001 -1.082920e-001 -1.217500e-001
8.303380e-001 -1.122280e-001 -8.811500e-002
8.308780e-001 4.264100e-002 1.893500e-002
8.309230e-001 -9.477600e-002 -3.678500e-002
8.310290e-001 -4.556700e-002 -1.744120e-001
8.315030e-001 7.421600e-002 -1.770500e-002
8.317400e-001 8.312200e-002 -8.851000e-002
8.321740e-001 -6.455100e-002 6.937000e-003
8.326340e-001 -8.424400e-002 -1.627100e-002
8.330560e-001 -6.952500e-002 -1.675410e-001
8.330590e-001 -7.774300e-002 -6.689000e-003
8.333980e-001 8.180800e-002 -3.013300e-002
8.334060e-001 -1.525800e-002 3.078000e-002
8.334670e-001 3.878500e-002 -1.575900e-001
8.350140e-001 6.662700e-002 -6.845000e-003
8.350230e-001 5.230500e-002 8.107000e-003
8.351900e-001 -2.180300e-002 2.914200e-002
8.354630e-001 -5.497000e-002 -1.720520e-001
8.356440e-001 -8.208000e-002 -1.581530e-001
8.357300e-001 2.568700e-002 -1.647320e-001
8.358910e-001 -9.639700e-002 -1.421660e-001
8.371250e-001 7.976100e-002 -1.023730e-001
8.371450e-001 -1.101540e-001 -1.131220e-001
8.379490e-001 -1.232100e-002 -1.741300e-001
8.381780e-001 -2.168500e-002 3.132100e-002
8.381990e-001 1.102500e-002 -1.697140e-001
8.383120e-001 -1.091830e-001 -7.389100e-002
8.384090e-001 7.218000e-002 -1.204320e-001
8.384930e-001 -7.115500e-002 1.446000e-003
8.387390e-001 -3.125100e-002 2.557300e-002
8.387570e-001 -3.438700e-002 -1.741480e-001
8.393020e-001 5.164500e-002 -1.473690e-001
8.397810e-001 7.988200e-002 -2.396400e-002
8.407230e-001 -6.866600e-002 -1.662510e-001
8.415180e-001 -1.002950e-001 -1.352870e-001
8.418130e-001 6.720600e-002 -7.527000e-003
8.418250e-001 -5.033400e-002 1.671000e-002
8.419120e-001 8.784700e-002 -3.661100e-002
8.422860e-001 8.240400e-002 -2.391000e-002
8.423750e-001 -8.079600e-002 -1.056000e-002
8.424270e-001 5.821800e-002 3.223000e-003
8.425650e-001 5.817400e-002 -1.405850e-001
8.431310e-001 8.831600e-002 -7.890800e-002
8.431600e-001 -8.751800e-002 -1.517390e-001
8.434370e-001 9.165200e-002 -6.254500e-002
8.435950e-001 9.078600e-002 -4.467500e-002
8.437380e-001 5.822200e-002 7.634000e-003
8.441790e-001 -4.748200e-002 -1.717940e-001
8.453490e-001 6.797200e-002 -4.159000e-003
8.458080e-001 6.750000e-002 -1.287820e-001
8.461940e-001 8.538200e-002 -9.058500e-002
8.464760e-001 6.527600e-002 2.622000e-003
8.466940e-001 4.019200e-002 -1.560810e-001
8.467760e-001 8.202400e-002 -1.281100e-002
8.469440e-001 -9.636400e-002 -1.391940e-001
8.470280e-001 -7.394200e-002 -1.619460e-001
8.470440e-001 -5.805000e-002 -1.691170e-001
8.471760e-001 8.874700e-002 -2.035500e-002
8.472360e-001 -3.805800e-002 2.545000e-002
8.475450e-001 -6.781900e-002 4.392000e-003
8.475910e-001 9.364000e-002 -5.147500e-002
8.478070e-001 -8.608700e-002 -1.966800e-002
8.484930e-001 9.524500e-002 -3.147600e-002
8.488990e-001 -1.700800e-002 -1.728630e-001
8.502730e-001 -4.612100e-002 1.937700e-002
8.503580e-001 -5.983700e-002 1.064800e-002
8.505270e-001 -2.501900e-002 -1.725650e-001
8.509060e-001 9.899100e-002 -4.026000e-002
8.510310e-001 -1.111490e-001 -1.015090e-001
8.516570e-001 8.111700e-002 -1.033430e-001
8.517810e-001 -6.611700e-002 -1.651430e-001
8.519480e-001 8.306600e-002 -6.032000e-003
8.531380e-001 9.964900e-002 -3.229900e-002
8.539960e-001 -4.061000e-003 -1.708220e-001
8.542310e-001 8.028000e-003 -1.685420e-001
8.545690e-001 -7.968600e-002 -9.426000e-003
8.549240e-001 -1.068140e-001 -1.175130e-001
8.550730e-001 9.724500e-002 -6.209300e-002
8.553720e-001 5.018800e-002 -1.478610e-001
8.556080e-001 2.004500e-002 -1.649240e-001
8.556100e-001 -9.479300e-002 -3.566100e-002
8.562830e-001 9.675200e-002 -2.070100e-002
8.564470e-001 9.225400e-002 -7.985000e-003
8.564810e-001 -1.052580e-001 -6.114300e-002
8.565090e-001 -9.823200e-002 -1.343430e-001
8.566910e-001 1.021790e-001 -5.359900e-002
8.577430e-001 -6.650600e-002 5.442000e-003
8.583150e-001 -7.305600e-002 -1.272000e-003
8.586110e-001 -5.498300e-002 1.460100e-002
8.587590e-001 -7.199400e-002 -1.606110e-001
8.588670e-001 7.468000e-002 -1.167720e-001
8.590670e-001 9.689100e-002 -7.182300e-002
8.593720e-001 6.075000e-002 -1.366330e-001
8.595740e-001 -1.003000e-001 -4.789200e-002
8.598010e-001 -9.037000e-002 -1.436910e-001
8.599620e-001 9.909100e-002 -1.645500e-002
8.599890e-001 -8.399500e-002 -1.506010e-001
8.603870e-001 1.067030e-001 -4.388200e-002
8.604270e-001 -1.103510e-001 -8.113700e-002
8.604880e-001 3.057800e-002 -1.600320e-001
8.618340e-001 -1.021940e-001 -1.260730e-001
8.618580e-001 -2.813500e-002 -1.702890e-001
8.621630e-001 -6.111200e-002 -1.640740e-001
8.624180e-001 1.043720e-001 -3.035900e-002
8.631770e-001 8.424300e-002 -1.013030e-001
8.633000e-001 9.075400e-002 -8.949500e-002
8.633060e-001 -1.091380e-001 -1.072530e-001
8.639340e-001 1.068800e-001 -5.926200e-002
8.641150e-001 -5.024400e-002 -1.667860e-001
8.649010e-001 9.674500e-002 -7.920800e-002
8.649670e-001 6.691500e-002 -1.284270e-001
8.663160e-001 4.199600e-002 -1.525660e-001
8.665700e-001 -9.053500e-002 -2.825600e-002
8.675770e-001 1.096360e-001 -2.744500e-002
8.678970e-001 1.105720e-001 -5.315400e-002
8.691510e-001 -2.147800e-002 -1.686560e-001
8.694140e-001 -3.724200e-002 -1.673340e-001
8.699630e-001 -6.503400e-002 6.749000e-003
8.702040e-001 8.008500e-002 -1.091600e-001
8.707290e-001 1.157930e-001 -2.292200e-002
8.707720e-001 -9.459500e-002 -1.349450e-001
8.709480e-001 1.144800e-002 -1.650340e-001
8.712820e-001 9.643500e-002 -8.489000e-002
8.716930e-001 -7.718800e-002 -7.241000e-003
8.718460e-001 -1.056220e-001 -1.145490e-001
8.721060e-001 1.113130e-001 -6.083100e-002
8.725780e-001 -7.987000e-003 -1.679480e-001
8.726710e-001 3.450000e-004 -1.667770e-001
8.727230e-001 1.120020e-001 -4.682000e-002
8.731060e-001 -1.068000e-001 -6.852100e-002
8.733210e-001 -1.098210e-001 -9.424200e-002
8.748530e-001 1.159170e-001 -3.949000e-002
8.750130e-001 -5.780800e-002 -1.614330e-001
8.751940e-001 -1.088940e-001 -1.006220e-001
8.757260e-001 9.045800e-002 -9.606400e-002
8.760930e-001 7.489800e-002 -1.165190e-001
8.761190e-001 -6.559500e-002 -1.577460e-001
8.761800e-001 1.089630e-001 -7.171800e-002
8.762270e-001 -7.923600e-002 -1.489940e-001
8.774840e-001 -4.461000e-002 -1.635790e-001
8.777660e-001 3.097000e-002 -1.565910e-001
8.783170e-001 1.227630e-001 -3.476900e-002
8.784430e-001 4.735000e-002 -1.462530e-001
8.784660e-001 -1.860500e-002 -1.662420e-001
8.786420e-001 1.046980e-001 -8.018700e-002
8.786660e-001 5.623800e-002 -1.382010e-001
8.791070e-001 -9.606900e-002 -4.056800e-002
8.796980e-001 -8.509000e-002 -1.421360e-001
8.802820e-001 -1.001200e-001 -1.231770e-001
8.803350e-001 1.145470e-001 -5.711000e-002
8.805160e-001 -7.079500e-002 -1.530980e-001
8.806080e-001 -1.080740e-001 -7.990500e-002
8.811310e-001 -7.880900e-002 -1.099900e-002
8.812890e-001 -1.021030e-001 -5.572200e-002
8.817830e-001 -9.265400e-002 -1.327810e-001
8.820860e-001 1.848000e-002 -1.607100e-001
8.828810e-001 1.195720e-001 -5.065100e-002
8.834000e-001 1.125860e-001 -7.026900e-002
8.837100e-001 -1.060860e-001 -1.058890e-001
8.837990e-001 6.503300e-002 -1.280550e-001
8.838400e-001 -7.045400e-002 1.004000e-003
8.838470e-001 -1.030530e-001 -1.149700e-001
8.842690e-001 1.256260e-001 -4.359100e-002
8.844120e-001 8.824200e-002 -1.013670e-001
8.844820e-001 5.474000e-003 -1.632480e-001
8.854160e-001 -3.212000e-002 -1.629190e-001
8.861410e-001 3.734700e-002 -1.511470e-001
8.876720e-001 -7.489300e-002 -6.105000e-003
8.878030e-001 1.094100e-001 -7.945800e-002
8.880270e-001 7.637400e-002 -1.151160e-001
8.886080e-001 -9.083600e-002 -3.171900e-002
8.889520e-001 -7.842000e-003 -1.636970e-001
8.900410e-001 1.047950e-001 -8.644800e-002
8.925850e-001 -6.385400e-002 -1.519140e-001
8.936140e-001 1.304390e-001 -5.028800e-002
8.936970e-001 -1.061020e-001 -8.566900e-002
8.937840e-001 1.141720e-001 -7.211400e-002
8.944230e-001 -7.109300e-002 -1.467190e-001
8.945930e-001 -5.427300e-002 -1.548880e-001
8.955920e-001 8.545500e-002 -1.062630e-001
8.957190e-001 -1.504100e-002 -1.618630e-001
8.958800e-001 -3.118500e-002 -1.596510e-001
8.968690e-001 2.389700e-002 -1.548870e-001
8.969910e-001 1.189690e-001 -6.825500e-002
8.973500e-001 -7.755800e-002 -1.415900e-001
8.975440e-001 -1.018920e-001 -6.191900e-002
8.981180e-001 -9.367600e-002 -3.941300e-002
8.981810e-001 1.034730e-001 -9.075000e-002
8.982790e-001 4.105100e-002 -1.456180e-001
8.984240e-001 7.181800e-002 -1.189280e-001
8.986220e-001 -1.042680e-001 -9.777500e-002
8.994960e-001 5.453600e-002 -1.356240e-001
8.995200e-001 -9.684700e-002 -1.188560e-001
9.000520e-001 -1.035530e-001 -7.237100e-002
9.006280e-001 1.268360e-001 -6.340700e-002
9.010570e-001 -9.789000e-002 -5.033800e-002
9.013990e-001 -8.472200e-002 -1.334850e-001
9.016380e-001 -4.278500e-002 -1.550540e-001
9.040750e-001 -2.648800e-002 -1.581780e-001
9.047840e-001 -6.427300e-002 -1.471410e-001
9.052020e-001 -9.173600e-002 -1.237850e-001
9.057490e-001 8.455400e-002 -1.081240e-001
9.057620e-001 1.131210e-001 -8.061100e-002
9.057730e-001 -9.878300e-002 -1.110860e-001
9.064710e-001 1.130400e-002 -1.562050e-001
9.072840e-001 3.525700e-002 -1.468280e-001
9.074720e-001 -8.562500e-002 -2.727100e-002
9.079410e-001 -7.761900e-002 -1.366730e-001
9.084270e-001 1.079850e-001 -8.730400e-002
9.085830e-001 -1.946000e-003 -1.580620e-001
9.089560e-001 -4.757200e-002 -1.520300e-001
9.093370e-001 1.347600e-001 -5.923300e-002
9.095780e-001 1.272010e-001 -6.978100e-002
9.097250e-001 -1.022130e-001 -8.861200e-002
9.107620e-001 6.219800e-002 -1.262810e-001
9.120770e-001 9.842600e-002 -9.812900e-002
9.129730e-001 -1.009100e-001 -7.474800e-002
9.133770e-001 -9.410400e-002 -4.548800e-002
9.134050e-001 1.224910e-001 -7.631800e-002
9.139820e-001 -9.727300e-002 -5.548600e-002
9.143060e-001 7.595400e-002 -1.147390e-001
9.143250e-001 -2.500800e-002 -1.562250e-001
9.151420e-001 4.666800e-002 -1.373730e-001
9.152360e-001 -1.005340e-001 -9.321900e-002
9.158170e-001 -9.792700e-002 -1.045850e-001
9.160850e-001 -9.022600e-002 -3.869200e-002
9.161870e-001 -8.190600e-002 -1.300720e-001
9.163510e-001 -5.085200e-002 -1.488470e-001
9.182760e-001 -1.379300e-002 -1.559840e-001
9.184010e-001 1.339590e-001 -6.633100e-002
9.184060e-001 -6.551200e-002 -1.413910e-001
9.192930e-001 -9.216500e-002 -1.149060e-001
9.195570e-001 6.280000e-003 -1.534590e-001
9.208760e-001 1.135640e-001 -8.661500e-002
9.223510e-001 1.855600e-002 -1.495340e-001
9.225020e-001 9.920300e-002 -9.766000e-002
9.225540e-001 8.688500e-002 -1.072170e-001
9.233670e-001 3.520400e-002 -1.421990e-001
9.250450e-001 1.220490e-001 -8.226600e-002
9.257320e-001 -8.352200e-002 -1.236140e-001
9.257760e-001 6.461900e-002 -1.213200e-001
9.263850e-001 -9.779600e-002 -8.136500e-002
9.265750e-001 -2.256400e-002 -1.528910e-001
9.268320e-001 -7.771000e-003 -1.533120e-001
9.270490e-001 1.272670e-001 -7.793600e-002
9.275040e-001 -8.726200e-002 -3.960300e-002
9.297810e-001 -5.576700e-002 -1.427600e-001
9.300210e-001 -7.250700e-002 -1.319470e-001
9.303120e-001 -9.396500e-002 -5.870800e-002
9.310140e-001 9.265900e-002 -1.029080e-001
9.317360e-001 2.533700e-002 -1.443440e-001
9.318550e-001 1.193740e-001 -8.623000e-002
9.326900e-001 -8.685600e-002 -1.142070e-001
9.340360e-001 -9.502500e-002 -9.045400e-002
9.343980e-001 -9.203300e-002 -1.026510e-001
9.349910e-001 4.832500e-002 -1.302250e-001
9.350650e-001 -4.247200e-002 -1.461240e-001
9.352240e-001 -3.490500e-002 -1.481130e-001
9.356340e-001 -8.120000e-004 -1.497520e-001
9.373730e-001 -1.690700e-002 -1.500940e-001
9.374280e-001 1.119900e-001 -9.242100e-002
9.380710e-001 6.456900e-002 -1.192820e-001
9.380910e-001 -9.335600e-002 -6.897400e-002
9.386950e-001 1.213600e-002 -1.462960e-001
9.389950e-001 8.715400e-002 -1.064500e-001
9.394290e-001 -6.101400e-002 -1.358810e-001
9.408880e-001 -7.836100e-002 -1.203720e-001
9.433330e-001 7.138000e-002 -1.148280e-001
9.433800e-001 -2.487600e-002 -1.473270e-001
9.455740e-001 -7.302000e-003 -1.468600e-001
9.468570e-001 1.192220e-001 -8.847600e-002
9.474290e-001 -8.273200e-002 -1.108240e-001
9.474310e-001 -7.182800e-002 -1.233340e-001
9.474600e-001 3.166200e-002 -1.359510e-001
9.481550e-001 -6.280200e-002 -1.309500e-001
9.482070e-001 4.738200e-002 -1.271510e-001
9.486700e-001 9.555300e-002 -1.023900e-001
9.509360e-001 6.007000e-003 -1.432840e-001
9.519400e-001 -8.847500e-002 -9.134100e-002
9.520970e-001 -4.098500e-002 -1.401720e-001
9.545020e-001 2.134500e-002 -1.376990e-001
9.547850e-001 7.446100e-002 -1.133890e-001
9.567820e-001 -8.638400e-002 -6.121700e-002
9.568280e-001 -7.151000e-002 -1.183140e-001
9.571810e-001 -8.767700e-002 -7.568200e-002
9.587520e-001 -5.352800e-002 -1.318930e-001
9.591520e-001 8.338000e-002 -1.083610e-001
9.602340e-001 -6.365200e-002 -1.241870e-001
9.602860e-001 -1.632000e-002 -1.418420e-001
9.613640e-001 -2.616000e-003 -1.411430e-001
9.626810e-001 -7.952700e-002 -1.040030e-001
9.627260e-001 3.668400e-002 -1.290060e-001
9.628600e-001 1.362100e-002 -1.372480e-001
9.645190e-001 -3.864700e-002 -1.362830e-001
9.645420e-001 5.369100e-002 -1.208140e-001
9.646300e-001 9.093400e-002 -1.056420e-001
9.650020e-001 -2.841900e-002 -1.386910e-001
9.657750e-001 6.189700e-002 -1.185820e-001
9.669880e-001 -6.593300e-002 -1.190300e-001
9.677720e-001 -8.483900e-002 -6.880400e-002
9.687620e-001 -8.058200e-002 -9.564500e-002
9.699790e-001 -8.269400e-002 -8.353600e-002
9.700700e-001 2.078300e-002 -1.333150e-001
9.702440e-001 -4.676500e-002 -1.304570e-001
9.717240e-001 7.779300e-002 -1.112770e-001
9.730990e-001 5.124100e-002 -1.223940e-001
9.743730e-001 -2.194800e-002 -1.368700e-001
9.758970e-001 3.773100e-002 -1.256880e-001
9.764420e-001 -5.013600e-002 -1.269040e-001
9.773870e-001 -7.128100e-002 -1.079620e-001
9.792590e-001 -6.597300e-002 -1.134440e-001
9.802120e-001 -7.761100e-002 -8.979400e-002
9.805970e-001 -8.115300e-002 -8.048200e-002
9.816220e-001 4.669000e-003 -1.345600e-001
9.828970e-001 -7.351900e-002 -9.823600e-002
9.829160e-001 7.631100e-002 -1.136710e-001
9.849040e-001 5.111800e-002 -1.220800e-001
9.852850e-001 2.373500e-002 -1.283060e-001
9.857040e-001 -3.948700e-002 -1.289670e-001
9.857130e-001 -8.154000e-003 -1.342420e-001
9.866240e-001 -5.686400e-002 -1.188470e-001
9.876530e-001 6.915500e-002 -1.170250e-001
9.888040e-001 -7.426200e-002 -9.360700e-002
9.892940e-001 2.662700e-002 -1.285450e-001
9.901080e-001 -4.577500e-002 -1.243170e-001
9.912290e-001 4.466300e-002 -1.241370e-001
9.927420e-001 4.651000e-003 -1.309320e-001
9.935640e-001 -2.445900e-002 -1.308440e-001
9.938210e-001 -6.476700e-002 -1.056230e-001
9.968210e-001 1.252500e-002 -1.296690e-001
9.969940e-001 -3.310700e-002 -1.268150e-001
9.970750e-001 -5.868300e-002 -1.109450e-001
9.992870e-001 -1.403100e-002 -1.292930e-001
9.997090e-001 -2.580100e-002 -1.275960e-001
9.997520e-001 -4.728400e-002 -1.187030e-001
1 -6.628500e-002 -9.991500e-002
1.001170e+000 4.393400e-002 -1.251680e-001
1.001690e+000 2.725900e-002 -1.273300e-001
1.002810e+000 -5.953300e-002 -1.074650e-001
1.004060e+000 -7.490000e-003 -1.292390e-001
1.006100e+000 -3.811900e-002 -1.221120e-001
1.006870e+000 1.511200e-002 -1.282800e-001
1.008000e+000 -4.775000e-002 -1.161030e-001
1.008110e+000 -1.903400e-002 -1.274940e-001
1.008370e+000 -6.110800e-002 -1.084850e-001
1.009570e+000 -3.130800e-002 -1.239690e-001
1.009830e+000 -5.386400e-002 -1.140080e-001
1.011960e+000 -1.487700e-002 -1.269860e-001
1.012110e+000 1.376000e-003 -1.291270e-001
1.013930e+000 -3.053200e-002 -1.246770e-001
1.014200e+000 -4.273900e-002 -1.202400e-001
1.016470e+000 1.355700e-002 -1.284910e-001
1.018240e+000 -1.456300e-002 -1.265560e-001
