1.284260e+000 -1.317400e-002 -3.154190e-001
1.288110e+000 3.591000e-003 -3.118800e-001
1.289030e+000 1.564400e-002 -3.198000e-001
1.290400e+000 -1.916000e-003 -3.091470e-001
1.291570e+000 7.330000e-003 -3.113520e-001
1.293490e+000 -4.884800e-002 -3.207480e-001
1.293770e+000 1.964700e-002 -3.223030e-001
1.294590e+000 -2.982500e-002 -3.159550e-001
1.295790e+000 -4.833000e-003 -3.054260e-001
1.295810e+000 -1.262600e-002 -3.081620e-001
1.296570e+000 -5.599600e-002 -3.245500e-001
1.296830e+000 -3.896900e-002 -3.164740e-001
1.298740e+000 -2.651100e-002 -3.136340e-001
1.299770e+000 1.390000e-003 -3.014620e-001
1.300020e+000 2.987300e-002 -3.513890e-001
1.300100e+000 -9.850000e-003 -3.013480e-001
1.300570e+000 1.517700e-002 -3.125580e-001
1.300900e+000 2.675600e-002 -3.334020e-001
1.301750e+000 -1.718400e-002 -3.037710e-001
1.302590e+000 2.965500e-002 -3.424270e-001
1.303210e+000 -6.002200e-002 -3.283740e-001
1.303530e+000 -4.871700e-002 -3.189620e-001
1.303580e+000 -5.693000e-003 -2.934180e-001
1.304290e+000 -9.956000e-003 -2.922820e-001
1.305740e+000 -2.902100e-002 -3.097170e-001
1.305740e+000 2.837700e-002 -3.627520e-001
1.308030e+000 2.313800e-002 -3.206210e-001
1.308250e+000 2.864600e-002 -3.317170e-001
1.308260e+000 5.180000e-004 -2.910710e-001
1.308580e+000 9.184000e-003 -2.992500e-001
1.308870e+000 -6.658200e-002 -3.527950e-001
1.310570e+000 -2.794700e-002 -3.002770e-001
1.310630e+000 -2.345800e-002 -2.915020e-001
1.310680e+000 -1.973500e-002 -2.858090e-001
1.312060e+000 -4.845500e-002 -3.167850e-001
1.312510e+000 -3.278800e-002 -3.062750e-001
1.313350e+000 2.725300e-002 -3.689120e-001
1.313520e+000 1.559800e-002 -3.039250e-001
1.313590e+000 -4.191500e-002 -3.109670e-001
1.314160e+000 -5.618700e-002 -3.242670e-001
1.314650e+000 -3.248100e-002 -3.020790e-001
1.315620e+000 3.318600e-002 -3.417030e-001
1.316160e+000 3.282200e-002 -3.488090e-001
1.316460e+000 3.151100e-002 -3.348530e-001
1.316880e+000 -7.086000e-003 -2.743840e-001
1.317420e+000 -5.944000e-002 -3.297120e-001
1.317490e+000 -1.859600e-002 -2.714400e-001
1.318600e+000 -1.504200e-002 -2.689530e-001
1.319490e+000 2.310900e-002 -3.782850e-001
1.319790e+000 1.779300e-002 -3.830130e-001
1.319890e+000 1.108000e-002 -3.868370e-001
1.320110e+000 -5.955700e-002 -3.619000e-001
1.320110e+000 -3.940000e-004 -3.897620e-001
1.320570e+000 -2.536800e-002 -2.722110e-001
1.320970e+000 -6.059900e-002 -3.365030e-001
1.321540e+000 1.880100e-002 -3.041580e-001
1.321810e+000 -1.532400e-002 -3.895500e-001
1.321900e+000 -5.431000e-002 -3.683910e-001
1.322030e+000 -1.945300e-002 -2.641810e-001
1.322110e+000 1.007800e-002 -2.867580e-001
1.322240e+000 -6.098600e-002 -3.543820e-001
1.322340e+000 -3.613500e-002 -2.857110e-001
1.322550e+000 -4.315800e-002 -3.068030e-001
1.322600e+000 3.301300e-002 -3.451410e-001
1.323210e+000 2.807100e-002 -3.674100e-001
1.323510e+000 -4.144000e-003 -2.680980e-001
1.324910e+000 3.528000e-003 -2.745140e-001
1.324920e+000 -3.688800e-002 -3.766450e-001
1.324920e+000 -1.524800e-002 -2.610300e-001
1.325270e+000 3.094100e-002 -3.327510e-001
1.325610e+000 -3.463600e-002 -2.745710e-001
1.325920e+000 -6.147000e-003 -3.878800e-001
1.326240e+000 -2.343200e-002 -2.645180e-001
1.326250e+000 2.463800e-002 -3.732220e-001
1.326450e+000 -5.200100e-002 -3.167230e-001
1.326700e+000 2.416700e-002 -3.120760e-001
1.327650e+000 1.819400e-002 -3.796340e-001
1.328150e+000 -3.231600e-002 -2.671130e-001
1.328190e+000 3.119600e-002 -3.517490e-001
1.328950e+000 -4.292700e-002 -3.005240e-001
1.329730e+000 1.038700e-002 -3.828050e-001
1.329820e+000 -4.711800e-002 -3.687680e-001
1.330850e+000 1.468600e-002 -2.849330e-001
1.331080e+000 -2.407300e-002 -3.798130e-001
1.331540e+000 -4.318700e-002 -2.883310e-001
1.333320e+000 -4.896800e-002 -3.097860e-001
1.333720e+000 2.707500e-002 -3.139770e-001
1.333800e+000 -9.719000e-003 -2.526740e-001
1.333870e+000 -2.230000e-002 -2.509530e-001
1.334620e+000 -5.358600e-002 -3.215050e-001
1.334870e+000 -4.247300e-002 -2.715990e-001
1.335760e+000 -3.624000e-002 -2.602260e-001
1.336060e+000 -2.912000e-003 -2.547720e-001
1.336110e+000 -1.718300e-002 -2.479250e-001
1.336280e+000 -5.322200e-002 -3.518990e-001
1.336450e+000 -2.555000e-003 -3.797570e-001
1.336490e+000 3.082500e-002 -3.312440e-001
1.336980e+000 8.760000e-003 -3.767040e-001
1.337020e+000 -2.215200e-002 -2.498750e-001
1.337160e+000 2.338300e-002 -3.652570e-001
1.338170e+000 2.408900e-002 -2.972670e-001
1.338300e+000 -5.407800e-002 -3.287800e-001
1.338600e+000 -4.726400e-002 -3.022860e-001
1.338950e+000 3.639000e-003 -2.593360e-001
1.338980e+000 -3.556300e-002 -3.697610e-001
1.339440e+000 -4.161600e-002 -3.662070e-001
1.340140e+000 -1.399400e-002 -3.763180e-001
1.340520e+000 -4.796200e-002 -3.579250e-001
1.340990e+000 1.419500e-002 -3.704520e-001
1.341030e+000 -4.773000e-002 -2.788270e-001
1.341380e+000 -4.757600e-002 -2.942750e-001
1.341430e+000 -1.810600e-002 -2.419410e-001
1.341530e+000 -4.453000e-002 -3.618360e-001
1.341680e+000 2.779000e-002 -3.517500e-001
1.342100e+000 2.963000e-002 -3.175860e-001
1.342160e+000 3.064000e-002 -3.384750e-001
1.343130e+000 -2.851700e-002 -2.463640e-001
1.343430e+000 -4.617500e-002 -2.658950e-001
1.343590e+000 2.784100e-002 -3.026210e-001
1.343720e+000 -5.240700e-002 -3.301780e-001
1.343970e+000 -4.229600e-002 -2.571980e-001
1.344510e+000 -2.245400e-002 -3.713400e-001
1.345670e+000 -2.281400e-002 -2.421120e-001
1.345830e+000 -5.071100e-002 -3.126780e-001
1.346720e+000 4.893000e-003 -3.708450e-001
1.347100e+000 1.744000e-002 -2.711230e-001
1.347520e+000 2.120400e-002 -3.575720e-001
1.348190e+000 -5.544000e-003 -3.726670e-001
1.349050e+000 -1.730400e-002 -2.385530e-001
1.349310e+000 1.449200e-002 -3.629620e-001
1.349400e+000 -1.318000e-003 -2.438900e-001
1.349900e+000 3.103600e-002 -3.234280e-001
1.350020e+000 -3.711000e-002 -2.438720e-001
1.350430e+000 -4.940800e-002 -3.025060e-001
1.350570e+000 -4.993000e-002 -2.922380e-001
1.351030e+000 -5.058300e-002 -2.688510e-001
1.351370e+000 2.897100e-002 -3.390950e-001
1.351460e+000 -1.047000e-002 -2.346840e-001
1.351820e+000 -4.992300e-002 -3.263040e-001
1.351820e+000 2.514300e-002 -2.778550e-001
1.352130e+000 -3.354800e-002 -3.602190e-001
1.352930e+000 -4.645000e-002 -3.381240e-001
1.353250e+000 -9.184000e-003 -3.701230e-001
1.353630e+000 -5.007300e-002 -3.139840e-001
1.353900e+000 -1.599200e-002 -3.686060e-001
1.353990e+000 -5.182400e-002 -2.733440e-001
1.355200e+000 -3.986000e-002 -3.486220e-001
1.355200e+000 2.062100e-002 -2.656830e-001
1.355250e+000 3.178200e-002 -3.112850e-001
1.356020e+000 -1.757100e-002 -2.317850e-001
1.356500e+000 -4.888100e-002 -2.550310e-001
1.357490e+000 2.419000e-003 -3.652920e-001
1.357750e+000 1.533700e-002 -2.545940e-001
1.357810e+000 2.458700e-002 -3.439220e-001
1.357860e+000 -4.674700e-002 -2.480040e-001
1.358220e+000 3.084900e-002 -2.833970e-001
1.358370e+000 -4.378900e-002 -2.424720e-001
1.358820e+000 1.904700e-002 -3.513310e-001
1.359920e+000 -5.159500e-002 -2.612930e-001
1.360050e+000 -5.223400e-002 -2.798690e-001
1.360270e+000 2.944800e-002 -2.728200e-001
1.360340e+000 -4.947400e-002 -3.012230e-001
1.360930e+000 6.173000e-003 -2.391050e-001
1.361310e+000 3.075600e-002 -3.240790e-001
1.361620e+000 -1.802300e-002 -3.619990e-001
1.362510e+000 -4.491400e-002 -3.254760e-001
1.363050e+000 1.020700e-002 -3.568830e-001
1.363170e+000 -1.037000e-002 -3.636750e-001
1.363490e+000 2.554900e-002 -2.553030e-001
1.363900e+000 -2.671000e-003 -2.280950e-001
1.364350e+000 -4.760000e-002 -3.114990e-001
1.365230e+000 -5.200000e-003 -3.619750e-001
1.365440e+000 3.390700e-002 -2.866090e-001
1.366330e+000 -3.849300e-002 -3.335350e-001
1.366660e+000 -3.707900e-002 -2.266150e-001
1.367220e+000 3.291700e-002 -3.096360e-001
1.367420e+000 -5.290600e-002 -2.662240e-001
1.367480e+000 6.407000e-003 -3.561730e-001
1.367540e+000 -4.970300e-002 -2.937180e-001
1.367720e+000 2.151400e-002 -2.399080e-001
1.368040e+000 6.247000e-003 -2.284260e-001
1.368210e+000 -3.162300e-002 -3.413620e-001
1.368840e+000 -4.071000e-003 -2.226310e-001
1.370340e+000 3.463100e-002 -2.966420e-001
1.371570e+000 -1.880100e-002 -3.517350e-001
1.371580e+000 -4.984600e-002 -2.427390e-001
1.371650e+000 3.410500e-002 -2.534400e-001
1.372100e+000 -5.257300e-002 -2.702570e-001
1.373520e+000 1.398600e-002 -3.462240e-001
1.373680e+000 -4.412300e-002 -3.122220e-001
1.373720e+000 2.793500e-002 -2.358850e-001
1.374150e+000 2.773700e-002 -3.249610e-001
1.375090e+000 -5.452000e-003 -3.545430e-001
1.375280e+000 -2.914400e-002 -2.135440e-001
1.375330e+000 3.781500e-002 -2.598560e-001
1.375390e+000 1.913100e-002 -2.231920e-001
1.376180e+000 -5.084000e-002 -2.805830e-001
1.377950e+000 -3.859200e-002 -3.199230e-001
1.378100e+000 -1.382900e-002 -2.113430e-001
1.378150e+000 -1.552000e-003 -3.526530e-001
1.378380e+000 9.038000e-003 -3.466810e-001
1.378580e+000 -4.738600e-002 -2.934970e-001
1.379200e+000 -1.015300e-002 -3.495130e-001
1.379340e+000 4.009700e-002 -2.661100e-001
1.380580e+000 -2.256500e-002 -2.073550e-001
1.381130e+000 3.766200e-002 -2.412330e-001
1.381220e+000 -4.180000e-002 -2.167490e-001
1.381240e+000 3.427600e-002 -3.004680e-001
1.381370e+000 3.410200e-002 -2.322000e-001
1.381520e+000 -1.718200e-002 -3.427010e-001
1.381800e+000 1.346600e-002 -2.090490e-001
1.382550e+000 2.777100e-002 -2.199210e-001
1.382830e+000 2.527000e-003 -3.463770e-001
1.384000e+000 -2.358500e-002 -3.342640e-001
1.384490e+000 -3.347800e-002 -3.210110e-001
1.384880e+000 1.924800e-002 -3.311010e-001
1.385830e+000 3.021000e-002 -3.107510e-001
1.385950e+000 4.091200e-002 -2.442680e-001
1.385960e+000 -4.710600e-002 -2.210950e-001
1.387020e+000 4.206000e-002 -2.676250e-001
1.388360e+000 4.009100e-002 -2.808480e-001
1.388630e+000 2.380100e-002 -3.218460e-001
1.388800e+000 -6.182000e-003 -3.415620e-001
1.389060e+000 4.287700e-002 -2.523610e-001
1.390440e+000 2.115900e-002 -2.010950e-001
1.391030e+000 -3.128500e-002 -1.974590e-001
1.391190e+000 -3.877900e-002 -3.057740e-001
1.391510e+000 1.211200e-002 -3.326870e-001
1.391540e+000 -4.332100e-002 -2.944260e-001
1.391560e+000 7.174000e-003 -3.358340e-001
1.392500e+000 -2.434900e-002 -1.941690e-001
1.392610e+000 -5.020200e-002 -2.249050e-001
1.392760e+000 -1.541000e-003 -3.383620e-001
1.393190e+000 -3.191100e-002 -3.159140e-001
1.394020e+000 -5.140000e-002 -2.366980e-001
1.394730e+000 3.901100e-002 -2.846070e-001
1.394780e+000 3.368500e-002 -2.104650e-001
1.394920e+000 4.391400e-002 -2.630740e-001
1.396600e+000 -5.085500e-002 -2.475260e-001
1.397400e+000 2.751200e-002 -1.982840e-001
1.398100e+000 -4.590700e-002 -2.783310e-001
1.398760e+000 -5.970000e-004 -1.868320e-001
1.399530e+000 -2.350700e-002 -3.211230e-001
1.399670e+000 -3.889900e-002 -1.931120e-001
1.400390e+000 4.526600e-002 -2.439710e-001
1.400860e+000 -1.439700e-002 -3.271130e-001
1.401040e+000 3.820000e-003 -3.284380e-001
1.401220e+000 2.915300e-002 -3.025220e-001
1.402190e+000 1.359900e-002 -1.855670e-001
1.403100e+000 -5.627000e-003 -3.285280e-001
1.403260e+000 1.650300e-002 -3.180300e-001
1.403470e+000 -3.283400e-002 -1.838300e-001
1.403560e+000 3.816500e-002 -2.832970e-001
1.405060e+000 2.556000e-002 -1.880610e-001
1.405420e+000 -3.520300e-002 -3.015550e-001
1.405740e+000 3.795000e-002 -2.022510e-001
1.406240e+000 -4.423800e-002 -1.926670e-001
1.406460e+000 -6.774000e-003 -1.764120e-001
1.407810e+000 4.672000e-003 -1.751710e-001
1.408950e+000 2.697600e-002 -2.993380e-001
1.409140e+000 3.458900e-002 -2.874340e-001
1.409450e+000 8.714000e-003 -3.181960e-001
1.409560e+000 3.303000e-002 -1.888880e-001
1.409590e+000 -2.083200e-002 -1.740080e-001
1.409640e+000 4.592700e-002 -2.567030e-001
1.409960e+000 -5.093000e-002 -2.325250e-001
1.410330e+000 -3.613800e-002 -1.779580e-001
1.410770e+000 4.368700e-002 -2.081190e-001
1.411320e+000 4.756000e-002 -2.421190e-001
1.411810e+000 -5.177900e-002 -2.124850e-001
1.412680e+000 4.492500e-002 -2.612800e-001
1.412850e+000 -4.863200e-002 -2.427510e-001
1.413460e+000 -4.965400e-002 -1.985120e-001
1.413690e+000 -3.002600e-002 -3.034480e-001
1.414360e+000 -4.218200e-002 -2.765000e-001
1.414970e+000 -1.253000e-003 -3.164860e-001
1.416020e+000 4.154500e-002 -2.706020e-001
1.417530e+000 -3.839400e-002 -2.855620e-001
1.417920e+000 3.123500e-002 -2.877010e-001
1.418120e+000 -3.436000e-002 -2.943680e-001
1.418490e+000 4.250300e-002 -1.903570e-001
1.418520e+000 1.618600e-002 -3.029980e-001
1.420610e+000 8.896000e-003 -3.065030e-001
1.421340e+000 2.517100e-002 -2.927270e-001
1.422030e+000 -5.274600e-002 -2.139810e-001
1.423820e+000 4.972100e-002 -2.192330e-001
1.423980e+000 4.880800e-002 -2.070580e-001
1.424460e+000 4.605800e-002 -1.905720e-001
1.424780e+000 -2.535300e-002 -3.002980e-001
1.425540e+000 -9.233000e-003 -3.077040e-001
1.425560e+000 3.974800e-002 -2.713830e-001
1.427020e+000 -8.250000e-004 -3.052100e-001
1.427030e+000 -4.727500e-002 -2.386020e-001
1.427300e+000 4.992400e-002 -2.328360e-001
1.427600e+000 4.498000e-002 -2.585880e-001
1.428670e+000 4.837000e-002 -2.447870e-001
1.429500e+000 -5.208000e-002 -2.190780e-001
1.430400e+000 -1.620000e-002 -3.021090e-001
1.430550e+000 -3.129700e-002 -2.879010e-001
1.431250e+000 -5.285600e-002 -1.974050e-001
1.431270e+000 -4.283500e-002 -2.556860e-001
1.432510e+000 2.891800e-002 -2.837240e-001
1.432920e+000 3.488100e-002 -2.761970e-001
1.434470e+000 -3.403500e-002 -2.784100e-001
1.434820e+000 -2.583900e-002 -2.907840e-001
1.435670e+000 1.806900e-002 -2.911230e-001
1.436050e+000 -2.070100e-002 -2.943520e-001
1.436390e+000 4.768500e-002 -2.439190e-001
1.437660e+000 1.292000e-003 -2.969930e-001
1.437770e+000 9.886000e-003 -2.939160e-001
1.438030e+000 4.208000e-002 -2.596750e-001
1.438170e+000 -4.788700e-002 -2.368020e-001
1.439090e+000 3.207800e-002 -2.757540e-001
1.439130e+000 5.118900e-002 -2.132410e-001
1.439280e+000 -2.955500e-002 -2.805950e-001
1.440340e+000 -4.830000e-003 -2.959270e-001
1.440580e+000 -1.443400e-002 -2.929720e-001
1.441360e+000 -4.377000e-002 -2.475400e-001
1.441480e+000 2.530000e-002 -2.808510e-001
1.443760e+000 -5.332400e-002 -2.115980e-001
1.445970e+000 -1.846400e-002 -2.844740e-001
1.446130e+000 1.194200e-002 -2.860990e-001
1.446280e+000 -3.753100e-002 -2.569100e-001
1.447080e+000 3.826300e-002 -2.586520e-001
1.447810e+000 1.933400e-002 -2.798760e-001
1.448360e+000 -9.423000e-003 -2.865050e-001
1.448530e+000 -3.153900e-002 -2.641440e-001
1.448770e+000 -2.266900e-002 -2.765860e-001
1.449110e+000 4.995400e-002 -2.185780e-001
1.449800e+000 4.800000e-004 -2.865560e-001
1.450090e+000 4.457500e-002 -2.396920e-001
1.450470e+000 -4.963900e-002 -2.316190e-001
1.451900e+000 1.086500e-002 -2.802970e-001
1.452150e+000 2.975600e-002 -2.658800e-001
1.453110e+000 -5.282200e-002 -2.222330e-001
1.454370e+000 -2.815200e-002 -2.627790e-001
1.454900e+000 -4.314900e-002 -2.440050e-001
1.456960e+000 -3.451900e-002 -2.540130e-001
1.457580e+000 4.074000e-002 -2.396520e-001
1.460050e+000 -1.832200e-002 -2.648970e-001
1.462380e+000 7.454000e-003 -2.675840e-001
1.463410e+000 -4.887000e-002 -2.324810e-001
1.463720e+000 -3.399000e-003 -2.672960e-001
1.463820e+000 -1.059500e-002 -2.649930e-001
1.464360e+000 2.978700e-002 -2.487570e-001
1.465260e+000 -2.536400e-002 -2.556350e-001
1.468210e+000 3.603400e-002 -2.346450e-001
1.468780e+000 1.927700e-002 -2.535440e-001
1.469890e+000 -4.374300e-002 -2.377500e-001
1.471000e+000 -3.579800e-002 -2.451660e-001
1.471680e+000 2.389300e-002 -2.461660e-001
1.472010e+000 -8.864000e-003 -2.570300e-001
1.472070e+000 8.810000e-004 -2.571140e-001
1.472190e+000 -2.126400e-002 -2.530020e-001
1.472480e+000 -5.051100e-002 -2.254870e-001
1.473540e+000 8.910000e-003 -2.536040e-001
1.479330e+000 -7.466000e-003 -2.509860e-001
1.480020e+000 2.469400e-002 -2.365460e-001
1.480660e+000 -2.190000e-004 -2.492010e-001
1.481130e+000 1.226300e-002 -2.444280e-001
1.486320e+000 -1.753000e-002 -2.445920e-001
