1
2
3
4
5
6
60
61
62
63
64
65
66
67
68
69
70
71
72
73
74
75
76
77
78
79
80
81
82
83
84
85
86
87
88
89
90
91
92
93
94
95
96
97
98
99
100
101
102
103
104
105
106
107
108
109
110
111
112
113
114
115
116
117
118
119
120
121
122
123
124
125
126
127
128
129
130
131
132
133
134
135
136
137
138
139
140
141
142
143
144
145
146
147
148
191
192
193
194
195
196
197
198
199
200
201
202
203
204
205
206
207
208
209
210
211
212
213
214
215
216
217
218
219
220
221
222
223
224
225
226
227
228
229
230
231
232
233
234
235
236
237
238
239
240
241
242
243
244
245
246
247
248
249
250
251
252
253
254
255
256
257
258
259
260
261
262
263
264
265
266
267
268
269
270
271
272
273
274
275
276
277
278
279
280
281
282
283
284
285
286
287
288
289
290
291
292
293
294
295
296
297
298
299
300
301
302
303
304
305
308
309
310
311
312
313
314
315
324
325
326
327
328
329
330
331
332
333
334
335
336
337
338
339
340
341
342
343
344
345
346
347
348
349
350
351
352
353
354
355
356
357
358
359
360
361
362
363
364
365
366
367
368
369
370
371
372
373
374
375
376
377
378
379
380
381
382
383
384
385
386
387
388
389
390
391
392
393
394
395
396
397
398
399
400
401
402
403
404
405
406
407
408
409
410
411
412
413
414
415
416
417
418
419
420
421
422
423
424
425
426
427
428
429
430
431
432
433
434
435
436
437
438
439
440
441
442
443
444
445
446
447
448
449
450
451
452
530
531
532
533
534
535
536
537
538
539
540
541
554
555
556
557
558
559
561
562
563
564
565
566
575
576
577
578
579
580
581
582
583
584
585
586
587
588
589
590
591
592
593
594
595
596
597
598
599
600
601
602
603
604
605
606
607
608
609
610
611
612
613
614
615
616
617
618
619
620
621
622
623
624
625
626
627
628
629
630
637
648
649
651
652
653
654
655
656
657
658
659
660
661
662
663
664
665
666
669
670
671
672
673
803
804
805
806
807
808
809
810
813
814
815
816
817
818
819
830
831
832
833
849
850
851
852
853
854
855
856
857
865
866
867
868
869
872
873
874
875
901
902
903
904
905
906
907
948
949
950
951
952
953
954
955
956
957
968
969
970
976
977
978
979
980
981
982
983
984
985
986
987
988
989
990
998
999
1000
1001
1005
1006
1007
1008
1009
1010
1011
1012
1013
1014
1015
1016
1017
1021
1022
1023
1027
1028
1029
1030
1031
1032
1034
1035
1036
1044
1045
1046
1049
1082
1083
1084
1085
1086
1087
1088
1089
1090
1091
1092
1093
1094
1095
1096
1097
1098
1104
1132
1133
1134
1135
1143
1144
1156
1157
1158
1159
1160
1161
1162
1163
1164
1165
1166
1167
1168
1169
1170
1171
1172
1173
1174
1175
1176
1177
1178
1179
1180
1181
1182
1183
1184
1185
1186
1187
1188
1189
1190
1191
1192
1193
1194
1195
1196
1197
1198
1199
1200
1201
1202
1203
1204
1205
1206
1209
1210
1211
1212
1235
1236
1248
1249
1250
1251
1252
1267
1268
1269
1270
1271
1272
1273
1274
1275
1276
1277
1278
1280
1292
1293
1294
1295
1296
1305
1306
1307
1308
1309
1310
1311
1312
1313
1314
1315
1316
1317
1318
1319
1320
1327
1328
1329
1330
1331
1349
1350
1351
1352
1487
1488
1489
1490
1491
1492
1493
1501
1505
1506
1507
1508
1510
1572
1573
1586
1587
1588
1589
1590
1591
1592
1593
1594
1595
1596
1597
1598
1599
1600
1601
1602
1603
1604
1621
1622
1623
1624
1625
1626
1627
1628
1629
1630
1631
1638
1639
1640
1641
1642
1647
1651
1652
1653
1654
1655
1671
1672
1673
1678
1679
1680
1681
1682
1683
1684
1685
1686
1687
1688
1689
1690
1700
1701
1702
1703
1704
1705
1706
1707
1708
1709
1716
1717
1718
1719
1722
1723
1724
1725
1726
1727
1728
1729
1730
1731
1732
1733
1734
1735
1736
1737
1738
1739
1740
1741
1742
1743
1744
1756
24473
24474
24475
24476
24477
24479
24483
24484
24485
24486
24487
24488
24489
24490
24491
24492
24493
24494
24495
24496
24497
24498
24499
24500
24501
24502
24503
24504
24508
24509
24510
24511
24512
24513
24514
24515
24518
24520
24521
24522
24523
24524
