49
50
51
52
53
54
55
56
57
58
59
473
474
475
476
477
478
479
480
481
482
483
484
485
486
487
488
489
490
491
492
493
494
495
496
497
498
499
500
501
502
503
504
505
506
507
508
509
510
511
512
513
514
515
521
522
716
717
718
719
720
721
722
723
724
725
726
727
728
729
730
731
732
733
734
735
736
737
738
739
740
741
742
743
744
745
746
747
748
749
750
751
752
753
754
767
768
769
770
771
789
790
791
792
793
794
795
796
925
926
927
928
929
930
931
932
933
934
935
936
937
938
939
940
1076
1077
1078
1079
1080
1081
1148
1149
1150
1151
1234
1244
1245
1287
1288
1289
1290
1299
1300
1301
1302
1347
1348
1354
1355
1356
1357
1358
1359
1360
1361
1362
1363
1364
1365
1366
1367
1368
1369
1370
1371
1372
1373
1374
1375
1502
1503
1504
1511
1520
1521
1522
1523
1524
1525
1526
1527
1528
1529
1530
1531
1532
1533
1534
1535
1536
1537
1538
1539
1540
1541
1542
1543
1544
1545
1546
1547
1549
1550
1551
1552
1553
1554
1555
1556
1557
1558
1559
1560
1561
1562
1563
1564
1565
1566
1567
1609
1610
1611
1612
1618
1619
1620
1632
1633
1634
1635
1636
1637
1648
1649
1650
1666
1667
1668
1669
1670
1691
1692
1693
1694
1695
1696
1697
1698
1699
1745
1748
1749
1750
1751
1752
1753
1754
1755
1759
1760
1761
1762
1763
1764
1765
1766
1767
1768
1769
1770
1771
1772
1773
1774
1775
1779
1780
1781
1784
1785
1786
1803
1804
1805
1806
1807
1808
1809
1810
1811
1812
1813
1815
1816
1817
1818
1822
1823
1824
1825
1826
1828
1829
1844
1845
1851
1852
1862
1864
1865
1868
1869
1870
1871
1872
1873
1874
1875
1876
1877
1878
1879
1880
1881
1882
2127
2128
2129
2130
2131
2137
2138
2139
2140
2141
2145
2146
2147
2154
2160
2161
2162
2163
2164
2165
2171
2172
2173
2174
2175
2176
2177
2178
2183
2184
2185
2186
2187
2188
2189
2190
2191
2192
2193
2194
2195
2196
2197
2198
2199
2200
2201
2202
2203
2204
2205
2206
2207
2208
2209
2210
2211
2212
2213
2214
2215
2216
2217
2218
2219
2220
2221
2222
2223
2224
2225
2226
2227
2228
2229
2230
2231
2232
2233
2234
2235
2236
2237
2238
2239
2240
2241
2242
2243
2244
2245
2246
2247
2248
2249
2250
2251
2252
2253
2254
2255
2256
2257
2258
2259
2260
2261
2262
2263
2264
2265
2266
2267
2268
2269
2270
2271
2272
2273
2274
2275
2276
2277
2278
2279
2280
2281
2282
2283
2284
2285
2286
2287
2288
2289
2290
2291
2292
2293
2294
2295
2296
2297
2298
2299
2300
2301
2302
2303
2304
2305
2306
2307
2308
2309
2310
2311
2312
2313
2314
2315
2316
2317
2318
2326
2327
2328
2329
2337
2338
2339
2503
2504
2505
2506
2507
2508
2509
2510
2511
2512
2513
2514
2594
2595
2596
2597
2598
2599
2600
2601
2602
2603
2604
2605
2606
2607
2608
2633
2634
2635
2636
2661
2662
2663
2664
2665
2676
2677
2678
2679
2680
2688
2689
2690
2691
2712
2713
2714
2715
2716
2717
2718
2719
2720
2721
2722
2723
2724
2774
2775
2776
2777
2778
2839
2840
2841
2842
2845
2851
2852
2853
2854
2855
2856
2857
2858
2859
2860
2861
2866
2867
2868
2869
2870
2871
2872
2873
2874
2875
2876
2877
2879
2880
2881
2882
2883
2884
2885
2886
2887
2888
2889
2890
2891
2895
2901
2902
2903
2909
2910
2911
2912
2913
2914
2915
2919
2920
2921
2929
2930
2931
2932
2933
2934
2935
2936
2942
2943
2944
2945
2946
2947
2948
2949
2951
2952
2953
2954
2980
2981
2982
2983
2997
2998
2999
3000
3009
3010
3011
3012
3013
3014
3015
3016
3017
3018
3019
3020
3021
3022
3023
3024
3025
3032
3038
3039
3053
3054
3055
3056
3057
3059
3074
3077
3116
3117
3147
3148
3167
3168
3169
3171
3172
3173
3174
3177
3182
3186
3189
3190
3197
3230
3231
3285
3286
3288
3289
3306
3307
3308
3309
3341
3342
3343
3489
3490
3491
3492
3503
3509
4147
4148
4149
4150
4151
4304
4305
4360
4361
4362
4665
24525
24655
24656
24659
24669
24674
