1.868300e-002 -6.827500e-002 -2.151380e-001
1.870000e-002 -6.399100e-002 -2.262480e-001
1.900500e-002 -8.674300e-002 -2.152990e-001
1.915200e-002 6.510800e-002 -1.666230e-001
1.920600e-002 -5.267600e-002 -2.113170e-001
1.924800e-002 -9.250300e-002 -2.357590e-001
1.939600e-002 6.846900e-002 -1.815800e-001
1.965500e-002 8.117900e-002 -1.658530e-001
1.966400e-002 -6.389100e-002 -1.997180e-001
1.967700e-002 -8.117600e-002 -2.511040e-001
1.975300e-002 -3.373600e-002 -2.368520e-001
1.978100e-002 5.731200e-002 -1.740870e-001
1.996400e-002 7.945900e-002 -1.803400e-001
1.999100e-002 7.434400e-002 -1.535210e-001
2.015100e-002 -1.133790e-001 -2.274970e-001
2.022100e-002 6.117200e-002 -1.524020e-001
2.045300e-002 -1.186420e-001 -2.135810e-001
2.055400e-002 -9.904700e-002 -2.060660e-001
2.063600e-002 -6.673700e-002 -1.937220e-001
2.071600e-002 -8.908100e-002 -1.950670e-001
2.071900e-002 -8.327200e-002 -2.682270e-001
2.093900e-002 -2.454000e-002 -2.524860e-001
2.095400e-002 -3.503800e-002 -2.000480e-001
2.098600e-002 -5.124800e-002 -2.561800e-001
2.112100e-002 5.050600e-002 -1.614460e-001
2.114000e-002 -1.301460e-001 -2.076450e-001
2.120500e-002 -8.162700e-002 -2.898260e-001
2.123500e-002 -9.272100e-002 -2.839760e-001
2.131700e-002 -1.225940e-001 -2.380250e-001
2.135800e-002 -1.110610e-001 -2.815890e-001
2.139000e-002 -8.426000e-003 -2.316630e-001
2.142100e-002 -1.179460e-001 -2.614390e-001
2.145200e-002 8.683000e-003 -2.158900e-001
2.152100e-002 -2.528200e-002 -2.088490e-001
2.159500e-002 -1.085660e-001 -2.058840e-001
2.160200e-002 9.283900e-002 -1.589830e-001
2.165300e-002 1.387000e-002 -2.223710e-001
2.167500e-002 -1.334350e-001 -2.302860e-001
2.178000e-002 -1.641400e-002 -2.108440e-001
2.180700e-002 5.649400e-002 -1.494570e-001
2.187900e-002 -1.412870e-001 -2.625380e-001
2.190300e-002 -1.265490e-001 -2.698750e-001
2.193400e-002 9.798700e-002 -1.739660e-001
2.195100e-002 -1.032700e-001 -2.873860e-001
2.199800e-002 -1.380860e-001 -2.218740e-001
2.204400e-002 -6.481200e-002 -2.652280e-001
2.206800e-002 -1.482840e-001 -2.423790e-001
2.207500e-002 -8.644100e-002 -2.927950e-001
2.208900e-002 9.482900e-002 -1.808710e-001
2.216600e-002 -9.353000e-003 -2.019040e-001
2.218400e-002 -7.553600e-002 -2.789290e-001
2.226600e-002 6.809500e-002 -2.060470e-001
2.227400e-002 -1.306130e-001 -2.595140e-001
2.229900e-002 -1.477550e-001 -2.340680e-001
2.230000e-002 6.166500e-002 -1.472450e-001
2.230100e-002 4.798400e-002 -1.539760e-001
2.232200e-002 7.703900e-002 -1.473980e-001
2.236300e-002 -1.156300e-001 -2.860900e-001
2.238300e-002 -8.910600e-002 -1.899390e-001
2.240000e-002 -3.006500e-002 -1.950680e-001
2.240000e-002 4.914000e-002 -2.011070e-001
2.248100e-002 -3.066700e-002 -2.687580e-001
2.251500e-002 -1.898600e-002 -2.627230e-001
2.255000e-002 -6.554300e-002 -1.889690e-001
2.262800e-002 8.610000e-004 -2.394680e-001
2.278300e-002 7.760100e-002 -2.048550e-001
2.280000e-002 2.017600e-002 -2.282730e-001
2.280300e-002 -1.581220e-001 -2.397420e-001
2.280400e-002 -1.180790e-001 -2.818580e-001
2.290200e-002 -9.229400e-002 -2.887400e-001
2.291400e-002 -1.290430e-001 -2.711810e-001
2.295700e-002 -1.282330e-001 -2.517760e-001
2.306300e-002 4.142700e-002 -1.807290e-001
2.319300e-002 3.650700e-002 -2.119150e-001
2.322200e-002 1.034660e-001 -1.766440e-001
2.327300e-002 -3.870300e-002 -1.914190e-001
2.335700e-002 -9.569500e-002 -1.913040e-001
2.336900e-002 3.667000e-002 -1.917880e-001
2.340000e-002 -1.381280e-001 -2.703450e-001
2.345200e-002 2.489000e-002 -2.001200e-001
2.347000e-002 -1.254450e-001 -2.019260e-001
2.355700e-002 -1.345830e-001 -2.423530e-001
2.360600e-002 -7.551200e-002 -2.944210e-001
2.362100e-002 9.812100e-002 -1.585150e-001
2.364200e-002 -1.275190e-001 -2.775470e-001
2.366900e-002 -1.114900e-001 -2.021930e-001
2.378100e-002 -1.440650e-001 -2.451240e-001
2.383000e-002 -1.023960e-001 -2.905080e-001
2.384100e-002 -1.448660e-001 -2.627250e-001
2.390400e-002 -1.550700e-001 -2.458770e-001
2.392300e-002 -1.349820e-001 -2.037370e-001
2.398900e-002 4.818300e-002 -1.505460e-001
2.401000e-002 -7.525700e-002 -1.873480e-001
2.407300e-002 -1.044380e-001 -1.985990e-001
2.409300e-002 5.456700e-002 -2.141180e-001
2.413600e-002 -3.134000e-003 -1.879070e-001
2.414900e-002 -1.361610e-001 -2.551800e-001
2.419400e-002 -2.299700e-002 -2.720630e-001
2.421900e-002 7.125500e-002 -2.156590e-001
2.426400e-002 4.246300e-002 -2.195750e-001
2.427400e-002 8.588500e-002 -1.496550e-001
2.433900e-002 -1.644320e-001 -2.398750e-001
2.437700e-002 -1.413690e-001 -2.135920e-001
2.448100e-002 -1.509710e-001 -2.260610e-001
2.451500e-002 -2.414300e-002 -1.936210e-001
2.462800e-002 -1.102300e-001 -2.870050e-001
2.471400e-002 -1.159900e-001 -2.871430e-001
2.473300e-002 -6.884900e-002 -2.871280e-001
2.477300e-002 -9.229300e-002 -1.890140e-001
2.478600e-002 -1.307530e-001 -2.712680e-001
2.490100e-002 -1.441030e-001 -2.563210e-001
2.492600e-002 3.561000e-003 -2.495770e-001
2.494300e-002 -1.616040e-001 -2.331710e-001
2.499000e-002 8.901600e-002 -1.993260e-001
2.499600e-002 -1.259100e-001 -2.804870e-001
2.510200e-002 3.566400e-002 -2.315340e-001
2.529000e-002 1.006310e-001 -1.849080e-001
2.535100e-002 2.599600e-002 -2.355100e-001
2.567900e-002 -1.493400e-002 -1.897450e-001
2.569000e-002 -5.131100e-002 -2.801530e-001
2.574800e-002 5.906000e-003 -1.805720e-001
2.579300e-002 9.832400e-002 -1.596980e-001
2.584100e-002 2.841800e-002 -1.789210e-001
2.584400e-002 -5.789900e-002 -2.830290e-001
2.591300e-002 1.033090e-001 -1.746700e-001
2.596500e-002 1.716000e-002 -1.833250e-001
2.597500e-002 -4.034100e-002 -2.819670e-001
2.614800e-002 7.120000e-002 -2.184990e-001
2.635100e-002 1.016550e-001 -1.659430e-001
2.639700e-002 1.293200e-002 -2.475020e-001
2.644000e-002 -8.090900e-002 -2.963430e-001
2.645200e-002 8.193500e-002 -2.098300e-001
2.648100e-002 5.001800e-002 -2.243110e-001
2.660100e-002 -1.607360e-001 -2.450290e-001
2.672400e-002 -9.929800e-002 -1.911100e-001
2.673300e-002 1.021080e-001 -1.842190e-001
2.678800e-002 -1.176800e-001 -2.829500e-001
2.701800e-002 -1.658260e-001 -2.420880e-001
2.703800e-002 -1.527580e-001 -2.210530e-001
2.705700e-002 3.864700e-002 -2.337180e-001
2.714100e-002 -1.417200e-001 -2.694520e-001
2.721500e-002 -6.892500e-002 -2.922800e-001
2.724100e-002 -2.622600e-002 -2.760110e-001
2.736400e-002 -1.430890e-001 -2.451140e-001
2.741200e-002 -1.531940e-001 -2.470170e-001
2.744800e-002 -8.644100e-002 -2.941010e-001
2.757200e-002 3.112500e-002 -1.642430e-001
2.763100e-002 -1.132460e-001 -1.994920e-001
2.763200e-002 -1.363640e-001 -2.458510e-001
2.765000e-002 -1.362780e-001 -2.507010e-001
2.784100e-002 -5.224100e-002 -2.851050e-001
2.800000e-002 9.452900e-002 -1.980380e-001
2.807700e-002 7.275000e-002 -1.455300e-001
2.808000e-002 -1.257110e-001 -2.801570e-001
2.810100e-002 -4.272900e-002 -2.847480e-001
2.813500e-002 -3.518000e-003 -2.612910e-001
2.814700e-002 2.484200e-002 -2.413920e-001
2.819200e-002 -1.447840e-001 -2.571790e-001
2.830400e-002 -1.226820e-001 -2.007400e-001
2.831400e-002 -2.393900e-002 -1.861440e-001
2.841000e-002 -1.436350e-001 -2.105250e-001
2.853200e-002 -3.666100e-002 -2.813700e-001
2.866500e-002 -1.649880e-001 -2.269800e-001
2.882400e-002 -1.444150e-001 -2.649980e-001
2.893000e-002 -1.379390e-001 -2.706240e-001
2.899200e-002 1.198900e-002 -2.500720e-001
2.905000e-002 -6.705700e-002 -1.855090e-001
2.908200e-002 -8.966300e-002 -2.910220e-001
2.955900e-002 -7.731300e-002 -1.869150e-001
2.964500e-002 -7.492700e-002 -2.966030e-001
2.996100e-002 -3.898900e-002 -1.842680e-001
2.996400e-002 -1.351900e-001 -2.436200e-001
3.002900e-002 -1.259060e-001 -2.692030e-001
3.019200e-002 2.022700e-002 -1.635130e-001
3.035400e-002 5.419300e-002 -1.477460e-001
3.058500e-002 2.437900e-002 -2.426990e-001
3.058700e-002 4.940200e-002 -2.296060e-001
3.062400e-002 -8.151900e-002 -2.961720e-001
3.070200e-002 2.993500e-002 -1.568440e-001
3.074800e-002 -1.670050e-001 -2.378240e-001
3.077800e-002 -1.113700e-002 -1.828490e-001
3.101800e-002 -4.550600e-002 -2.835440e-001
3.111900e-002 -1.122610e-001 -1.986910e-001
3.128900e-002 9.376500e-002 -1.533570e-001
3.132500e-002 -1.104590e-001 -2.814310e-001
3.143400e-002 -1.576160e-001 -2.199200e-001
3.151000e-002 9.939500e-002 -1.597710e-001
3.153000e-002 3.675600e-002 -1.531050e-001
3.163200e-002 -1.678140e-001 -2.312150e-001
3.174500e-002 -1.375640e-001 -2.060800e-001
3.180500e-002 -4.768100e-002 -1.830010e-001
3.191000e-002 -1.669300e-001 -2.251050e-001
3.194100e-002 -3.025600e-002 -1.827890e-001
3.196200e-002 8.952400e-002 -2.039670e-001
3.230800e-002 -1.609330e-001 -2.443530e-001
3.250800e-002 -1.246850e-001 -2.657780e-001
3.259400e-002 1.004640e-001 -1.908860e-001
3.281300e-002 -9.884100e-002 -2.912250e-001
3.297000e-002 -2.594800e-002 -1.822500e-001
3.306500e-002 1.033110e-001 -1.824770e-001
3.309900e-002 -1.334020e-001 -2.388370e-001
3.315100e-002 1.778200e-002 -1.598650e-001
3.340400e-002 -1.363000e-001 -2.497630e-001
3.345600e-002 -7.005000e-003 -2.625400e-001
3.351500e-002 -2.386000e-002 -1.879720e-001
3.361600e-002 7.769100e-002 -1.461230e-001
3.369700e-002 -1.493400e-001 -2.124450e-001
3.377700e-002 -2.257300e-002 -1.835830e-001
3.378400e-002 1.031870e-001 -1.683090e-001
3.380500e-002 3.310000e-003 -1.707670e-001
3.398900e-002 -3.021600e-002 -1.852600e-001
3.408400e-002 8.678400e-002 -1.487630e-001
3.412300e-002 -1.306730e-001 -2.662290e-001
3.417000e-002 -6.189400e-002 -2.903650e-001
3.438400e-002 -1.013330e-001 -1.931290e-001
3.454900e-002 -9.385800e-002 -1.911530e-001
3.459700e-002 -1.287810e-001 -2.369920e-001
3.487700e-002 7.766600e-002 -2.137790e-001
3.503700e-002 -3.263900e-002 -1.828460e-001
3.504000e-002 -1.653340e-001 -2.384730e-001
3.504900e-002 -1.388180e-001 -2.559140e-001
3.511400e-002 6.612400e-002 -2.209720e-001
3.521900e-002 -1.553780e-001 -2.437390e-001
3.524300e-002 9.702000e-003 -2.494840e-001
3.524500e-002 6.278900e-002 -1.471090e-001
3.528000e-002 1.092900e-002 -1.614480e-001
3.533400e-002 -2.813200e-002 -1.859810e-001
3.548600e-002 -7.104300e-002 -2.946550e-001
3.552800e-002 -6.727800e-002 -1.854440e-001
3.581000e-002 2.882300e-002 -1.542330e-001
3.582200e-002 -1.568790e-001 -2.194990e-001
3.596500e-002 2.852900e-002 -2.398400e-001
3.598200e-002 -1.275100e-002 -1.810550e-001
3.610800e-002 -1.172990e-001 -2.613350e-001
3.617400e-002 -1.431540e-001 -2.396160e-001
3.618700e-002 -1.657490e-001 -2.256220e-001
3.620300e-002 -1.361090e-001 -2.617020e-001
3.622100e-002 -2.215200e-002 -1.843760e-001
3.671100e-002 -8.532700e-002 -1.903470e-001
3.674400e-002 -2.630500e-002 -1.820360e-001
3.702200e-002 -1.281460e-001 -2.409140e-001
3.710000e-002 1.825800e-002 -1.600470e-001
3.716200e-002 -1.616760e-001 -2.398520e-001
3.723800e-002 -1.196150e-001 -2.686470e-001
3.725800e-002 -4.671800e-002 -2.789660e-001
3.727200e-002 -4.572100e-002 -1.824570e-001
3.737100e-002 -1.034030e-001 -2.873750e-001
3.742700e-002 -1.715600e-002 -2.674050e-001
3.745500e-002 -1.293600e-001 -2.069620e-001
3.762600e-002 -1.140150e-001 -2.774300e-001
3.765200e-002 -1.038190e-001 -1.962240e-001
3.779100e-002 3.501500e-002 -2.351680e-001
3.780400e-002 -1.193150e-001 -2.716410e-001
3.783800e-002 -3.396000e-003 -2.573120e-001
3.799100e-002 -1.484490e-001 -2.361950e-001
3.812600e-002 8.869000e-003 -1.639950e-001
3.813100e-002 -1.210770e-001 -2.042600e-001
3.820200e-002 -1.067420e-001 -2.810770e-001
3.830900e-002 -1.660500e-001 -2.309780e-001
3.838600e-002 -8.550000e-004 -1.703370e-001
3.850400e-002 -2.579900e-002 -1.824520e-001
3.856700e-002 9.161600e-002 -2.008840e-001
3.866400e-002 2.965900e-002 -1.544070e-001
3.884300e-002 -1.548430e-001 -2.265270e-001
3.890500e-002 1.251000e-002 -2.457150e-001
3.893900e-002 -1.282160e-001 -2.628900e-001
3.897600e-002 -6.416000e-002 -2.876050e-001
3.898000e-002 -5.388300e-002 -1.831280e-001
3.932900e-002 -1.222680e-001 -2.326130e-001
3.939200e-002 -8.380000e-002 -2.886140e-001
3.956100e-002 -1.526920e-001 -2.320320e-001
3.959900e-002 -7.870900e-002 -2.930940e-001
3.965600e-002 -3.426100e-002 -1.803650e-001
4.009400e-002 6.988400e-002 -2.172940e-001
4.009500e-002 -1.488890e-001 -2.349620e-001
4.059000e-002 -1.022950e-001 -2.784220e-001
4.066500e-002 -1.558800e-002 -1.771730e-001
4.073500e-002 -1.389970e-001 -2.120250e-001
4.078200e-002 -8.906400e-002 -2.886820e-001
4.088300e-002 8.089400e-002 -1.478490e-001
4.098600e-002 -9.546500e-002 -2.895650e-001
4.099600e-002 -9.976000e-003 -1.733370e-001
4.105200e-002 1.036670e-001 -1.763360e-001
4.108100e-002 -3.032300e-002 -2.696990e-001
4.112700e-002 -1.313130e-001 -2.576130e-001
4.139400e-002 1.004020e-001 -1.614180e-001
4.146000e-002 -1.979800e-002 -2.657400e-001
4.160500e-002 -4.250200e-002 -1.817630e-001
4.167700e-002 9.527500e-002 -1.544000e-001
4.169500e-002 -1.076700e-002 -2.601870e-001
4.172200e-002 5.247200e-002 -2.258570e-001
4.180500e-002 4.525200e-002 -1.512320e-001
4.202300e-002 -1.406280e-001 -2.155910e-001
4.204600e-002 -6.803100e-002 -2.906460e-001
4.213700e-002 -4.831600e-002 -2.723400e-001
4.214500e-002 -1.181340e-001 -2.362660e-001
4.227200e-002 -1.368040e-001 -2.314690e-001
4.227300e-002 8.954100e-002 -1.507690e-001
4.237800e-002 8.667000e-002 -2.040270e-001
4.242600e-002 -7.277400e-002 -2.897390e-001
4.249600e-002 -6.314700e-002 -2.856470e-001
4.253000e-002 -6.166100e-002 -2.790200e-001
4.278900e-002 6.784100e-002 -1.478450e-001
4.279900e-002 -7.838600e-002 -2.822430e-001
4.316000e-002 -1.409640e-001 -2.215630e-001
4.356300e-002 -6.733200e-002 -2.809310e-001
4.368800e-002 -1.320340e-001 -2.500970e-001
4.369400e-002 -1.131600e-001 -2.741770e-001
4.389200e-002 -1.286670e-001 -2.121120e-001
4.407200e-002 1.014600e-001 -1.839180e-001
4.437500e-002 -5.622900e-002 -2.735070e-001
4.442000e-002 -1.194390e-001 -2.605000e-001
4.445600e-002 -1.072140e-001 -2.767880e-001
4.446700e-002 -8.370700e-002 -2.797440e-001
4.447300e-002 -1.241760e-001 -2.287820e-001
4.463100e-002 2.142400e-002 -2.386330e-001
4.479300e-002 -9.671400e-002 -2.745340e-001
4.481800e-002 -6.937500e-002 -1.876900e-001
4.501000e-002 -9.867100e-002 -2.816320e-001
4.508400e-002 3.358500e-002 -2.322590e-001
4.551700e-002 1.024780e-001 -1.693870e-001
4.552200e-002 -2.408100e-002 -1.762780e-001
4.578000e-002 -1.236410e-001 -2.417940e-001
4.597700e-002 -9.523400e-002 -2.854270e-001
4.600400e-002 -1.156340e-001 -2.420070e-001
4.619500e-002 -1.131010e-001 -2.670340e-001
4.626700e-002 9.815600e-002 -1.888170e-001
4.627700e-002 -5.624000e-003 -1.682600e-001
4.630100e-002 -8.370600e-002 -2.731420e-001
4.647800e-002 -1.099960e-001 -2.733800e-001
4.670400e-002 -1.097130e-001 -2.427510e-001
4.673000e-002 -1.268670e-001 -2.211880e-001
4.673100e-002 -1.128910e-001 -2.599980e-001
4.674700e-002 -1.172990e-001 -2.090090e-001
4.676500e-002 -7.186800e-002 -2.696690e-001
4.690500e-002 -9.395300e-002 -2.703920e-001
4.691800e-002 -9.431400e-002 -2.801640e-001
4.695300e-002 -1.283590e-001 -2.560900e-001
4.714100e-002 -1.053200e-001 -2.732790e-001
4.720900e-002 -1.122260e-001 -2.307170e-001
4.751400e-002 -1.121600e-002 -2.531950e-001
4.757900e-002 -9.946300e-002 -1.982330e-001
4.762500e-002 -4.337000e-002 -2.639810e-001
4.767000e-002 -1.081540e-001 -2.373680e-001
4.780800e-002 -4.497000e-002 -2.672900e-001
4.784200e-002 -1.088230e-001 -2.685650e-001
4.791100e-002 -1.080650e-001 -2.594310e-001
4.803800e-002 -1.182630e-001 -2.272110e-001
4.825100e-002 -9.306800e-002 -2.617800e-001
4.836200e-002 -1.275730e-001 -2.447810e-001
4.842700e-002 -1.107470e-001 -2.546010e-001
4.850400e-002 -3.592800e-002 -2.620140e-001
4.856900e-002 -5.406100e-002 -2.681500e-001
4.857000e-002 -1.016450e-001 -2.510750e-001
4.876900e-002 -1.169360e-001 -2.448090e-001
4.879700e-002 1.539000e-003 -1.627500e-001
4.892000e-002 6.643000e-003 -2.423210e-001
4.899900e-002 -1.201820e-001 -2.162070e-001
4.921100e-002 -5.051200e-002 -1.817450e-001
4.952800e-002 -2.143700e-002 -1.733710e-001
4.977900e-002 -3.117200e-002 -1.752730e-001
4.983900e-002 -1.155120e-001 -2.550260e-001
4.991700e-002 -1.302370e-001 -2.528610e-001
4.998300e-002 -8.452600e-002 -1.947030e-001
5.005900e-002 -4.119500e-002 -2.663470e-001
5.007500e-002 -1.225100e-001 -2.593390e-001
5.032200e-002 2.921800e-002 -1.536210e-001
5.033700e-002 -7.897500e-002 -2.553950e-001
5.053700e-002 -9.847200e-002 -2.416050e-001
5.107000e-002 -6.142400e-002 -2.608790e-001
5.130300e-002 9.767900e-002 -1.606170e-001
5.140800e-002 5.709000e-002 -1.506640e-001
5.143700e-002 -4.118900e-002 -2.641370e-001
5.149400e-002 -3.680000e-003 -2.454950e-001
5.161000e-002 -9.786500e-002 -2.002330e-001
5.173600e-002 -1.199750e-001 -2.441580e-001
5.206200e-002 6.306400e-002 -2.155300e-001
5.219100e-002 -1.273450e-001 -2.511390e-001
5.221100e-002 4.776600e-002 -2.237660e-001
5.230500e-002 -8.448100e-002 -2.456850e-001
5.243000e-002 -1.220080e-001 -2.527050e-001
5.264300e-002 -7.306700e-002 -2.517660e-001
5.276300e-002 -1.078920e-001 -2.111210e-001
5.280100e-002 -1.076460e-001 -2.202190e-001
5.294900e-002 -1.042540e-001 -2.277420e-001
5.315100e-002 -3.819200e-002 -2.590190e-001
5.439800e-002 -7.330100e-002 -1.923700e-001
5.441300e-002 -4.864800e-002 -2.587030e-001
5.464500e-002 -5.561400e-002 -1.838990e-001
5.468600e-002 8.939800e-002 -1.937750e-001
5.500300e-002 -2.751400e-002 -2.523300e-001
5.584400e-002 -9.672400e-002 -2.257090e-001
5.600400e-002 7.409000e-003 -1.585730e-001
5.615200e-002 -1.999100e-002 -1.710510e-001
5.624500e-002 4.602600e-002 -1.543090e-001
5.636200e-002 2.037500e-002 -2.358590e-001
5.641500e-002 -9.694600e-002 -2.055360e-001
5.660200e-002 7.218000e-002 -1.493790e-001
5.689300e-002 1.088000e-003 -2.415510e-001
5.704600e-002 -5.642900e-002 -2.535150e-001
5.743400e-002 -3.692800e-002 -2.518200e-001
5.758200e-002 6.874000e-002 -2.102060e-001
5.800000e-002 9.868600e-002 -1.663920e-001
5.837200e-002 9.971500e-002 -1.724840e-001
5.852400e-002 -3.535100e-002 -1.759370e-001
5.853100e-002 2.916700e-002 -2.322930e-001
5.887100e-002 6.460300e-002 -1.500920e-001
5.905300e-002 -8.186100e-002 -1.995050e-001
5.925900e-002 -6.088200e-002 -1.883710e-001
5.951900e-002 1.016600e-002 -1.581070e-001
5.979100e-002 -1.674000e-003 -1.625830e-001
5.987300e-002 5.522900e-002 -2.167250e-001
6.045700e-002 4.256300e-002 -2.248920e-001
6.131000e-002 7.954700e-002 -1.997860e-001
6.195300e-002 8.270300e-002 -1.524230e-001
6.219800e-002 -8.217700e-002 -2.032420e-001
6.269900e-002 -8.657300e-002 -2.148660e-001
6.275400e-002 -7.866600e-002 -2.302930e-001
6.282600e-002 -5.458400e-002 -2.478200e-001
6.350700e-002 1.592600e-002 -1.579740e-001
6.353500e-002 -8.192500e-002 -2.234000e-001
6.355100e-002 -4.843600e-002 -1.825110e-001
6.370300e-002 -8.378500e-002 -2.079930e-001
6.393400e-002 9.705700e-002 -1.774510e-001
6.448500e-002 -9.230000e-003 -2.410770e-001
6.482500e-002 3.476800e-002 -1.555330e-001
6.517300e-002 -2.455400e-002 -2.437480e-001
6.558600e-002 -4.405900e-002 -2.436320e-001
6.567200e-002 5.056500e-002 -1.536250e-001
6.578500e-002 -7.645000e-003 -1.660280e-001
6.682200e-002 1.313900e-002 -2.364530e-001
6.807900e-002 -6.602300e-002 -2.326710e-001
6.811600e-002 -2.009400e-002 -1.707200e-001
6.857500e-002 -3.305000e-002 -1.763230e-001
6.861200e-002 -3.288300e-002 -2.413150e-001
6.867600e-002 -1.022000e-003 -2.393800e-001
6.878300e-002 -5.099700e-002 -1.861300e-001
6.956700e-002 -7.332900e-002 -2.104970e-001
6.961300e-002 -7.294500e-002 -2.178580e-001
6.981500e-002 9.278900e-002 -1.797680e-001
6.993600e-002 1.800000e-002 -1.593900e-001
7.020500e-002 -6.167800e-002 -1.958260e-001
7.028600e-002 8.461300e-002 -1.885940e-001
7.050800e-002 7.448600e-002 -2.010370e-001
7.067400e-002 8.932200e-002 -1.581510e-001
7.074400e-002 -6.935600e-002 -2.045100e-001
7.081300e-002 5.058700e-002 -2.183650e-001
7.093300e-002 6.571500e-002 -2.096790e-001
7.115700e-002 2.871300e-002 -2.302010e-001
7.151200e-002 -2.096100e-002 -2.388070e-001
7.168600e-002 3.446100e-002 -1.559150e-001
7.179000e-002 7.545500e-002 -1.533520e-001
7.218000e-002 5.822800e-002 -1.537160e-001
7.287400e-002 -3.996000e-002 -2.360920e-001
7.295100e-002 -6.205800e-002 -2.264280e-001
7.340600e-002 8.074000e-003 -1.622650e-001
7.481300e-002 4.065400e-002 -2.209810e-001
7.497200e-002 -5.304300e-002 -2.309060e-001
7.620300e-002 8.627000e-003 -2.354960e-001
7.622400e-002 7.615200e-002 -1.959000e-001
7.719500e-002 -6.175200e-002 -2.150130e-001
7.725100e-002 -2.612400e-002 -2.350840e-001
7.747600e-002 -5.470600e-002 -1.951240e-001
7.759900e-002 4.387800e-002 -1.538940e-001
7.767300e-002 -5.972900e-002 -2.028490e-001
7.788100e-002 6.736700e-002 -1.540940e-001
7.835700e-002 9.277100e-002 -1.656550e-001
7.858500e-002 9.671000e-003 -1.619170e-001
7.872900e-002 6.954700e-002 -2.051070e-001
7.962700e-002 5.482800e-002 -2.161280e-001
7.976100e-002 -4.705300e-002 -2.261890e-001
7.977300e-002 -4.375200e-002 -1.857680e-001
8.013000e-002 -5.576000e-002 -2.210620e-001
8.039000e-002 8.363900e-002 -1.554610e-001
8.047000e-002 -2.940100e-002 -2.315330e-001
8.071400e-002 1.878600e-002 -1.579330e-001
8.094200e-002 7.435700e-002 -1.972120e-001
8.117700e-002 -3.170800e-002 -1.789090e-001
8.123800e-002 9.164600e-002 -1.722640e-001
8.142000e-002 4.884800e-002 -2.174380e-001
8.153800e-002 6.263700e-002 -2.122450e-001
8.170400e-002 -5.510000e-004 -2.336220e-001
8.258100e-002 7.558000e-003 -1.613060e-001
8.286700e-002 1.186000e-002 -2.313800e-001
8.296300e-002 -5.238200e-002 -2.065120e-001
8.324800e-002 -8.354000e-003 -1.671340e-001
8.383300e-002 4.908400e-002 -1.527470e-001
8.422600e-002 3.501000e-002 -2.192210e-001
8.469700e-002 -3.878100e-002 -1.856990e-001
8.476800e-002 2.092700e-002 -2.264010e-001
8.553500e-002 9.189100e-002 -1.663700e-001
8.582100e-002 -4.564800e-002 -2.193690e-001
8.596600e-002 -1.741100e-002 -2.313320e-001
8.615900e-002 7.840000e-002 -1.845590e-001
8.676000e-002 -2.047000e-002 -1.737960e-001
8.710600e-002 -4.510500e-002 -1.973890e-001
8.726200e-002 -7.678000e-003 -2.309410e-001
8.735800e-002 -4.716800e-002 -2.145140e-001
8.763400e-002 7.697200e-002 -1.541680e-001
8.771000e-002 8.848200e-002 -1.608360e-001
8.781000e-002 3.137700e-002 -1.538130e-001
8.819300e-002 -3.118500e-002 -2.240720e-001
8.830400e-002 5.638500e-002 -2.168400e-001
8.910800e-002 -4.529000e-002 -2.031050e-001
8.951000e-002 3.639700e-002 -2.170110e-001
8.959200e-002 8.784300e-002 -1.731680e-001
8.993100e-002 6.784600e-002 -2.094470e-001
9.014100e-002 6.134600e-002 -1.535050e-001
9.061600e-002 -6.431000e-003 -2.299790e-001
9.072900e-002 5.672000e-003 -1.604390e-001
9.100700e-002 7.528000e-002 -1.871560e-001
9.133300e-002 7.403700e-002 -1.992740e-001
9.172500e-002 -3.360100e-002 -2.169980e-001
9.202700e-002 -1.737600e-002 -2.255370e-001
9.242400e-002 -3.980900e-002 -2.101520e-001
9.270700e-002 -4.479000e-003 -1.662950e-001
9.317300e-002 -3.678500e-002 -1.990990e-001
9.395200e-002 8.203600e-002 -1.555540e-001
9.414700e-002 -2.078900e-002 -1.798990e-001
9.428400e-002 -2.903800e-002 -1.897510e-001
9.519600e-002 7.301600e-002 -2.051590e-001
9.532300e-002 3.653000e-002 -1.517570e-001
9.576400e-002 7.616200e-002 -1.822850e-001
9.630000e-002 -9.343000e-003 -1.710790e-001
9.651600e-002 -2.962000e-002 -2.065290e-001
9.652100e-002 2.320200e-002 -2.190400e-001
9.731700e-002 1.335000e-003 -2.254320e-001
9.751100e-002 1.112900e-002 -2.229830e-001
9.788900e-002 4.682200e-002 -2.179590e-001
9.826700e-002 7.491100e-002 -2.004060e-001
9.856700e-002 6.828600e-002 -2.108400e-001
9.867200e-002 2.895900e-002 -2.165930e-001
9.877800e-002 -2.344400e-002 -1.895030e-001
9.880400e-002 6.069500e-002 -2.154490e-001
9.892600e-002 -5.599000e-003 -2.231830e-001
1.001580e-001 -1.726400e-002 -2.139190e-001
1.009660e-001 2.003600e-002 -1.511900e-001
1.014850e-001 -2.062100e-002 -2.065230e-001
1.017300e-001 -2.206000e-002 -2.003610e-001
1.019120e-001 2.399800e-002 -1.499480e-001
1.022250e-001 -2.087400e-002 -1.917960e-001
1.033730e-001 3.000000e-004 -1.632780e-001
1.034680e-001 -1.105100e-002 -1.747620e-001
1.039680e-001 5.386700e-002 -2.168490e-001
1.058330e-001 -4.258000e-003 -2.160020e-001
1.062290e-001 -1.436000e-002 -1.810050e-001
1.066810e-001 5.945000e-003 -2.202750e-001
1.068780e-001 4.408700e-002 -1.508670e-001
1.074740e-001 1.044200e-002 -1.554860e-001
1.083850e-001 1.413400e-002 -2.189570e-001
1.093850e-001 -1.506800e-002 -1.971910e-001
1.096600e-001 4.363900e-002 -2.155490e-001
1.100310e-001 -1.173600e-002 -2.032040e-001
1.104210e-001 2.464600e-002 -2.167390e-001
1.113880e-001 2.323200e-002 -1.496160e-001
1.114490e-001 -1.346900e-002 -1.872140e-001
1.124780e-001 3.590200e-002 -2.155270e-001
1.146000e-001 6.031000e-003 -2.139350e-001
1.153990e-001 -9.590000e-004 -2.087830e-001
1.165420e-001 1.675900e-002 -2.166740e-001
1.166450e-001 -2.033000e-003 -1.662270e-001
1.169780e-001 -7.380000e-003 -1.996390e-001
1.200600e-001 -8.047000e-003 -1.879300e-001
