1922
1923
1924
1925
1926
1927
1928
1929
1930
1931
1932
1933
1934
1935
1936
1937
1938
1939
1940
1941
1942
1943
1944
1945
1946
1947
1948
1949
1950
1951
1952
1953
1954
1955
1956
1957
1958
1959
1960
1961
1962
1963
1964
1965
1966
1967
1968
1969
1970
1971
1972
1973
1974
1975
1976
1977
1978
1979
1980
1981
1982
1984
1985
2022
2023
2024
2025
2027
2073
2075
2076
2077
6447
6448
6449
6450
6451
6452
6453
6454
6455
6456
6457
6458
6459
6460
6461
6462
6463
6464
6465
6466
6467
6468
6469
6470
6471
6472
6473
6474
6475
6476
6477
6478
6479
6480
6481
6482
6483
6484
6485
6486
6487
6488
6489
6490
6491
6492
6493
6494
6495
6496
6497
6498
6499
6500
6501
6502
6503
6616
6617
6618
6619
6620
6621
6622
6623
6624
6625
6626
6627
6628
6629
6630
6631
6632
6633
6634
6635
6636
6637
6638
6639
6640
6641
6642
6643
6644
6645
6646
6647
6648
6649
6650
6651
6652
6653
6654
6711
6712
6713
6714
6715
6716
6717
6718
6719
6720
6721
6722
6723
6724
6725
6726
6727
6729
6816
6817
6818
6819
6820
6821
6822
6823
6824
6825
6826
6827
6828
6829
6830
6831
6832
6833
6834
6835
6836
6837
6838
6839
6840
6841
6842
6843
6844
6845
6847
6848
6849
6850
6851
6852
6853
6996
6997
6998
6999
7000
7001
7002
7003
7004
7005
7006
7007
7008
7009
7010
7079
7084
7085
7260
7261
7350
7366
7367
7368
7369
7370
7416
7417
7430
7431
7432
7433
7434
7435
7436
7437
7438
7439
7440
7441
7442
7443
7444
7445
7446
7447
7448
7449
7450
7451
7452
7453
7454
7455
7456
7457
7458
7459
7460
7461
7462
7463
7464
7465
7466
7467
7468
7469
7470
7471
7472
7473
7474
7475
7476
7477
7478
7479
7480
7481
7482
7483
7484
7485
7486
7487
7488
7489
7490
7491
7492
7493
7494
7495
7496
7497
7498
7499
7500
7501
7502
7503
7504
7505
7506
7507
7508
7509
7510
7511
7512
7513
7514
7515
7516
7521
7522
7523
7524
7525
7526
7527
7528
7529
7530
7531
7532
7533
7563
7564
7591
7592
7612
7613
7614
7615
7616
7631
7632
7633
7634
7635
7636
7637
7638
7639
7644
7667
7668
7669
7670
7671
7672
7673
7674
7675
7676
7677
7678
7679
7680
7681
7682
7683
7684
7685
7686
7687
7688
7689
7690
7691
7692
7693
7694
7695
7696
7697
7698
7699
7700
7701
7702
7703
7704
7705
7729
7730
7731
7732
7733
7734
7735
7736
7737
7738
7739
7740
7741
7742
7743
7744
7745
7746
7747
7748
7749
7750
7751
7752
7753
7754
7755
7756
7757
7758
7759
7760
7761
7762
7763
7771
7772
7773
7774
7775
7776
7777
7778
7779
7780
7781
7841
7844
7845
7846
7847
7848
7849
7850
7851
7852
7853
7854
7855
7856
7857
7858
7859
7860
7861
7862
7863
7864
7865
7866
7867
7868
7869
7885
7923
7924
7925
7926
7927
7928
7929
7930
7931
7932
7933
7934
7935
7936
7937
7938
7939
7940
7941
7942
7943
7944
7945
7946
7948
7949
7950
7951
7952
7953
7955
7956
7957
7958
7959
7960
7961
7962
7963
7964
7965
7966
7967
7968
7969
7970
7971
7972
7973
7974
7975
7976
7977
7978
7979
7980
7981
7982
7983
7984
7985
7986
7987
7988
7989
7990
7991
7992
7993
7995
7996
7997
7998
7999
8000
8001
8002
8003
8004
8013
8014
8015
8016
8017
8018
8019
8020
8021
8022
8023
8059
8060
8061
8062
8063
8064
8065
8066
8070
8071
8072
8073
8074
8076
8077
8078
8079
8080
8081
8082
8083
8084
8085
8086
8087
8088
8089
8093
8094
8122
8123
8124
8125
8126
8127
8128
8129
8130
8131
8132
8133
8134
8135
8136
8137
8138
8139
8140
8141
8142
8143
8144
8145
8146
8148
8149
8150
8151
8152
8155
8156
8157
8160
8161
8173
8174
8175
8176
8177
8178
8179
8180
8181
8182
8183
8184
8185
8186
8187
8188
8189
8190
8191
8194
8195
8196
8197
8198
8199
8200
8201
8202
8203
8204
8205
8206
8207
8208
8209
8210
8211
8212
8213
8214
8215
8216
8217
8218
8219
8220
8221
8222
8223
8224
8225
8226
8227
8228
8229
8230
8231
8232
8233
8241
8242
8243
8244
8270
8271
8272
8273
8274
8275
8276
8277
8278
8279
8280
8281
8282
8283
8284
8285
8286
8287
8288
8289
8290
8294
8295
8296
8297
8298
8303
8341
8342
8348
8349
8350
8351
8352
8353
8354
8355
8356
8357
8358
8359
8360
8361
8362
8363
8364
8365
8366
8367
8368
8369
8370
8371
8372
8373
8416
8417
8422
8423
8424
8425
8426
8427
8428
8429
8430
8431
8432
8433
8434
8435
8436
8437
8438
8439
8440
8441
8442
8443
8444
8445
8446
8447
8448
8449
8450
8453
8454
8538
8539
8540
8541
8542
8543
8544
8545
8548
8552
8553
8579
8580
8582
8583
8584
8585
8586
8590
8591
8592
8611
8638
8639
8640
8672
8673
8674
8675
8716
8717
8725
8730
8734
8735
8736
8737
8738
8739
8740
8741
8742
8743
8744
8745
8746
8752
8754
8755
8756
8757
8758
8764
8765
8766
8767
8768
8769
8773
8832
8833
8840
8841
8878
8879
8880
8907
8908
8915
8946
8947
8948
8949
8950
8951
8952
8973
8974
8975
8986
8987
8997
8998
9065
9066
9067
9068
9069
9085
9086
9087
9088
9089
9090
9091
9092
9133
9134
9135
9136
9157
9158
9159
9160
9161
9162
9163
9164
9165
9166
9167
9168
9169
9170
9171
9172
9173
9174
9175
9176
9177
9189
9190
9191
9192
9193
9194
9195
9196
9217
9218
9219
9220
9221
9244
9245
9258
9325
9326
9327
9328
9329
9330
9331
9332
9333
9334
9335
9336
9337
9338
9339
9340
9341
9342
9343
9344
9345
9346
9347
9348
9349
9350
9351
9352
9353
9354
9355
9356
9357
9358
9359
9360
9361
9362
9363
9364
9365
9366
9367
9368
9369
9370
9371
9372
9373
9374
9375
9376
9402
9403
9404
9405
9406
9407
9408
9409
9410
9441
9442
9443
9444
9445
9446
9447
9448
9449
9450
9451
9452
9453
9454
9455
9509
9510
9553
9598
9599
9600
9601
9602
9603
9631
9632
9633
9634
9635
9636
9637
9638
9639
9640
9641
9642
9643
9644
9645
9646
9647
9648
9649
9653
9654
9655
9670
9671
9676
9677
9678
9712
9713
9714
9715
9716
9717
9718
9722
9723
9724
9725
9726
9727
9728
9729
9730
9731
9732
9733
9734
9735
9736
9737
9738
9739
9740
9741
9747
9749
9750
9751
9777
9778
9779
9798
9799
9800
9801
9802
9803
9804
9805
9814
9828
9829
9837
9838
9839
9840
9841
9842
9843
9844
9845
9848
9849
9850
9886
9887
9888
9896
9928
9929
9930
9931
9932
9933
9939
9940
9941
9942
9943
9944
9945
9946
9947
9948
9949
9950
9951
9952
9953
9954
9959
9960
9961
9962
9963
9964
9965
9966
9967
9968
9969
9970
9971
9972
9973
9974
9987
9988
9991
9992
9993
9994
9995
9996
9997
9998
10026
10037
10038
10039
10040
10041
10042
10043
10044
10045
10046
10073
10074
10075
10076
10077
10223
10224
10231
10232
10233
10234
10248
10319
10320
10321
10322
10323
10420
10421
10422
10423
10424
10425
10426
10453
10454
10456
10476
10494
10495
10556
10557
10558
10559
10560
10561
10562
10563
10564
10565
10892
10902
10903
10904
10905
10906
10907
10908
11116
11117
11118
11119
11120
11121
11122
11123
11124
11125
11200
11201
11206
11315
11316
11341
11342
11343
11394
11395
11396
11397
11398
11399
11400
11401
11402
11403
11404
11463
11464
11465
11466
11467
11558
11573
11574
11575
11576
11577
11579
11615
11616
11617
11618
11655
11656
11657
11658
11659
11660
11661
11662
11663
11664
11665
11666
11724
11725
11726
11727
11728
11729
11730
11737
11738
11882
11909
11982
11992
11993
11994
11995
11996
11997
12017
12018
12019
12020
12021
12039
12040
12046
12047
12048
12145
12146
12147
12148
12149
12150
12151
12171
12172
12210
12211
12212
12243
12244
12245
12246
12247
12248
12249
12250
12251
12252
12253
12254
12255
12256
12257
12258
12293
12294
12295
12296
12297
12298
12299
12300
12301
12302
12303
12305
12306
12307
12308
12309
12310
12311
12312
12313
12418
12419
12420
12421
12422
12423
12424
12425
12426
12427
12428
12429
12430
12431
12432
12433
12434
12435
12436
12437
12481
12482
12483
12487
12488
12546
12547
12548
12549
12550
12551
12552
12553
12554
12555
12556
12557
12558
12559
12560
12561
12562
12563
12564
12565
12587
12588
12589
12590
12604
12605
12606
12645
12743
12744
12745
12770
12771
12772
12773
12774
12828
12829
12841
12842
12843
12847
12848
12849
12909
12910
12911
12913
12914
12915
12916
12933
12992
12993
12994
13053
13073
13074
13075
13076
13077
13078
13079
13080
13081
13114
13115
13116
13117
13118
13119
13130
13131
13132
13133
13134
13135
13136
13155
13156
13157
13176
13201
13202
13203
13204
13205
13206
13207
13208
13209
13210
13211
13212
13213
13214
13215
13216
13217
13220
13230
13231
13232
13233
13322
13323
13324
13325
13326
13327
13328
13329
13330
13331
13332
13333
13394
13395
13396
13397
13398
13399
13400
13401
13408
13409
13446
13464
13472
13473
13535
13537
13538
13539
13540
13541
13542
13543
13544
13545
13546
13547
13548
13549
13550
13551
13552
13555
13556
13557
13576
13577
13578
13579
13580
13581
13582
13583
13584
13585
13586
13587
13588
13634
13724
13725
13871
13872
13873
13874
13875
13876
13877
13878
13879
13880
13881
13882
13883
13884
13885
13886
13887
13888
13889
13890
13891
13902
13910
13911
13943
13944
13956
13960
13961
13962
13963
13964
13965
13966
13967
13968
13969
13970
13971
14034
14035
14044
14045
14216
14217
14218
14219
14220
14221
14222
14223
14224
14225
14226
14227
14228
14229
14230
14231
14232
14233
14234
14235
14236
14237
14238
14239
14240
14241
14242
14243
14244
14245
14246
14247
14248
14249
14267
14268
14269
14270
14323
14324
14325
14326
14327
14328
14329
14330
14331
14332
14333
14334
14335
14336
14337
14338
14339
14497
14498
14499
14500
14501
14502
14503
14504
14505
14509
14510
14511
14512
14513
14514
14515
14516
14517
14518
14519
14562
14563
14564
14565
14566
14567
14568
14569
14570
14571
14572
14573
14574
14575
14576
14577
14586
14587
14588
14589
14620
14621
14622
14623
14624
14625
14626
14627
14628
14629
14630
14631
14632
14633
14634
14659
14662
14670
14671
14672
14673
14674
14675
14676
14677
14678
14688
14689
14690
14691
14692
14693
14694
14695
14696
14697
14698
14699
14700
14767
14768
14769
14770
14771
14772
14773
14774
14812
14824
14825
14826
14827
14923
14924
14961
14962
14963
14964
14965
14966
14967
14968
14969
14970
14975
15054
15068
15070
15071
15072
15073
15074
15075
15077
15128
15129
15143
15144
15208
15209
15213
15214
15249
15315
15316
15317
15331
15332
15333
15334
15335
15336
15337
15338
15339
15340
15341
15342
15343
15344
15345
15346
15347
15348
15349
15350
15351
15352
15353
15354
15355
15356
15405
15406
15407
15408
15510
15511
15512
15561
15562
15563
15564
15573
15574
15575
15576
15577
15578
15579
15580
15581
15582
15583
15603
15604
15605
15606
15607
15623
15624
15653
15656
15659
15687
15688
15689
15690
15691
15692
15693
15694
15695
15696
15697
15698
15699
15700
15701
15792
15793
15794
15795
15796
15797
15804
15903
15904
15905
15906
15913
15915
15917
15987
15988
15991
15993
15996
15997
15998
15999
16000
16001
16002
16003
16004
16005
16006
16007
16008
16009
16093
16094
16095
16272
16273
16274
16275
16276
16277
16278
16279
16409
16410
16411
16426
16427
16428
16519
16520
16521
16522
16523
16524
16525
16526
16527
16528
16529
16551
16552
16562
16709
16714
16715
16716
16717
16718
16719
16720
16721
16722
16723
16724
16725
16726
16727
16728
16729
16796
16834
16835
16836
16837
16838
16839
16840
16860
16861
16862
16863
16864
16865
16866
16867
16868
16869
16870
16871
16872
16873
16878
16879
16880
16906
16910
16911
16914
16917
17038
17039
17040
17041
17042
17043
17044
17045
17046
17047
17048
17049
17050
17051
17052
17053
17083
17084
17089
17116
17119
17120
17121
17122
17131
17132
17133
17134
17186
17187
17188
17189
17200
17201
17269
17270
17271
17272
17273
17274
17302
17340
17341
17342
17343
17344
17345
17346
17347
17376
17377
17378
17379
17380
17381
17382
17396
17406
17413
17414
17415
17416
17417
17418
17419
17420
17421
17422
17423
17424
17425
17426
17427
17428
17429
17430
17431
17432
17433
17434
17435
17443
17444
17449
17471
17482
17511
17512
17519
17520
17722
17723
17724
17725
17726
17727
17728
17729
17730
17731
17733
17734
17735
17840
17841
17842
17843
17844
17845
17846
17847
17883
17884
17885
17888
17889
17890
17891
17892
17940
17941
17942
17943
17978
17979
17982
18009
18010
18011
18018
18019
18020
18021
18103
18104
18105
18106
18107
18108
18109
18110
18111
18112
18113
18114
18115
18116
18117
18118
18152
18168
18169
18170
18234
18235
18236
18238
18254
18255
18256
18257
18266
18272
18281
18284
18285
18286
18287
18302
18303
18304
18305
18306
18307
18308
18309
18310
18311
18312
18313
18314
18315
18319
18346
18347
18348
18349
18350
18361
18362
18363
18369
18370
18371
18372
18373
18374
18375
18376
18377
18378
18379
18380
18381
18402
18403
18404
18405
18406
18407
18408
18410
18411
18412
18413
18414
18419
18420
18421
18422
18423
18424
18425
18442
18443
18444
18445
18446
18447
18448
18449
18450
18451
18479
18480
18481
18482
18483
18484
18485
18486
18523
18524
18525
18526
18528
18529
18530
18531
18532
18533
18534
18535
18536
18537
18538
18539
18540
18541
18542
18543
18544
18627
18628
18629
18630
18631
18632
18805
18806
18807
18808
18831
18833
18834
18835
18836
18837
18838
18892
18893
18894
18895
18896
18897
18898
18899
18900
18901
18902
18930
18939
18940
18949
18950
18966
19012
19013
19014
19015
19016
19017
19018
19019
19020
19021
19022
19023
19024
19025
19026
19037
19043
19077
19078
19079
19080
19081
19082
19083
19084
19085
19089
19145
19146
19147
19148
19149
19150
19151
19154
19155
19156
19157
19160
19161
19162
19208
19209
19210
19211
19212
19218
19219
19220
19221
19222
19223
19224
19225
19226
19227
19228
19229
19232
19327
19328
19329
19330
19331
19376
19400
19419
19420
19421
19422
19423
19424
19425
19426
19427
19428
19429
19430
19431
19432
19433
19434
19435
19436
19437
19439
19440
19441
19442
19443
19444
19445
19446
19451
19452
19453
19454
19455
19456
19457
19458
19462
19463
19464
19531
19532
19533
19534
19535
19536
19537
19538
19539
19540
19541
19542
19543
19547
19549
19550
19551
19552
19553
19554
19555
19586
19589
19590
19591
19592
19593
19610
19611
19612
19613
19651
19652
19653
19654
19655
19656
19657
19663
19664
19665
19666
19667
19668
19669
19709
19710
19711
19725
19726
19727
19979
19980
19981
19982
19983
19984
19985
19986
19987
19988
19989
19990
19991
19992
19993
19994
19995
19996
19997
19998
19999
20000
20001
20002
20003
20016
20017
20018
20083
20085
20086
20091
20101
20102
20103
20104
20105
20171
20178
20179
20180
20181
20182
20183
20184
20185
20186
20187
20342
20652
24823
