1.051290e+000 -9.348400e-002 -2.277700e-002
1.051520e+000 -8.473600e-002 -3.787300e-002
1.051790e+000 -7.327000e-002 -6.996900e-002
1.052440e+000 -1.049150e-001 6.823700e-002
1.052690e+000 -1.075360e-001 2.596900e-002
1.052920e+000 -1.064240e-001 1.456700e-002
1.053020e+000 -7.902600e-002 -5.257800e-002
1.053030e+000 -1.032480e-001 2.800000e-005
1.053750e+000 -6.511400e-002 -8.117200e-002
1.054860e+000 -4.022300e-002 -1.035000e-001
1.055340e+000 -8.456600e-002 1.174240e-001
1.056560e+000 -5.830300e-002 -8.853900e-002
1.056660e+000 1.529900e-002 -1.180070e-001
1.057150e+000 -7.037200e-002 -7.037500e-002
1.057460e+000 -6.904000e-002 1.391130e-001
1.057900e+000 -1.457300e-002 -1.131040e-001
1.057950e+000 -6.629000e-002 1.537670e-001
1.057960e+000 -5.676800e-002 1.712030e-001
1.058380e+000 -3.700400e-002 -1.052500e-001
1.058440e+000 -1.007100e-001 -1.163500e-002
1.058460e+000 -4.760600e-002 -9.689200e-002
1.058830e+000 -9.200000e-004 -1.171250e-001
1.059310e+000 -9.071400e-002 1.099590e-001
1.059330e+000 -4.528500e-002 1.815020e-001
1.059850e+000 -6.487500e-002 -7.838200e-002
1.060090e+000 -1.008690e-001 8.747200e-002
1.060140e+000 -6.199500e-002 1.620930e-001
1.060720e+000 5.634000e-002 -1.089240e-001
1.061080e+000 -5.745900e-002 -8.627200e-002
1.061460e+000 -2.054700e-002 1.954370e-001
1.061580e+000 9.219000e-003 2.007220e-001
1.062210e+000 -7.302800e-002 -6.541600e-002
1.062280e+000 -4.026000e-002 1.857380e-001
1.062550e+000 6.927200e-002 -1.020280e-001
1.062630e+000 -2.707800e-002 -1.084660e-001
1.062720e+000 -1.092620e-001 3.905500e-002
1.062980e+000 -6.385700e-002 1.497260e-001
1.063280e+000 -4.293000e-002 -9.760900e-002
1.063460e+000 -5.422300e-002 1.706210e-001
1.063890e+000 -9.725300e-002 9.884700e-002
1.064440e+000 -1.536000e-002 -1.124940e-001
1.064480e+000 -8.408600e-002 -4.378300e-002
1.064590e+000 8.507200e-002 -8.973900e-002
1.064600e+000 -1.072260e-001 3.981000e-003
1.064700e+000 3.945100e-002 1.989690e-001
1.064820e+000 -2.862400e-002 1.919400e-001
1.064880e+000 3.857700e-002 -1.133140e-001
1.065040e+000 -5.870600e-002 1.588400e-001
1.065130e+000 1.133650e-001 -1.725600e-002
1.065200e+000 6.347800e-002 1.938820e-001
1.065380e+000 -3.122500e-002 -1.040130e-001
1.065500e+000 -9.325900e-002 -3.095100e-002
1.065710e+000 -5.008300e-002 1.780100e-001
1.065770e+000 -1.066440e-001 6.854500e-002
1.065910e+000 -5.870000e-003 -1.154370e-001
1.065930e+000 -1.729900e-002 1.941150e-001
1.066250e+000 -8.262800e-002 1.235880e-001
1.066300e+000 1.094560e-001 -4.205700e-002
1.066720e+000 -8.047000e-003 1.978330e-001
1.066780e+000 9.839400e-002 1.703270e-001
1.066980e+000 9.899200e-002 -7.008900e-002
1.067160e+000 -7.293300e-002 -6.424800e-002
1.067320e+000 -1.106170e-001 2.071500e-002
1.067410e+000 1.290400e-002 1.995920e-001
1.067640e+000 6.096000e-003 -1.161110e-001
1.067700e+000 1.192380e-001 7.701200e-002
1.067790e+000 -3.975600e-002 1.858010e-001
1.067790e+000 1.030560e-001 -5.955000e-002
1.068080e+000 -1.651900e-002 -1.093020e-001
1.068490e+000 -4.757200e-002 -9.549900e-002
1.068590e+000 -2.874500e-002 1.913970e-001
1.068710e+000 -6.464500e-002 1.471230e-001
1.068830e+000 -2.259000e-003 2.005220e-001
1.068830e+000 1.151790e-001 3.650500e-002
1.068870e+000 2.944200e-002 1.994750e-001
1.069090e+000 1.204420e-001 1.132900e-001
1.069260e+000 -1.006940e-001 -1.960700e-002
1.069310e+000 -5.074600e-002 1.698800e-001
1.069620e+000 1.023820e-001 1.624470e-001
1.069640e+000 -9.003800e-002 1.149060e-001
1.069820e+000 -1.031170e-001 8.792100e-002
1.069830e+000 -4.869000e-003 -1.125040e-001
1.069870e+000 2.033500e-002 -1.158790e-001
1.070100e+000 8.761300e-002 -8.245100e-002
1.070360e+000 7.635600e-002 -9.278500e-002
1.070430e+000 -4.326600e-002 1.810990e-001
1.070780e+000 -5.832400e-002 -8.557900e-002
1.071260e+000 8.959900e-002 1.731840e-001
1.071410e+000 7.727300e-002 1.822230e-001
1.071450e+000 -6.892500e-002 1.407460e-001
1.071480e+000 1.091510e-001 -2.513100e-002
1.071490e+000 5.643000e-002 1.928310e-001
1.071670e+000 -7.750700e-002 1.309930e-001
1.071860e+000 1.129980e-001 2.328400e-002
1.071950e+000 1.106010e-001 -4.106000e-003
1.071980e+000 6.487900e-002 1.892710e-001
1.071990e+000 5.153000e-003 -1.135980e-001
1.072220e+000 4.331300e-002 1.961540e-001
1.072300e+000 9.513900e-002 -6.959400e-002
1.072650e+000 1.017120e-001 -5.490800e-002
1.072650e+000 1.063800e-001 -3.714900e-002
1.072760e+000 -4.040600e-002 -9.970900e-002
1.072800e+000 1.164160e-001 7.572700e-002
1.072960e+000 -6.695000e-002 -7.387200e-002
1.073170e+000 7.765000e-003 2.010510e-001
1.073210e+000 6.064500e-002 -1.025880e-001
1.073270e+000 1.104860e-001 1.424020e-001
1.073560e+000 -1.695600e-002 1.936410e-001
1.073640e+000 1.137930e-001 1.322860e-001
1.073750e+000 -4.568600e-002 1.739970e-001
1.074110e+000 1.019560e-001 1.563610e-001
1.074130e+000 -3.072600e-002 -1.046070e-001
1.074240e+000 -3.874800e-002 1.792330e-001
1.074320e+000 -7.533600e-002 -6.098500e-002
1.074480e+000 1.139180e-001 3.417100e-002
1.074550e+000 1.168730e-001 1.032300e-001
1.074620e+000 1.962100e-002 -1.142690e-001
1.074680e+000 -1.122320e-001 4.324700e-002
1.074690e+000 2.019100e-002 1.994630e-001
1.074720e+000 6.128900e-002 1.916360e-001
1.075150e+000 1.154770e-001 1.184420e-001
1.075360e+000 -9.981000e-003 1.964470e-001
1.075620e+000 3.620000e-004 1.989770e-001
1.075630e+000 -1.098160e-001 6.811300e-002
1.075760e+000 2.960300e-002 -1.130550e-001
1.075830e+000 -5.521200e-002 1.622190e-001
1.075940e+000 8.894300e-002 1.703330e-001
1.075950e+000 1.103030e-001 5.669000e-003
1.076050e+000 -1.820200e-002 1.916740e-001
1.076850e+000 -9.479400e-002 -3.578600e-002
1.076980e+000 7.591700e-002 1.803840e-001
1.077070e+000 -5.993100e-002 -8.266700e-002
1.077390e+000 8.739800e-002 -8.136600e-002
1.077820e+000 7.803200e-002 -8.975000e-002
1.077850e+000 4.658600e-002 -1.078660e-001
1.077920e+000 1.085330e-001 1.408170e-001
1.077960e+000 3.605000e-002 1.982450e-001
1.077970e+000 1.156660e-001 7.467600e-002
1.078090e+000 9.682400e-002 -6.252600e-002
1.078290e+000 1.211400e-002 1.998290e-001
1.078420e+000 1.110410e-001 2.724900e-002
1.078470e+000 1.112010e-001 1.318910e-001
1.078570e+000 3.869000e-003 -1.146770e-001
1.078640e+000 1.067530e-001 -1.314400e-002
1.078680e+000 1.009890e-001 1.537560e-001
1.078710e+000 -1.091000e-002 -1.118500e-001
1.078830e+000 -2.223500e-002 1.870270e-001
1.078970e+000 -1.150430e-001 1.883900e-002
1.078980e+000 -1.068010e-001 -1.276400e-002
1.079060e+000 1.052080e-001 -3.033400e-002
1.079490e+000 -1.132010e-001 6.532000e-003
1.079520e+000 8.995800e-002 -7.515500e-002
1.079610e+000 5.080400e-002 1.941710e-001
1.079950e+000 -1.093550e-001 7.894100e-002
1.080090e+000 -9.762700e-002 1.086860e-001
1.080130e+000 -2.381000e-003 1.927280e-001
1.080300e+000 1.025840e-001 -4.047600e-002
1.080360e+000 5.729800e-002 -1.021820e-001
1.080700e+000 1.152300e-001 1.117930e-001
1.081070e+000 2.239600e-002 1.967860e-001
1.081100e+000 -7.807900e-002 -6.098600e-002
1.081300e+000 -1.060910e-001 9.175100e-002
1.081300e+000 7.009400e-002 1.844600e-001
1.081600e+000 1.080000e-001 1.631300e-002
1.081700e+000 -1.032560e-001 9.856200e-002
1.081930e+000 9.311100e-002 1.659160e-001
1.081970e+000 1.196300e-002 1.955420e-001
1.082210e+000 1.145400e-001 8.354100e-002
1.082340e+000 1.077040e-001 3.361800e-002
1.082460e+000 1.460900e-002 -1.160510e-001
1.082570e+000 -5.798300e-002 1.588930e-001
1.082590e+000 -4.933700e-002 -9.275300e-002
1.082790e+000 3.738000e-002 1.969620e-001
1.082850e+000 -3.460400e-002 -1.023030e-001
1.082860e+000 1.151470e-001 1.019020e-001
1.082890e+000 -8.418100e-002 1.301780e-001
1.083070e+000 1.039470e-001 6.306000e-003
1.083250e+000 6.799100e-002 -9.456200e-002
1.083440e+000 1.120060e-001 5.758800e-002
1.083520e+000 1.007540e-001 -2.376600e-002
1.083810e+000 1.102460e-001 1.327380e-001
1.083940e+000 8.062100e-002 -8.134000e-002
1.084470e+000 -6.185800e-002 -8.194400e-002
1.084490e+000 8.895400e-002 1.698570e-001
1.084550e+000 1.072170e-001 1.407710e-001
1.084570e+000 -4.623000e-002 1.718850e-001
1.084900e+000 -1.171590e-001 2.998200e-002
1.085230e+000 8.839100e-002 -6.834500e-002
1.085280e+000 1.730000e-002 1.958080e-001
1.085420e+000 1.012910e-001 1.514860e-001
1.085630e+000 4.260000e-002 -1.109920e-001
1.085820e+000 9.381400e-002 -5.364700e-002
1.085880e+000 1.130270e-001 9.422700e-002
1.086050e+000 -1.154090e-001 5.238400e-002
1.086160e+000 1.013300e-001 1.172300e-002
1.086170e+000 3.217000e-002 1.954610e-001
1.086230e+000 9.723000e-002 -3.730300e-002
1.086420e+000 3.015900e-002 -1.151970e-001
1.086440e+000 1.005940e-001 -3.605000e-003
1.086530e+000 -1.015950e-001 -2.884900e-002
1.087120e+000 1.012550e-001 3.316000e-002
1.087730e+000 5.600900e-002 1.887000e-001
1.087910e+000 -4.092000e-002 -9.908900e-002
1.087970e+000 1.103630e-001 1.232630e-001
1.087980e+000 1.088930e-001 7.320400e-002
1.088070e+000 4.533200e-002 1.929540e-001
1.088160e+000 1.031140e-001 4.348000e-002
1.088360e+000 -1.134030e-001 -1.657000e-003
1.088380e+000 1.070970e-001 5.934600e-002
1.088640e+000 -9.549700e-002 1.164540e-001
1.088810e+000 -3.549300e-002 1.798150e-001
1.088930e+000 -2.836400e-002 -1.055490e-001
1.089330e+000 -1.175790e-001 1.633800e-002
1.089460e+000 9.547400e-002 1.573800e-001
1.089590e+000 -6.354600e-002 1.557120e-001
1.089620e+000 -8.824800e-002 -5.303900e-002
1.089650e+000 -5.191700e-002 1.671420e-001
1.089660e+000 -5.430200e-002 -9.038000e-002
1.089960e+000 -9.489500e-002 -4.255600e-002
1.090360e+000 1.085090e-001 8.961500e-002
1.090450e+000 8.300600e-002 -7.816100e-002
1.090480e+000 9.954200e-002 3.124000e-002
1.090540e+000 7.019900e-002 1.812870e-001
1.091390e+000 -1.069290e-001 -1.979800e-002
1.091570e+000 5.568000e-002 -1.054040e-001
1.091750e+000 1.080000e-001 1.093370e-001
1.091790e+000 1.000460e-001 1.705200e-002
1.091910e+000 -1.145050e-001 7.007400e-002
1.092080e+000 8.133200e-002 1.722750e-001
1.092290e+000 1.001820e-001 3.687700e-002
1.092630e+000 7.353100e-002 -9.061800e-002
1.093050e+000 1.863800e-002 -1.168700e-001
1.093160e+000 -1.049240e-001 1.020230e-001
1.093180e+000 -6.213000e-003 -1.139610e-001
1.093230e+000 1.060980e-001 1.240880e-001
1.093650e+000 9.875400e-002 1.467600e-001
1.093690e+000 -1.113300e-001 8.531200e-002
1.093780e+000 4.357200e-002 -1.116350e-001
1.093870e+000 1.061090e-001 5.953500e-002
1.094090e+000 9.081800e-002 1.604410e-001
1.094150e+000 -1.072100e-002 1.909460e-001
1.094290e+000 9.296600e-002 -5.378800e-002
1.094300e+000 -1.138030e-001 -3.250000e-003
1.094520e+000 -1.186190e-001 3.533000e-002
1.094730e+000 8.774300e-002 -6.850300e-002
1.094900e+000 -4.361200e-002 1.754220e-001
1.094900e+000 -2.163200e-002 -1.090820e-001
1.094990e+000 3.964900e-002 1.961300e-001
1.095140e+000 2.641400e-002 1.975910e-001
1.095170e+000 7.077000e-003 -1.164140e-001
1.095210e+000 6.558600e-002 -9.810200e-002
1.095350e+000 -8.534700e-002 1.334950e-001
1.095590e+000 1.065600e-002 1.962770e-001
1.096020e+000 5.561100e-002 1.915880e-001
1.096130e+000 -2.525000e-002 1.859710e-001
1.097350e+000 7.788100e-002 -8.497000e-002
1.097780e+000 -1.170440e-001 8.533000e-003
1.098090e+000 -7.269100e-002 1.498230e-001
1.098280e+000 -7.706400e-002 -7.238700e-002
1.098990e+000 -6.440400e-002 -8.663600e-002
1.099000e+000 6.317300e-002 1.885510e-001
1.099310e+000 -1.189210e-001 2.302700e-002
1.100010e+000 7.434400e-002 1.810040e-001
1.100350e+000 -5.965700e-002 1.645890e-001
1.100410e+000 -9.174300e-002 -5.181800e-002
1.100460e+000 -1.048700e-001 -2.646800e-002
1.100610e+000 -3.480900e-002 1.827050e-001
1.100650e+000 -4.137300e-002 -1.023000e-001
1.100810e+000 8.555400e-002 1.702310e-001
1.101090e+000 -1.143950e-001 7.277000e-002
1.101240e+000 -9.947600e-002 1.133210e-001
1.101320e+000 -1.058640e-001 1.008570e-001
1.101500e+000 -1.102900e-001 8.914400e-002
1.102270e+000 9.147000e-002 1.619160e-001
1.102300e+000 1.012220e-001 1.408470e-001
1.102430e+000 -8.907400e-002 1.299810e-001
1.102740e+000 8.122300e-002 -7.849800e-002
1.102790e+000 1.075890e-001 9.396300e-002
1.102880e+000 -1.714300e-002 -1.123330e-001
1.102970e+000 -4.084000e-003 -1.155100e-001
1.103120e+000 1.293000e-002 1.985590e-001
1.103290e+000 -7.603300e-002 1.475240e-001
1.103630e+000 1.069910e-001 1.109300e-001
1.103680e+000 -1.183760e-001 3.184300e-002
1.103770e+000 9.408900e-002 -4.230200e-002
1.104230e+000 -1.158290e-001 5.870100e-002
1.104660e+000 1.958600e-002 -1.171330e-001
1.104910e+000 9.541600e-002 1.547140e-001
1.105070e+000 3.145800e-002 -1.156180e-001
1.105170e+000 9.590800e-002 -2.498500e-002
1.105290e+000 1.051480e-001 1.241760e-001
1.105480e+000 -5.490600e-002 -9.658600e-002
1.105640e+000 -7.705000e-002 -7.537500e-002
1.105750e+000 -1.112690e-001 -1.119100e-002
1.105750e+000 9.854600e-002 3.708000e-003
1.106090e+000 4.649800e-002 -1.102950e-001
1.107080e+000 -6.766400e-002 -8.641100e-002
1.107430e+000 4.604200e-002 1.967540e-001
1.108050e+000 -1.171250e-001 1.635900e-002
1.108660e+000 -6.329000e-003 1.966400e-001
1.108960e+000 8.923900e-002 -5.836500e-002
1.109130e+000 -9.006200e-002 -5.571900e-002
1.109560e+000 -1.038150e-001 -2.833400e-002
1.109600e+000 -8.297600e-002 1.386560e-001
1.109870e+000 1.063600e-001 8.512900e-002
1.110110e+000 -1.048830e-001 9.978000e-002
1.110170e+000 -1.120630e-001 7.473500e-002
1.110760e+000 -1.150500e-001 5.548000e-003
1.110790e+000 6.352600e-002 1.896880e-001
1.110850e+000 7.321500e-002 1.827740e-001
1.110880e+000 -4.118100e-002 1.825130e-001
1.110930e+000 3.787000e-003 -1.181960e-001
1.110970e+000 9.770100e-002 3.942400e-002
1.111170e+000 1.018330e-001 5.242000e-002
1.111340e+000 2.184300e-002 2.012680e-001
1.111660e+000 8.455100e-002 1.714570e-001
1.112040e+000 5.568900e-002 -1.044570e-001
1.112440e+000 -5.373400e-002 -9.928300e-002
1.112510e+000 -1.144970e-001 4.191400e-002
1.112620e+000 -3.460500e-002 -1.090810e-001
1.112730e+000 -1.081630e-001 8.846400e-002
1.112740e+000 -1.130690e-001 4.882600e-002
1.112940e+000 -5.859500e-002 1.688800e-001
1.113430e+000 -9.944600e-002 1.106750e-001
1.113700e+000 -1.108870e-001 -9.235000e-003
1.113880e+000 9.085500e-002 1.615280e-001
1.113980e+000 -8.079100e-002 -7.135400e-002
1.113980e+000 6.607100e-002 -9.534800e-002
1.114040e+000 -8.964800e-002 1.279640e-001
1.114280e+000 8.444000e-002 -6.807600e-002
1.114400e+000 9.624000e-002 2.722700e-002
1.114400e+000 1.035170e-001 6.406800e-002
1.114810e+000 7.337600e-002 -8.678900e-002
1.115090e+000 -4.962900e-002 1.775930e-001
1.115330e+000 -9.399700e-002 -4.744700e-002
1.116010e+000 9.779100e-002 8.911000e-003
1.116960e+000 9.129200e-002 -4.726700e-002
1.117230e+000 -1.088900e-001 6.222300e-002
1.117330e+000 -2.296000e-002 -1.139600e-001
1.117800e+000 1.025670e-001 1.309080e-001
1.118030e+000 -1.080070e-001 7.942500e-002
1.118030e+000 9.401000e-002 -3.178200e-002
1.118050e+000 -1.025020e-001 -2.898200e-002
1.118520e+000 1.057300e-002 2.027470e-001
1.119080e+000 -6.251700e-002 -9.295200e-002
1.119270e+000 3.378000e-002 2.022310e-001
1.119420e+000 -8.349800e-002 -6.640900e-002
1.119570e+000 8.015900e-002 -7.548900e-002
1.119830e+000 3.437300e-002 -1.152640e-001
1.119910e+000 -7.304900e-002 -8.200500e-002
1.119950e+000 -6.260800e-002 1.656940e-001
1.120040e+000 -4.563100e-002 -1.048860e-001
1.120110e+000 -1.048410e-001 5.240200e-002
1.120510e+000 6.160000e-003 -1.193740e-001
1.120710e+000 -7.427800e-002 1.499530e-001
1.120810e+000 -1.115230e-001 -2.000000e-003
1.120890e+000 -1.046800e-002 -1.174850e-001
1.121010e+000 9.539900e-002 3.222800e-002
1.121100e+000 -1.819000e-002 1.963700e-001
1.121760e+000 -6.475000e-003 2.002680e-001
1.121790e+000 9.524200e-002 1.520660e-001
1.122060e+000 -3.135100e-002 1.907690e-001
1.122150e+000 4.572100e-002 1.999040e-001
1.122290e+000 9.700400e-002 1.705200e-002
1.122750e+000 7.744400e-002 1.803800e-001
1.123090e+000 6.182800e-002 1.928470e-001
1.123190e+000 -1.057790e-001 7.794800e-002
1.123960e+000 -9.937500e-002 5.379000e-002
1.124590e+000 -1.127500e-001 1.506900e-002
1.124590e+000 -1.040020e-001 6.770100e-002
1.124620e+000 1.822900e-002 -1.188010e-001
1.124730e+000 -4.913700e-002 1.793250e-001
1.124810e+000 -5.504900e-002 -9.874500e-002
1.125030e+000 9.605900e-002 -9.263000e-003
1.125440e+000 -1.040980e-001 9.002200e-002
1.125480e+000 -1.062780e-001 4.004800e-002
1.125610e+000 -2.811100e-002 -1.127820e-001
1.126020e+000 -1.007320e-001 1.013340e-001
1.126020e+000 -9.894100e-002 4.835400e-002
1.126180e+000 -9.212800e-002 -4.641900e-002
1.126200e+000 -1.104800e-001 2.919200e-002
1.126440e+000 -1.048940e-001 7.279100e-002
1.126590e+000 -4.051800e-002 1.855670e-001
1.126710e+000 -9.862300e-002 5.189500e-002
1.127000e+000 -1.056470e-001 -1.608700e-002
1.127670e+000 -8.133500e-002 -6.763400e-002
1.127720e+000 8.776500e-002 -5.606300e-002
1.127850e+000 1.047880e-001 1.029160e-001
1.128010e+000 1.039950e-001 1.187740e-001
1.128940e+000 1.900600e-002 2.048210e-001
1.129010e+000 -1.370000e-002 1.991730e-001
1.129030e+000 1.006000e-001 1.357830e-001
1.129210e+000 9.990800e-002 5.170100e-002
1.129490e+000 -6.399600e-002 -8.993200e-002
1.129680e+000 -1.116460e-001 2.162100e-002
1.129920e+000 -9.329400e-002 1.168220e-001
1.130260e+000 -1.084900e-001 3.596100e-002
1.130290e+000 9.719800e-002 4.659000e-003
1.130480e+000 -1.516300e-002 -1.164490e-001
1.130480e+000 6.854500e-002 1.891050e-001
1.130510e+000 1.014290e-001 6.290300e-002
1.130740e+000 -5.933000e-003 -1.183480e-001
1.131030e+000 3.743000e-002 2.031170e-001
1.131150e+000 -1.050850e-001 6.264500e-002
1.131660e+000 -1.054140e-001 7.916500e-002
1.131680e+000 7.625000e-003 -1.191800e-001
1.131680e+000 1.018730e-001 7.551300e-002
1.131700e+000 -1.108730e-001 4.639000e-003
1.131940e+000 4.081100e-002 -1.124430e-001
1.132140e+000 5.303800e-002 -1.054670e-001
1.132200e+000 8.400100e-002 -6.588400e-002
1.132400e+000 9.345200e-002 -3.075200e-002
1.132480e+000 -1.049700e-001 5.075600e-002
1.132530e+000 -3.542500e-002 -1.095970e-001
1.132670e+000 9.739000e-002 1.463920e-001
1.132710e+000 4.730000e-003 2.041350e-001
1.133220e+000 5.941000e-002 1.953010e-001
1.133260e+000 8.521700e-002 1.719300e-001
1.133970e+000 2.576400e-002 -1.169640e-001
1.134450e+000 -6.267300e-002 1.637720e-001
1.134720e+000 -1.005560e-001 -2.353600e-002
1.134860e+000 -1.068650e-001 4.717500e-002
1.135060e+000 9.446200e-002 3.593200e-002
1.135180e+000 -5.561300e-002 -9.635900e-002
1.135190e+000 -2.967300e-002 1.923850e-001
1.135290e+000 -1.896300e-002 1.973950e-001
1.135430e+000 -8.080200e-002 1.347390e-001
1.136130e+000 -4.532100e-002 -1.037330e-001
1.136270e+000 -4.745800e-002 1.799590e-001
1.136290e+000 7.532300e-002 -8.176500e-002
1.136460e+000 -6.946300e-002 1.531490e-001
1.136850e+000 4.758400e-002 2.004010e-001
1.137110e+000 9.443600e-002 2.565200e-002
1.137190e+000 -7.161200e-002 -7.906500e-002
1.137220e+000 -1.118720e-001 1.722900e-002
1.138040e+000 -1.067200e-001 6.042300e-002
1.138550e+000 6.200800e-002 -9.755900e-002
1.139270e+000 -1.066640e-001 -7.548000e-003
1.139360e+000 -2.421900e-002 -1.130350e-001
1.139700e+000 9.218600e-002 1.603810e-001
1.139860e+000 -3.222000e-003 2.028840e-001
1.140210e+000 -5.377800e-002 1.735520e-001
1.140400e+000 1.043210e-001 1.040660e-001
1.140410e+000 2.791300e-002 2.046120e-001
1.140720e+000 9.001500e-002 -4.725200e-002
1.140930e+000 8.066500e-002 1.780800e-001
1.141180e+000 9.718700e-002 1.175100e-002
1.141230e+000 7.017800e-002 -8.847800e-002
1.141230e+000 1.022040e-001 8.060300e-002
1.141300e+000 4.097000e-002 2.021480e-001
1.141720e+000 1.794800e-002 2.053220e-001
1.141870e+000 6.313600e-002 1.926540e-001
1.141960e+000 -3.523200e-002 1.885690e-001
1.142160e+000 1.011160e-001 5.843000e-002
1.142630e+000 1.766000e-002 -1.171740e-001
1.142690e+000 2.760000e-003 -1.174970e-001
1.142790e+000 -8.790000e-002 -4.352900e-002
1.142820e+000 -1.044400e-001 8.677700e-002
1.143160e+000 4.811400e-002 -1.070760e-001
1.143240e+000 -1.103520e-001 3.922100e-002
1.143240e+000 -9.973300e-002 1.014410e-001
1.143460e+000 5.716800e-002 1.959070e-001
1.143550e+000 1.008960e-001 1.367880e-001
1.143740e+000 -6.139900e-002 -8.853600e-002
1.144210e+000 -9.897500e-002 -2.198600e-002
1.144230e+000 1.037210e-001 1.217790e-001
1.144960e+000 -7.731600e-002 1.378000e-001
1.145190e+000 -4.861100e-002 -9.928200e-002
1.145920e+000 7.502900e-002 1.833560e-001
1.145930e+000 -1.065550e-001 7.784800e-002
1.146000e+000 8.688400e-002 1.695770e-001
1.146010e+000 -9.233000e-003 -1.156290e-001
1.146210e+000 -1.095460e-001 2.867000e-003
1.146530e+000 -8.649000e-003 2.009900e-001
1.147030e+000 -1.863300e-002 -1.134320e-001
1.147140e+000 -3.316900e-002 -1.078310e-001
1.147430e+000 -8.811000e-002 1.211100e-001
1.147890e+000 -1.843800e-002 1.970070e-001
1.147940e+000 8.273000e-002 -6.795100e-002
1.148920e+000 4.299500e-002 2.004910e-001
1.148950e+000 8.881200e-002 -5.278400e-002
1.149120e+000 3.626000e-003 2.033360e-001
1.149580e+000 3.071500e-002 -1.131140e-001
1.149710e+000 -9.543600e-002 1.097150e-001
1.150480e+000 -1.123660e-001 2.910700e-002
1.150870e+000 9.605200e-002 1.798900e-002
1.151060e+000 -7.923500e-002 -5.896300e-002
1.151270e+000 5.207000e-002 1.967270e-001
1.151550e+000 6.969200e-002 1.865770e-001
1.151650e+000 4.266600e-002 -1.083540e-001
1.151960e+000 9.271400e-002 1.588940e-001
1.152440e+000 -1.120140e-001 1.493300e-002
1.152510e+000 1.918700e-002 -1.148960e-001
1.153160e+000 1.004880e-001 5.292400e-002
1.153560e+000 -8.903600e-002 -3.579300e-002
1.153660e+000 5.697100e-002 -9.955700e-002
1.153750e+000 1.041340e-001 9.264000e-002
1.153850e+000 -1.028900e-001 -1.381600e-002
1.154010e+000 9.433500e-002 -2.873300e-002
1.154020e+000 -5.597700e-002 -8.924800e-002
1.154750e+000 -6.726400e-002 1.528650e-001
1.154980e+000 1.497000e-003 -1.147290e-001
1.155110e+000 8.497000e-002 1.705180e-001
1.155290e+000 1.049970e-001 1.093730e-001
1.155390e+000 -3.626900e-002 1.848920e-001
1.155520e+000 9.823800e-002 1.456910e-001
1.155720e+000 -4.461500e-002 1.783890e-001
1.155860e+000 9.049000e-003 2.029210e-001
1.156200e+000 -1.109940e-001 5.650500e-002
1.156230e+000 9.664400e-002 -1.502500e-002
1.156240e+000 7.146100e-002 -8.532500e-002
1.156670e+000 -1.045750e-001 9.159800e-002
1.157050e+000 2.756200e-002 2.018310e-001
1.157720e+000 9.487300e-002 3.815900e-002
1.157840e+000 1.028990e-001 1.306360e-001
1.157940e+000 4.395700e-002 1.980040e-001
1.158000e+000 -3.265400e-002 -1.047310e-001
1.158080e+000 9.820400e-002 3.204000e-003
1.158470e+000 -1.144500e-002 1.976990e-001
1.158580e+000 -1.076930e-001 -3.227000e-003
1.158950e+000 -7.974300e-002 1.318340e-001
1.159170e+000 -6.239400e-002 1.588840e-001
1.159400e+000 -6.373600e-002 -7.848500e-002
1.159470e+000 -4.323000e-002 -9.782600e-002
1.159590e+000 -2.372300e-002 1.918460e-001
1.159790e+000 -7.219500e-002 -6.745300e-002
1.159930e+000 5.610300e-002 1.922940e-001
1.160360e+000 1.030730e-001 6.673000e-002
1.160370e+000 -1.099010e-001 7.242800e-002
1.160500e+000 7.766000e-002 1.770820e-001
1.160770e+000 -5.570000e-002 1.658770e-001
1.160810e+000 -9.198100e-002 -2.977300e-002
1.161330e+000 6.597000e-002 -9.011800e-002
1.161670e+000 6.738200e-002 1.850920e-001
1.161810e+000 4.934700e-002 -1.026870e-001
1.162600e+000 9.880300e-002 4.644700e-002
1.162710e+000 9.187600e-002 1.580900e-001
1.163120e+000 9.206100e-002 -4.387000e-002
1.163530e+000 8.578000e-002 -6.250900e-002
1.163940e+000 -2.040700e-002 -1.080650e-001
1.164640e+000 -7.748200e-002 -5.611000e-002
1.165740e+000 -1.082830e-001 8.202800e-002
1.166070e+000 -1.019380e-001 1.000040e-001
1.166160e+000 6.870000e-004 1.991810e-001
1.166220e+000 1.328400e-002 2.003460e-001
1.166300e+000 1.055490e-001 8.981200e-002
1.166870e+000 -3.368400e-002 1.830410e-001
1.166960e+000 -1.103660e-001 3.835000e-003
1.167030e+000 -4.513600e-002 -9.293800e-002
1.167590e+000 8.973300e-002 -5.410000e-002
1.167620e+000 -5.131600e-002 1.676610e-001
1.167730e+000 -9.570300e-002 -2.416000e-002
1.167810e+000 -1.031750e-001 -1.310300e-002
1.168380e+000 -5.648300e-002 -8.193900e-002
1.168480e+000 4.204900e-002 1.951940e-001
1.168560e+000 -7.005800e-002 -6.541700e-002
1.168610e+000 9.907300e-002 -4.480000e-003
1.168650e+000 -1.136310e-001 2.639700e-002
1.168950e+000 9.778000e-002 1.382400e-002
1.169020e+000 -1.132580e-001 4.103300e-002
1.169090e+000 2.109600e-002 -1.103860e-001
1.169280e+000 9.316300e-002 3.142400e-002
1.169380e+000 -8.902000e-003 1.955000e-001
1.169820e+000 -8.749000e-003 -1.095650e-001
1.169970e+000 -1.897700e-002 1.908390e-001
1.170020e+000 7.952000e-003 -1.110510e-001
1.170320e+000 -9.335300e-002 1.141100e-001
1.170530e+000 -2.343700e-002 -1.042890e-001
1.170860e+000 -8.054200e-002 -4.854600e-002
1.171030e+000 7.244700e-002 -8.128400e-002
1.171070e+000 9.799300e-002 -1.906600e-002
1.171330e+000 3.535900e-002 -1.060360e-001
1.171620e+000 2.869700e-002 1.975010e-001
1.171660e+000 -1.122910e-001 5.677900e-002
1.171910e+000 5.578900e-002 1.887830e-001
1.171920e+000 5.693300e-002 -9.493700e-002
1.171990e+000 1.034210e-001 5.754400e-002
1.172110e+000 9.393600e-002 2.694200e-002
1.172140e+000 -6.275400e-002 1.533600e-001
1.172250e+000 -7.561000e-002 1.352800e-001
1.172660e+000 8.171600e-002 -6.893300e-002
1.173750e+000 -1.111770e-001 7.017800e-002
1.174430e+000 -3.175500e-002 -9.880900e-002
1.174490e+000 -1.062750e-001 -8.128000e-003
1.174660e+000 9.571800e-002 -3.673600e-002
1.175820e+000 -5.062700e-002 -8.444800e-002
1.175930e+000 9.990500e-002 4.447000e-003
1.175970e+000 -1.129810e-001 1.179400e-002
1.176070e+000 1.071470e-001 1.088110e-001
1.176530e+000 2.230400e-002 -1.077230e-001
1.176790e+000 1.066640e-001 7.130500e-002
1.177110e+000 -4.383000e-002 1.704200e-001
1.177130e+000 3.923200e-002 1.937180e-001
1.177290e+000 -8.893000e-002 -3.402300e-002
1.177950e+000 -7.444300e-002 -5.704600e-002
1.177980e+000 -1.465800e-002 -1.057230e-001
1.178050e+000 1.034050e-001 1.290360e-001
1.178100e+000 -4.113100e-002 -9.101700e-002
1.178110e+000 9.804000e-002 1.419110e-001
1.178140e+000 -1.067880e-001 9.081900e-002
1.178440e+000 4.216700e-002 -1.015850e-001
1.178550e+000 -8.258400e-002 -4.356500e-002
1.178610e+000 -7.960700e-002 1.298000e-001
1.178920e+000 1.079910e-001 8.854400e-002
1.179110e+000 -7.016000e-002 1.414960e-001
1.179260e+000 -3.139300e-002 1.793160e-001
1.179360e+000 -6.349500e-002 -6.906000e-002
1.179720e+000 5.242800e-002 -9.573700e-002
1.179830e+000 1.058930e-001 1.198360e-001
1.180550e+000 8.626400e-002 1.605210e-001
1.180620e+000 -1.092980e-001 8.323500e-002
1.180990e+000 1.304000e-002 1.954600e-001
1.181170e+000 6.605000e-002 -8.599100e-002
1.181670e+000 -9.677400e-002 1.104870e-001
1.181850e+000 6.970000e-004 -1.072210e-001
1.182350e+000 -9.783000e-003 -1.049560e-001
1.182490e+000 -4.908900e-002 -8.233900e-002
1.182990e+000 -5.790000e-002 1.547710e-001
1.183150e+000 -9.049300e-002 1.181260e-001
1.183620e+000 8.820700e-002 -5.866300e-002
1.183890e+000 1.287100e-002 -1.068660e-001
1.184040e+000 -1.001020e-001 -2.150000e-002
1.184510e+000 2.177700e-002 1.940460e-001
1.184830e+000 -1.117920e-001 1.021000e-003
1.185030e+000 -2.243000e-002 -9.951000e-002
1.185130e+000 -1.032380e-001 1.006740e-001
1.185240e+000 4.616000e-002 1.888080e-001
1.185710e+000 -1.888900e-002 1.845520e-001
1.185730e+000 -9.097700e-002 -3.335300e-002
1.185830e+000 -5.948200e-002 -7.114600e-002
1.186450e+000 -3.131500e-002 -9.415700e-002
1.186940e+000 -1.071320e-001 -1.152800e-002
1.187110e+000 -7.507700e-002 -5.468300e-002
1.187490e+000 6.094900e-002 1.807150e-001
1.187900e+000 9.657200e-002 -4.115500e-002
1.188200e+000 7.283800e-002 1.715320e-001
1.188340e+000 -1.128090e-001 6.721900e-002
1.188690e+000 -7.086500e-002 1.397940e-001
1.189380e+000 -1.133560e-001 4.420300e-002
1.189900e+000 1.039930e-001 1.265320e-001
1.190080e+000 8.264500e-002 -6.724600e-002
1.190090e+000 -3.592300e-002 1.714610e-001
1.190100e+000 -1.150640e-001 1.227100e-002
1.190100e+000 -8.312900e-002 -4.517700e-002
1.190750e+000 -2.315000e-002 -9.755500e-002
1.190840e+000 -9.242400e-002 1.172940e-001
1.190960e+000 -6.994100e-002 -6.195600e-002
1.191040e+000 -1.156540e-001 1.867800e-002
1.191270e+000 8.473200e-002 1.587280e-001
1.191290e+000 -5.205600e-002 1.582200e-001
1.191360e+000 9.245500e-002 -5.156200e-002
1.191570e+000 7.433600e-002 -7.742800e-002
1.191630e+000 -2.505200e-002 1.785910e-001
1.191850e+000 -4.270400e-002 -8.465300e-002
1.191890e+000 -5.323200e-002 -7.703800e-002
1.192200e+000 -7.290000e-003 -1.030960e-001
1.192360e+000 6.629200e-002 -8.458600e-002
1.192370e+000 8.928600e-002 1.527440e-001
1.192730e+000 5.584600e-002 -9.170700e-002
1.193010e+000 -1.154800e-002 1.852060e-001
1.193190e+000 1.102750e-001 9.632900e-002
1.193480e+000 9.644300e-002 1.419340e-001
1.193600e+000 -1.153340e-001 2.957600e-002
1.193670e+000 -1.006390e-001 1.078530e-001
1.193960e+000 1.015030e-001 -2.442300e-002
1.194270e+000 -7.741100e-002 1.335090e-001
1.194860e+000 -6.015300e-002 1.510660e-001
1.194910e+000 2.662800e-002 -1.036540e-001
1.195050e+000 -3.768200e-002 -8.853700e-002
1.195560e+000 -1.101630e-001 8.863400e-002
1.195730e+000 -1.055690e-001 9.995400e-002
1.196300e+000 7.990000e-003 -1.045200e-001
1.196330e+000 4.718600e-002 -9.642000e-002
1.196490e+000 1.021300e-001 7.222000e-003
1.196580e+000 5.581200e-002 1.813580e-001
1.196770e+000 -3.570600e-002 1.703480e-001
1.196880e+000 9.565300e-002 3.373700e-002
1.196940e+000 9.575500e-002 2.970200e-002
1.197040e+000 1.262100e-002 1.897920e-001
1.197310e+000 1.034710e-001 -5.778000e-003
1.197320e+000 6.790000e-004 1.878300e-001
1.197480e+000 7.560200e-002 1.670350e-001
1.197780e+000 -1.144460e-001 6.413500e-002
1.197920e+000 -5.153800e-002 1.586980e-001
1.198030e+000 1.051580e-001 5.245100e-002
1.198340e+000 3.717400e-002 -1.003850e-001
1.198350e+000 9.757200e-002 3.817700e-002
1.198500e+000 3.361800e-002 1.881250e-001
1.198720e+000 -9.648300e-002 1.157650e-001
1.198840e+000 1.001200e-001 1.715700e-002
1.199130e+000 6.867500e-002 1.727810e-001
1.199200e+000 1.095420e-001 1.100390e-001
1.199280e+000 2.351400e-002 1.892770e-001
1.199370e+000 1.064330e-001 1.218690e-001
1.199540e+000 -1.139350e-001 7.760200e-002
1.199680e+000 8.457800e-002 -6.646300e-002
1.200030e+000 -3.403600e-002 -9.102600e-002
1.200100e+000 -1.145060e-001 4.995400e-002
1.200380e+000 -6.438600e-002 -7.112500e-002
1.200440e+000 -1.872000e-002 -9.769600e-002
1.200470e+000 8.501100e-002 1.577410e-001
1.200550e+000 4.584700e-002 1.847400e-001
1.200640e+000 9.187900e-002 1.494660e-001
1.200760e+000 1.005030e-001 -3.471300e-002
1.202110e+000 -9.203700e-002 1.232640e-001
1.202140e+000 -4.399400e-002 -8.589900e-002
1.202320e+000 -1.383400e-002 1.825700e-001
1.202500e+000 -7.981600e-002 1.346110e-001
1.202570e+000 -1.154180e-001 -4.779000e-003
1.202650e+000 6.515800e-002 -8.619500e-002
1.202690e+000 1.123200e-001 8.548900e-002
1.203120e+000 -3.953500e-002 1.680600e-001
1.203280e+000 9.198100e-002 -5.622400e-002
1.203500e+000 -2.710600e-002 1.759910e-001
1.203570e+000 -7.034000e-003 -1.006580e-001
1.204090e+000 -1.099490e-001 -2.006100e-002
1.204140e+000 7.679100e-002 -7.706800e-002
1.204180e+000 1.102560e-001 6.458900e-002
1.204230e+000 1.027980e-001 1.327450e-001
1.204580e+000 1.278400e-002 1.885560e-001
1.204600e+000 9.865100e-002 1.406890e-001
1.204810e+000 -1.131970e-001 -1.346300e-002
1.205620e+000 -7.400400e-002 -6.565100e-002
1.206100e+000 1.118760e-001 7.167000e-002
1.206350e+000 5.357900e-002 -9.376100e-002
1.206490e+000 -8.001300e-002 -5.976900e-002
1.206520e+000 -1.033110e-001 -3.157700e-002
1.206600e+000 1.805400e-002 -1.033260e-001
1.206690e+000 -1.159570e-001 4.065200e-002
1.207130e+000 1.619000e-003 -1.018680e-001
1.207540e+000 -3.248200e-002 -9.298000e-002
1.207600e+000 6.752700e-002 1.737340e-001
1.207680e+000 9.891400e-002 -4.344500e-002
1.207870e+000 5.787400e-002 1.794320e-001
1.208110e+000 4.696700e-002 1.837550e-001
1.208660e+000 -1.116700e-002 1.838520e-001
1.209030e+000 1.053560e-001 -1.639800e-002
1.209070e+000 4.189900e-002 -9.880500e-002
1.209440e+000 -1.190430e-001 1.827000e-003
1.209710e+000 -9.442200e-002 -4.288600e-002
1.209820e+000 -1.584000e-002 -9.912400e-002
1.209960e+000 4.800000e-004 1.873510e-001
1.210130e+000 -4.808700e-002 -8.628200e-002
1.210380e+000 -1.141760e-001 9.071300e-002
1.210490e+000 -4.855000e-002 1.640150e-001
1.210520e+000 -6.195700e-002 -7.700800e-002
1.210750e+000 9.595000e-003 1.885890e-001
1.210940e+000 3.559400e-002 1.865150e-001
1.211060e+000 7.298600e-002 -8.247500e-002
1.211300e+000 -6.932600e-002 1.494640e-001
1.211590e+000 2.939800e-002 -1.022800e-001
1.212190e+000 -1.195910e-001 2.595800e-002
1.213160e+000 -2.592700e-002 1.782640e-001
1.214720e+000 1.149010e-001 9.434400e-002
1.215940e+000 -1.091570e-001 1.077170e-001
1.216330e+000 -7.138900e-002 -7.126200e-002
1.216580e+000 1.000370e-001 2.777900e-002
1.216670e+000 2.328300e-002 1.890090e-001
1.216930e+000 1.079500e-001 5.120600e-002
1.217710e+000 -4.039000e-003 -1.027390e-001
1.217890e+000 -3.410800e-002 -9.552000e-002
1.217990e+000 -8.837500e-002 -5.457500e-002
1.218120e+000 8.562600e-002 -7.241000e-002
1.218240e+000 1.044610e-001 1.374000e-002
1.218420e+000 1.150700e-002 -1.035680e-001
1.218640e+000 -1.113640e-001 -2.649400e-002
1.219300e+000 1.003800e-001 3.548000e-002
1.219360e+000 1.144810e-001 1.059040e-001
1.219580e+000 -1.035630e-001 1.198550e-001
1.219680e+000 5.510200e-002 -9.509000e-002
1.219840e+000 6.374000e-002 -9.076700e-002
1.220020e+000 3.355900e-002 -1.018240e-001
1.220500e+000 9.148300e-002 -6.574000e-002
1.220520e+000 -1.169720e-001 -1.634900e-002
1.220520e+000 6.903300e-002 1.744760e-001
1.221380e+000 5.525200e-002 1.818800e-001
1.221530e+000 -9.496400e-002 1.315890e-001
1.221640e+000 1.161710e-001 7.729800e-002
1.221960e+000 -1.188510e-001 4.240100e-002
1.222020e+000 1.127080e-001 1.173160e-001
1.222260e+000 -9.593000e-003 1.873200e-001
1.222370e+000 -5.438300e-002 -8.599400e-002
1.222670e+000 1.169610e-001 8.575100e-002
1.222720e+000 8.186900e-002 1.651960e-001
1.222780e+000 -2.607700e-002 -9.946500e-002
1.222950e+000 -1.145680e-001 1.012760e-001
1.223080e+000 -1.194030e-001 8.584900e-002
1.223120e+000 7.775700e-002 -8.159300e-002
1.223370e+000 1.771000e-002 -1.047610e-001
1.223820e+000 -1.768400e-002 -1.022450e-001
1.223950e+000 1.043220e-001 -3.924000e-002
1.223990e+000 -8.412300e-002 1.426200e-001
1.224140e+000 -1.213640e-001 7.581800e-002
1.224210e+000 -1.229130e-001 1.764700e-002
1.224340e+000 -1.229480e-001 5.800000e-003
1.224970e+000 1.067630e-001 -2.927600e-002
1.225070e+000 -6.342200e-002 1.597480e-001
1.225700e+000 -2.007900e-002 1.840970e-001
1.225710e+000 4.485700e-002 -9.991700e-002
1.226050e+000 1.015180e-001 -4.931900e-002
1.226160e+000 1.144900e-001 6.412000e-002
1.226380e+000 -7.720000e-004 1.901040e-001
1.226520e+000 -1.212870e-001 -6.680000e-003
1.226640e+000 -4.157300e-002 -9.398200e-002
1.226770e+000 -3.350700e-002 1.780190e-001
1.227300e+000 9.612800e-002 -6.079100e-002
1.227430e+000 6.201000e-003 -1.059560e-001
1.227440e+000 -1.218710e-001 6.356000e-002
1.227780e+000 -5.119600e-002 1.685300e-001
1.227910e+000 -6.911400e-002 -7.614800e-002
1.228330e+000 4.322500e-002 1.874580e-001
1.228690e+000 1.473500e-002 1.921280e-001
1.228750e+000 -1.168320e-001 -2.091200e-002
1.228880e+000 -1.047950e-001 -3.925000e-002
1.229020e+000 9.677800e-002 1.514210e-001
1.230160e+000 -3.569400e-002 -9.781700e-002
1.230210e+000 1.061510e-001 1.376610e-001
1.230230e+000 1.116800e-001 1.255180e-001
1.230260e+000 -1.101370e-001 1.144940e-001
1.230880e+000 -8.680700e-002 -6.061700e-002
1.231130e+000 -1.005800e-001 1.291140e-001
1.231710e+000 1.016930e-001 3.193000e-002
1.233240e+000 -4.980500e-002 -9.129200e-002
1.233530e+000 -1.139700e-002 -1.055820e-001
1.233660e+000 9.164700e-002 -6.950800e-002
1.233990e+000 -1.227750e-001 8.075000e-002
1.234150e+000 -1.158470e-001 1.048300e-001
1.234340e+000 7.650000e-003 1.927280e-001
1.234400e+000 -7.596500e-002 1.529460e-001
1.234530e+000 1.082210e-001 8.018000e-003
1.235200e+000 -1.096390e-001 -3.457500e-002
1.235740e+000 2.564200e-002 -1.067810e-001
1.236140e+000 -1.245550e-001 1.549600e-002
1.237160e+000 1.124950e-001 5.467700e-002
1.238020e+000 -1.219800e-001 4.798200e-002
1.238240e+000 -6.145600e-002 1.647520e-001
1.238250e+000 -1.049690e-001 1.254620e-001
1.238930e+000 1.190190e-001 8.367800e-002
1.239220e+000 5.179200e-002 -1.001530e-001
1.239400e+000 3.248200e-002 1.929380e-001
1.239540e+000 -1.670000e-002 1.878170e-001
1.239570e+000 1.179040e-001 7.287800e-002
1.239690e+000 4.773400e-002 1.892040e-001
1.239920e+000 -2.169000e-003 -1.080390e-001
1.240010e+000 7.500000e-002 -8.730300e-002
1.240140e+000 1.108990e-001 -9.767000e-003
1.240250e+000 1.099960e-001 4.910700e-002
1.240650e+000 8.665900e-002 1.655550e-001
1.240860e+000 -1.208200e-001 -1.434400e-002
1.240890e+000 -9.250200e-002 1.407010e-001
1.241070e+000 1.049890e-001 4.041900e-002
1.241090e+000 1.098170e-001 -2.689200e-002
1.241230e+000 -4.383300e-002 -9.583900e-002
1.241560e+000 -1.200240e-001 9.696900e-002
1.241590e+000 1.195400e-001 9.625800e-002
1.241650e+000 -1.242940e-001 7.637100e-002
1.241740e+000 -2.284300e-002 -1.039930e-001
1.241890e+000 6.509400e-002 -9.415900e-002
1.241970e+000 -7.879100e-002 -7.138200e-002
1.242410e+000 8.319800e-002 -8.097400e-002
1.242420e+000 1.075400e-001 1.474800e-002
1.242460e+000 -1.242530e-001 6.202800e-002
1.242550e+000 7.727700e-002 1.741770e-001
1.243140e+000 1.112160e-001 -1.717300e-002
1.243310e+000 -6.651100e-002 -8.111200e-002
1.243400e+000 -2.886800e-002 1.840640e-001
1.243500e+000 6.802800e-002 1.803760e-001
1.243580e+000 -9.044100e-002 -6.175400e-002
1.243650e+000 -9.799100e-002 -5.310400e-002
1.243840e+000 -7.005500e-002 1.610400e-001
1.243960e+000 -1.123300e-001 1.153620e-001
1.244760e+000 1.165130e-001 6.417800e-002
1.244780e+000 -1.252560e-001 8.408000e-003
1.244790e+000 -1.229170e-001 8.745700e-002
1.245520e+000 -3.049900e-002 -1.018730e-001
1.245940e+000 1.190240e-001 1.083060e-001
1.246230e+000 -1.232830e-001 4.197800e-002
1.246630e+000 9.301000e-003 -1.104700e-001
1.246850e+000 2.478600e-002 1.947070e-001
1.247490e+000 1.034640e-001 -5.381500e-002
1.247520e+000 -8.311900e-002 1.522950e-001
1.247530e+000 -1.240720e-001 -3.009000e-003
1.247570e+000 1.031660e-001 1.475020e-001
1.247580e+000 1.039390e-001 2.654100e-002
1.247620e+000 -5.505800e-002 -9.056500e-002
1.247650e+000 -1.252100e-001 2.385400e-002
1.247930e+000 1.037460e-001 3.577200e-002
1.248860e+000 -3.771600e-002 1.811470e-001
1.248890e+000 1.177530e-001 1.171870e-001
1.249160e+000 8.000000e-006 1.931720e-001
1.249440e+000 -9.794000e-003 -1.087890e-001
1.249580e+000 -1.009400e-002 1.910350e-001
1.250180e+000 5.682100e-002 1.880980e-001
1.250300e+000 1.296000e-002 1.948080e-001
1.251240e+000 1.117890e-001 1.075000e-003
1.251450e+000 -1.251990e-001 6.964600e-002
1.251550e+000 -1.005720e-001 1.337030e-001
1.251600e+000 4.394100e-002 -1.063000e-001
1.252030e+000 -1.136900e-001 -3.193000e-002
1.252120e+000 -1.114100e-001 1.165140e-001
1.252210e+000 -9.056200e-002 1.467810e-001
1.252300e+000 -4.005700e-002 -9.943600e-002
1.252340e+000 -8.345500e-002 -7.226900e-002
1.252610e+000 1.144850e-001 1.286730e-001
1.252680e+000 9.519000e-002 1.598760e-001
1.253260e+000 3.506500e-002 1.948500e-001
1.253490e+000 -1.165090e-001 1.060440e-001
1.254280e+000 -1.187220e-001 -2.136500e-002
1.254640e+000 -1.022250e-001 -5.117500e-002
1.254690e+000 2.285700e-002 -1.116650e-001
1.254980e+000 1.039950e-001 3.078800e-002
1.255070e+000 -2.545000e-002 -1.055300e-001
1.255700e+000 5.398500e-002 -1.036060e-001
1.256120e+000 -5.294500e-002 1.746220e-001
1.256190e+000 -9.267500e-002 -6.414000e-002
1.256400e+000 9.134500e-002 -7.604200e-002
1.257090e+000 1.113930e-001 8.501000e-003
1.257220e+000 -4.836500e-002 -9.606900e-002
1.257660e+000 -1.244850e-001 8.027500e-002
1.257680e+000 1.098020e-001 1.395290e-001
1.257840e+000 3.594800e-002 -1.104720e-001
1.258190e+000 1.133970e-001 -1.172000e-002
1.258570e+000 1.087100e-001 -4.556500e-002
1.259300e+000 -1.069600e-001 1.228140e-001
1.259420e+000 9.814300e-002 -6.765700e-002
1.260310e+000 -1.219970e-001 -1.277800e-002
1.260310e+000 6.141100e-002 -1.011680e-001
1.260750e+000 -7.944400e-002 1.600260e-001
1.260810e+000 -9.597000e-003 -1.099620e-001
1.261220e+000 1.092630e-001 4.326400e-002
1.261560e+000 1.128100e-001 -2.918900e-002
1.261660e+000 -2.479000e-003 1.937670e-001
1.261760e+000 6.529000e-003 -1.128530e-001
1.261770e+000 1.188980e-001 1.208650e-001
1.261790e+000 7.252900e-002 -9.451500e-002
1.261920e+000 -1.179520e-001 1.009920e-001
1.261970e+000 -3.525400e-002 -1.024280e-001
1.262100e+000 8.482000e-002 1.734930e-001
1.262630e+000 2.131100e-002 1.968190e-001
1.262690e+000 6.349800e-002 1.882680e-001
1.262920e+000 -7.032700e-002 1.668620e-001
1.262960e+000 -2.360400e-002 1.891920e-001
1.263150e+000 -1.056630e-001 -4.779300e-002
1.263180e+000 -1.253620e-001 5.845900e-002
1.263300e+000 -5.723500e-002 -9.275900e-002
1.263560e+000 2.049900e-002 -1.139760e-001
1.264450e+000 -5.640900e-002 1.752830e-001
1.264940e+000 -1.134460e-001 -3.489600e-002
1.265060e+000 4.662700e-002 1.951530e-001
1.265220e+000 8.256900e-002 -8.729800e-002
1.265610e+000 -1.259910e-001 2.438400e-002
1.266370e+000 -9.471200e-002 1.438110e-001
1.266460e+000 1.218980e-001 7.715000e-002
1.266660e+000 1.111700e-001 1.476500e-002
1.266690e+000 -1.229470e-001 8.690200e-002
1.266730e+000 -6.847200e-002 -8.649400e-002
1.266800e+000 -1.016350e-001 1.323280e-001
1.266950e+000 -2.318900e-002 -1.076140e-001
1.267690e+000 1.161710e-001 5.602700e-002
1.267840e+000 7.415900e-002 1.833700e-001
1.267920e+000 -4.707300e-002 -9.842200e-002
1.268360e+000 1.077770e-001 2.565300e-002
1.268800e+000 -1.250050e-001 4.120200e-002
1.268970e+000 -1.254390e-001 7.150000e-004
1.269040e+000 -8.623600e-002 1.551890e-001
1.269460e+000 1.240250e-001 8.887100e-002
1.270000e+000 -9.643500e-002 -6.328400e-002
1.270030e+000 1.195340e-001 6.558100e-002
1.270410e+000 -1.255840e-001 7.424400e-002
1.270560e+000 1.132290e-001 -3.746000e-002
1.270740e+000 1.465300e-002 -1.158950e-001
1.271110e+000 3.443400e-002 -1.147460e-001
1.271140e+000 -1.189790e-001 -2.454100e-002
1.271210e+000 -1.268100e-001 1.491600e-002
1.271360e+000 3.638200e-002 1.981500e-001
1.271370e+000 -9.115000e-003 1.936940e-001
1.271740e+000 5.543600e-002 1.941110e-001
1.271750e+000 -1.201190e-001 9.566300e-002
1.271960e+000 -1.234450e-001 -1.194800e-002
1.271960e+000 -1.549600e-002 -1.110930e-001
1.272180e+000 1.087550e-001 3.800700e-002
1.272380e+000 1.242100e-001 1.066960e-001
1.273060e+000 1.058490e-001 -5.829600e-002
1.273270e+000 9.299100e-002 1.684390e-001
1.273780e+000 1.530200e-002 1.982440e-001
1.274080e+000 -8.592400e-002 -7.479100e-002
1.274090e+000 1.055610e-001 1.519440e-001
1.274190e+000 8.640300e-002 -8.548700e-002
1.274360e+000 -6.361500e-002 -9.047500e-002
1.274360e+000 -3.239800e-002 -1.063210e-001
1.274670e+000 -1.137300e-001 -3.803900e-002
1.275000e+000 9.932700e-002 1.616000e-001
1.275050e+000 2.344600e-002 -1.174920e-001
1.275370e+000 -7.715100e-002 -8.212800e-002
1.275630e+000 -3.644900e-002 1.865290e-001
1.276120e+000 -1.056020e-001 -5.265100e-002
1.276140e+000 -1.016380e-001 1.344180e-001
1.276340e+000 2.062000e-003 -1.160220e-001
1.276510e+000 -1.078640e-001 1.224120e-001
1.276660e+000 -7.582300e-002 1.661590e-001
1.276870e+000 -5.818300e-002 -9.467200e-002
1.277070e+000 9.569400e-002 -7.504500e-002
1.277150e+000 1.180750e-001 1.288180e-001
1.277400e+000 5.109500e-002 -1.112400e-001
1.280300e+000 -9.378300e-002 -6.798300e-002
1.281070e+000 -1.259020e-001 7.820900e-002
1.281140e+000 1.596300e-002 -1.194400e-001
1.281960e+000 -4.333800e-002 -1.026040e-001
1.282360e+000 -8.742800e-002 1.561560e-001
1.282460e+000 -1.171560e-001 1.051440e-001
1.282810e+000 1.181750e-001 5.538900e-002
1.282970e+000 1.122960e-001 -4.756100e-002
1.283090e+000 -1.783700e-002 1.934600e-001
1.283690e+000 1.320100e-002 2.002100e-001
1.283830e+000 -7.835500e-002 -8.197200e-002
1.284260e+000 1.005460e-001 -6.968700e-002
1.284440e+000 -1.115100e-001 1.189490e-001
1.284500e+000 -1.279830e-001 5.827400e-002
1.284990e+000 -9.504100e-002 1.476210e-001
1.285200e+000 -5.686300e-002 1.797360e-001
1.285280e+000 1.272350e-001 9.196900e-002
1.285470e+000 -1.028300e-001 -5.901000e-002
1.285930e+000 1.158670e-001 7.658000e-003
1.286030e+000 1.256540e-001 1.102380e-001
1.286280e+000 -1.245000e-001 -1.825900e-002
1.286400e+000 -1.266800e-001 -8.282000e-003
1.287180e+000 2.594700e-002 2.025050e-001
1.287190e+000 1.183750e-001 -1.915800e-002
1.287240e+000 1.115490e-001 1.453970e-001
1.287320e+000 6.920000e-004 -1.188950e-001
1.287720e+000 6.500500e-002 1.948650e-001
1.287980e+000 -1.422200e-002 -1.143440e-001
1.288220e+000 7.588600e-002 1.885410e-001
1.288650e+000 -1.276650e-001 6.962400e-002
1.288840e+000 -6.360600e-002 -9.355700e-002
1.289050e+000 -3.848000e-002 1.883330e-001
1.289230e+000 -1.112550e-001 -4.902200e-002
1.289230e+000 8.581900e-002 1.810110e-001
1.289430e+000 -1.279300e-001 1.710000e-004
1.289470e+000 -1.226850e-001 9.073900e-002
1.289750e+000 1.117000e-001 2.659800e-002
1.289970e+000 -8.885100e-002 -7.471100e-002
1.290920e+000 5.486900e-002 -1.133620e-001
1.290990e+000 1.280660e-001 9.851200e-002
1.291190e+000 -8.319500e-002 1.621460e-001
1.291500e+000 1.227100e-001 1.212280e-001
1.291610e+000 -2.880300e-002 -1.097490e-001
1.291810e+000 -5.441000e-002 -9.983400e-002
1.292010e+000 1.182480e-001 -5.395000e-003
1.292120e+000 3.717200e-002 2.038370e-001
1.292240e+000 -1.278570e-001 4.767500e-002
1.292610e+000 1.275300e-001 8.262000e-002
1.292630e+000 -6.924400e-002 1.742060e-001
1.293040e+000 -1.470000e-003 -1.202400e-001
1.293160e+000 -7.422800e-002 -8.766300e-002
1.293580e+000 -1.287530e-001 2.210100e-002
1.293740e+000 1.119560e-001 3.180400e-002
1.293930e+000 6.848700e-002 -1.054970e-001
1.294010e+000 1.164220e-001 -4.066500e-002
1.294630e+000 -1.159400e-002 1.964490e-001
1.294630e+000 9.407500e-002 1.746400e-001
1.294720e+000 4.825500e-002 2.028750e-001
1.294830e+000 8.714400e-002 -8.898000e-002
1.294920e+000 -2.605800e-002 1.936080e-001
1.294980e+000 -5.068500e-002 1.853800e-001
1.295050e+000 -9.322500e-002 1.522270e-001
1.295160e+000 -1.193500e-001 1.031840e-001
1.295270e+000 -1.281160e-001 3.865100e-002
1.295330e+000 -4.519300e-002 -1.053800e-001
1.295990e+000 1.257090e-001 7.124500e-002
1.296050e+000 -2.684600e-002 -1.123300e-001
1.296380e+000 -1.131600e-002 -1.176580e-001
1.296440e+000 -1.206390e-001 -3.702600e-002
1.297680e+000 1.508800e-002 2.038470e-001
1.298540e+000 1.199430e-001 -2.915300e-002
1.298690e+000 9.323900e-002 -8.204900e-002
1.298760e+000 -1.065180e-001 1.365840e-001
1.298800e+000 -6.215300e-002 1.798780e-001
1.298830e+000 2.252000e-002 -1.258550e-001
1.298830e+000 1.142040e-001 3.925700e-002
1.299170e+000 8.131900e-002 -9.565300e-002
1.299310e+000 -1.290640e-001 6.299000e-003
1.299360e+000 -1.269180e-001 7.090900e-002
1.299660e+000 -1.176610e-001 -4.457900e-002
1.299690e+000 5.940600e-002 2.007890e-001
1.299820e+000 3.982500e-002 -1.229900e-001
1.300200e+000 1.123900e-001 -5.144800e-002
1.300260e+000 -1.249670e-001 -2.870300e-002
1.300710e+000 3.177500e-002 -1.253950e-001
1.300740e+000 2.674900e-002 2.061440e-001
1.300880e+000 -6.364900e-002 -9.662700e-002
1.302270e+000 -4.372400e-002 1.900760e-001
1.302320e+000 6.053000e-003 -1.252690e-001
1.302810e+000 -8.492700e-002 1.629620e-001
1.302910e+000 -1.114440e-001 1.297540e-001
1.303060e+000 -2.959100e-002 1.945800e-001
1.303280e+000 -1.092850e-001 -5.850800e-002
1.303280e+000 1.024190e-001 -6.907800e-002
1.304000e+000 -1.283790e-001 -1.800400e-002
1.304500e+000 4.133700e-002 2.068270e-001
1.304520e+000 -1.280260e-001 5.066800e-002
1.305040e+000 1.210270e-001 -1.426400e-002
1.305640e+000 -7.238300e-002 1.734160e-001
1.305760e+000 -4.081200e-002 -1.090380e-001
1.306510e+000 -1.244050e-001 8.108500e-002
1.306510e+000 7.160500e-002 1.965310e-001
1.306670e+000 -9.822000e-002 1.515890e-001
1.306730e+000 -1.169700e-001 1.183350e-001
1.306840e+000 -2.703000e-003 -1.242040e-001
1.307230e+000 -5.403200e-002 -1.028610e-001
1.307410e+000 -1.205650e-001 1.045550e-001
1.307430e+000 7.242200e-002 -1.058820e-001
1.307470e+000 -1.047440e-001 1.436970e-001
1.308360e+000 -1.287080e-001 2.450400e-002
1.308800e+000 -5.429300e-002 1.853450e-001
1.309410e+000 8.100000e-005 2.029420e-001
1.309670e+000 -2.786200e-002 -1.147380e-001
1.309670e+000 1.040460e-001 1.660340e-001
1.309780e+000 1.255990e-001 6.361100e-002
1.309790e+000 1.190840e-001 4.277000e-003
1.310160e+000 -1.154180e-001 1.278350e-001
1.310500e+000 1.292800e-001 1.051320e-001
1.310510e+000 -3.806800e-002 1.928440e-001
1.310770e+000 -2.585300e-002 1.967850e-001
1.310960e+000 -6.307000e-002 1.805090e-001
1.311330e+000 9.128800e-002 1.821370e-001
1.311490e+000 -1.016000e-001 -6.908800e-002
1.311720e+000 1.756100e-002 -1.296900e-001
1.312140e+000 4.098000e-003 -1.272140e-001
1.312890e+000 4.766200e-002 -1.241160e-001
1.312930e+000 -8.623400e-002 -8.205800e-002
1.313150e+000 5.509700e-002 -1.205540e-001
1.314010e+000 1.275980e-001 1.137980e-001
1.314260e+000 -3.581500e-002 -1.122270e-001
1.314310e+000 1.313090e-001 8.896200e-002
1.314580e+000 8.982100e-002 -8.872300e-002
1.314710e+000 4.016600e-002 -1.277760e-001
1.314980e+000 -8.307500e-002 1.691950e-001
1.314980e+000 1.155140e-001 1.459900e-001
1.315170e+000 3.370300e-002 2.097800e-001
1.315210e+000 8.307600e-002 1.910270e-001
1.315410e+000 1.302350e-001 7.712700e-002
1.316070e+000 1.115450e-001 -5.505200e-002
1.316200e+000 1.186560e-001 -4.171700e-002
1.316640e+000 -5.092500e-002 -1.048550e-001
1.316760e+000 8.098700e-002 -9.970500e-002
1.317000e+000 -7.292900e-002 -9.196100e-002
1.317180e+000 2.729400e-002 -1.312100e-001
1.317420e+000 1.891400e-002 2.091360e-001
1.317760e+000 -1.524000e-002 -1.210790e-001
1.318070e+000 1.169620e-001 1.758400e-002
1.318110e+000 1.235740e-001 -2.316900e-002
1.318460e+000 6.263300e-002 -1.169180e-001
1.318710e+000 1.219510e-001 -2.533000e-003
1.318740e+000 1.225450e-001 -3.111300e-002
1.318880e+000 9.636600e-002 1.786560e-001
1.318970e+000 -6.435800e-002 1.815610e-001
1.319490e+000 1.108670e-001 1.569500e-001
1.319730e+000 1.864000e-003 2.052070e-001
1.320300e+000 9.719100e-002 -7.839800e-002
1.320390e+000 -2.462000e-003 -1.268990e-001
1.320720e+000 5.463600e-002 2.085050e-001
1.321110e+000 -5.540400e-002 1.858310e-001
1.321340e+000 -2.948400e-002 -1.144530e-001
1.321500e+000 1.252850e-001 1.228110e-001
1.321830e+000 1.187510e-001 4.205200e-002
1.321860e+000 1.105000e-002 -1.312640e-001
1.322640e+000 1.274740e-001 6.327000e-002
1.323680e+000 -1.557400e-002 1.999640e-001
1.325050e+000 -1.637900e-002 -1.211010e-001
1.325920e+000 4.017400e-002 2.128150e-001
1.326080e+000 6.131200e-002 2.079830e-001
1.326400e+000 5.066500e-002 -1.265990e-001
1.326860e+000 1.247500e-001 -1.369700e-002
1.327390e+000 6.819400e-002 2.050970e-001
1.327560e+000 1.953900e-002 -1.337830e-001
1.327650e+000 1.178840e-001 3.478700e-002
1.327780e+000 1.325160e-001 9.265300e-002
1.327790e+000 -3.040000e-004 2.056910e-001
1.327930e+000 1.305950e-001 7.119000e-002
1.328290e+000 1.299740e-001 1.077070e-001
1.329340e+000 1.226640e-001 -3.246500e-002
1.329510e+000 1.136490e-001 -5.148100e-002
1.330450e+000 6.696000e-003 -1.319140e-001
1.330850e+000 1.179070e-001 2.709400e-002
1.331120e+000 1.241760e-001 -5.402000e-003
1.331690e+000 6.485400e-002 -1.188310e-001
1.332240e+000 4.131500e-002 -1.319920e-001
1.332350e+000 1.097800e-002 2.106000e-001
1.332380e+000 8.402400e-002 1.953170e-001
1.332400e+000 7.597600e-002 2.018310e-001
1.332530e+000 1.250310e-001 1.242860e-001
1.332600e+000 8.840800e-002 -9.365200e-002
1.332750e+000 1.072120e-001 -6.145800e-002
1.332990e+000 4.767300e-002 2.140120e-001
1.334320e+000 1.023550e-001 1.742060e-001
1.334810e+000 2.885600e-002 2.155430e-001
1.335240e+000 1.198130e-001 1.890900e-002
1.335330e+000 1.205430e-001 -3.803800e-002
1.335380e+000 7.330600e-002 -1.120000e-001
1.335810e+000 1.328850e-001 8.163800e-002
1.335860e+000 1.158080e-001 1.487090e-001
1.337110e+000 1.218780e-001 4.434500e-002
1.337160e+000 8.075700e-002 -1.040820e-001
1.337640e+000 1.084770e-001 1.644060e-001
1.338160e+000 5.803800e-002 -1.253590e-001
1.340140e+000 8.728800e-002 1.943700e-001
1.340820e+000 9.788400e-002 -7.774700e-002
1.341420e+000 1.252650e-001 -2.019600e-002
1.342260e+000 1.276360e-001 5.758100e-002
1.343390e+000 1.308700e-001 6.837400e-002
1.344950e+000 1.200900e-001 3.294400e-002
1.345690e+000 1.243560e-001 6.160000e-004
1.346120e+000 1.313030e-001 9.909300e-002
1.346130e+000 1.168260e-001 -4.325700e-002
1.346460e+000 1.276700e-001 1.141140e-001
1.347840e+000 1.062680e-001 -6.036600e-002
1.348630e+000 1.326350e-001 8.560500e-002
1.349040e+000 1.239410e-001 -2.564500e-002
1.349730e+000 1.200600e-001 1.358180e-001
1.349880e+000 1.151610e-001 1.496180e-001
