1437
1438
1439
1440
1441
1442
1443
1444
1445
1446
1447
1448
1449
1450
1451
1452
1453
1454
1455
1480
1481
1482
1483
1484
1485
1486
5843
5844
5845
5846
5847
5848
5849
5850
5851
5852
5853
5854
5855
5856
5857
5858
5859
5860
5861
5862
5863
5864
5865
5866
5867
5868
5869
5870
5871
5872
5873
5874
5875
5876
5877
5878
5879
5880
5881
5882
5883
5884
5885
5886
5887
5893
13714
20160
20161
20162
20163
20164
20165
20272
20273
20275
20276
20277
20278
20279
20280
20281
20282
20283
20284
20285
20286
20287
20376
20377
20378
20379
20380
20605
20606
20607
20608
20609
20610
20611
20612
20613
20614
20615
20616
20617
20618
20619
20620
20621
20622
20623
20624
20625
20626
20627
20628
20629
20630
20631
20632
20633
20634
20635
20636
20637
20638
20639
20640
20641
20642
20643
21142
21143
21144
21145
21380
21381
21458
21681
21869
21870
21871
21907
21908
21909
21910
21911
21912
21913
21914
21915
21916
21917
21918
21919
21920
21921
21922
21923
21924
21925
21926
21927
21928
21929
21930
21931
21932
21933
21934
21935
21936
21937
21938
21939
21940
21941
21942
21943
21944
21945
21946
21947
21948
21949
21950
21951
21952
21953
21954
21955
21956
21957
21958
21959
21960
21961
21962
21963
21964
21965
21966
21967
21968
21969
21999
22000
22018
22033
22034
22035
22036
22037
22038
22039
22040
22076
22077
22109
22110
22111
22112
22140
22141
22144
22145
22146
22147
22148
22149
22150
22151
22152
22153
22155
22156
22157
22158
22159
22160
22166
22167
22168
22169
22170
22171
22172
22173
22174
22175
22176
22177
22178
22179
22180
22181
22182
22183
22184
22185
22186
22187
22188
22189
22190
22191
22192
22193
22194
22195
22198
22200
22201
22202
22203
22204
22205
22206
22207
22208
22209
22210
22211
22212
22213
22215
22216
22217
22218
22219
22220
22221
22222
22223
22224
22226
22230
22231
22232
22233
22234
22235
22239
22244
22245
22246
22247
22248
22249
22250
22251
22252
22253
22254
22255
22256
22261
22262
22263
22264
22265
22266
22267
22268
22269
22270
22271
22283
22291
22292
22293
22294
22295
22296
22303
22304
22305
22306
22307
22308
22309
22310
22311
22312
22313
22314
22315
22316
22317
22318
22319
22320
22321
22322
22323
22335
22336
22337
22338
22339
22340
22341
22342
22343
22344
22345
22346
22347
22348
22349
22350
22351
22352
22353
22354
22355
22356
22357
22358
22359
22360
22361
22362
22363
22364
22365
22366
22367
22368
22369
22370
22371
22372
22373
22374
22375
22376
22377
22378
22379
22380
22381
22382
22383
22384
22385
22387
22388
22389
22390
22391
22392
22393
22394
22395
22396
22397
22398
22399
22400
22401
22402
22403
22404
22405
22406
22407
22408
22409
22410
22411
22412
22413
22414
22415
22416
22417
22418
22419
22421
22422
22423
22424
22425
22426
22431
22432
22433
22434
22435
22436
22437
22438
22439
22440
22441
22442
22443
22444
22459
22467
22478
22482
22483
22484
22485
22486
22487
22488
22489
22490
22500
22501
22502
22503
22504
22505
22506
22507
22508
22509
22510
22512
22513
22514
22515
22516
22517
22518
22519
22520
22521
22522
22523
22524
22525
22526
22527
22528
22529
22530
22531
22532
22533
22534
22535
22536
22537
22538
22539
22540
22541
22542
22543
22544
22545
22546
22547
22548
22549
22550
22551
22552
22553
22554
22555
22556
22557
22558
22559
22560
22561
22562
22563
22564
22565
22566
22567
22568
22569
22570
22571
22572
22573
22574
22575
22576
22577
22578
22579
22580
22581
22582
22583
22584
22585
22586
22587
22588
22589
22590
22591
22592
22593
22594
22595
22596
22597
22598
22599
22600
22601
22602
22603
22604
22605
22606
22607
22608
22609
22610
22611
22612
22613
22614
22615
22616
22617
22618
22619
22620
22621
22622
22623
22624
22625
22626
22627
22628
22629
22630
22631
22632
22633
22634
22635
22636
22637
22638
22639
22640
22641
22642
22643
22644
22645
22646
22647
22648
22649
22650
22651
22652
22653
22654
22655
22656
22657
22658
22659
22660
22661
22662
22663
22664
22665
22666
22667
22668
22669
22670
22671
22672
22673
22674
22675
22676
22677
22678
22679
22680
22681
22682
22683
22684
22685
22686
22687
22688
22689
22690
22821
22822
22823
22824
22825
22826
22827
22828
22829
22830
22831
22832
22833
22834
22859
22860
22861
22866
22867
22868
22869
22870
22871
22872
22873
22874
22875
22876
22877
22878
22879
22880
22881
22882
22883
22884
22885
22886
22887
22888
22889
22890
22891
22892
22893
22894
22895
22896
22897
22898
22899
22900
22901
22902
22903
22904
22906
22918
22919
22920
22921
22922
22923
22924
22925
22926
22927
22928
22929
22930
22932
22933
22934
22955
22956
22957
22958
22959
22960
22961
22962
22963
22964
22965
22966
22967
22968
22969
22970
22972
22973
22974
22975
22976
22977
22978
22979
22980
22981
22982
22983
22984
22985
22986
22987
22988
22989
22990
22991
22992
22993
22994
22995
22996
22997
22998
22999
23000
23001
23002
23003
23004
23005
23006
23007
23008
23009
23010
23011
23012
23013
23014
23015
23016
23017
23018
23019
23020
23021
23022
23023
23024
23025
23026
23027
23028
23029
23030
23031
23032
23033
23036
23038
23039
23051
23052
23055
23172
23173
23174
23175
23176
23177
23178
23179
23186
23206
23207
23216
23217
23237
23238
23239
23240
23241
23242
23243
23244
23245
23246
23247
23248
23277
23300
23304
23305
23306
23307
23308
23309
23310
23311
23387
23388
23389
23390
23392
23393
23394
23440
23441
23442
23443
23444
23445
23446
23447
23448
23469
23470
23471
23472
23473
23474
23475
23476
23477
23478
23479
23480
23481
23482
23487
23488
23489
23490
23491
23492
23511
23529
23530
23531
23585
23618
23641
23642
23643
23650
23651
23672
23686
23695
23696
23699
23700
23701
23702
23706
23707
23752
23753
23754
23755
23756
23757
23758
23759
23777
23779
23780
23781
23782
23783
23784
23814
23815
23816
23953
23954
23975
23976
23982
23983
23984
23986
23987
24043
24044
24135
24136
24824
24825
24827
24828
24832
24839
24844
24845
24846
24854
24855
24857
24911
