1.254130e+000 3.759400e-002 3.862290e-001
1.254310e+000 4.989700e-002 3.935510e-001
1.257150e+000 5.488900e-002 3.964120e-001
1.257580e+000 4.439700e-002 3.871000e-001
1.258750e+000 2.602400e-002 3.826160e-001
1.260720e+000 1.976400e-002 3.833070e-001
1.261570e+000 6.262200e-002 4.078520e-001
1.261990e+000 5.748600e-002 3.972190e-001
1.262780e+000 3.781900e-002 3.809190e-001
1.264240e+000 7.570000e-003 3.872840e-001
1.264430e+000 6.411700e-002 4.221820e-001
1.264540e+000 5.040500e-002 3.880010e-001
1.265640e+000 5.643700e-002 3.960140e-001
1.266470e+000 6.341600e-002 4.310750e-001
1.267280e+000 6.229400e-002 4.048180e-001
1.268550e+000 2.226600e-002 3.770090e-001
1.268880e+000 1.655800e-002 3.801550e-001
1.269720e+000 4.565500e-002 3.811620e-001
1.269940e+000 3.025100e-002 3.753050e-001
1.271630e+000 -4.261000e-003 3.873050e-001
1.274700e+000 6.294800e-002 4.062870e-001
1.275260e+000 -1.552900e-002 3.905490e-001
1.275790e+000 3.304000e-003 3.836530e-001
1.275790e+000 1.547000e-002 3.722020e-001
1.275960e+000 -2.632500e-002 3.973120e-001
1.276120e+000 5.926100e-002 3.932230e-001
1.276500e+000 5.534600e-002 3.874260e-001
1.277100e+000 5.763700e-002 4.461340e-001
1.277480e+000 6.469300e-002 4.249810e-001
1.277560e+000 3.250600e-002 3.694250e-001
1.277980e+000 4.211000e-002 3.747580e-001
1.280130e+000 -3.144500e-002 4.045350e-001
1.280490e+000 5.428600e-002 4.513700e-001
1.280590e+000 4.973200e-002 4.553490e-001
1.280900e+000 1.644800e-002 3.637010e-001
1.280970e+000 5.040400e-002 3.792520e-001
1.281140e+000 6.130800e-002 4.386410e-001
1.281540e+000 3.965000e-003 3.775930e-001
1.281560e+000 3.100000e-005 3.812180e-001
1.283230e+000 6.582000e-003 3.681800e-001
1.283420e+000 2.071300e-002 3.596540e-001
1.283660e+000 -1.535500e-002 3.885190e-001
1.283970e+000 -2.100000e-002 3.921670e-001
1.284710e+000 5.592200e-002 3.849940e-001
1.285000e+000 6.337500e-002 3.999400e-001
1.285080e+000 -2.653600e-002 3.977220e-001
1.285980e+000 3.313700e-002 3.612990e-001
1.287740e+000 6.652800e-002 4.145810e-001
1.289510e+000 -3.270000e-003 3.763040e-001
1.289900e+000 3.743300e-002 4.619750e-001
1.290000e+000 6.669600e-002 4.098460e-001
1.290020e+000 -2.940400e-002 4.340210e-001
1.290490e+000 -2.990900e-002 4.075320e-001
1.290560e+000 3.861900e-002 3.605780e-001
1.290790e+000 4.782100e-002 3.692700e-001
1.290900e+000 5.791900e-002 3.841510e-001
1.291860e+000 2.353300e-002 4.652700e-001
1.291970e+000 -1.012000e-003 3.628470e-001
1.292090e+000 6.557100e-002 4.022330e-001
1.292200e+000 -3.115200e-002 4.246170e-001
1.292680e+000 1.337700e-002 3.472490e-001
1.292910e+000 5.720000e-002 4.505120e-001
1.292920e+000 -1.846400e-002 4.452250e-001
1.292980e+000 -1.212100e-002 3.814670e-001
1.294040e+000 5.057700e-002 4.557910e-001
1.294520e+000 6.401500e-002 4.290880e-001
1.294570e+000 -1.797200e-002 3.859850e-001
1.296140e+000 2.726400e-002 3.464900e-001
1.296230e+000 5.473800e-002 3.766480e-001
1.296410e+000 -1.071000e-003 3.513660e-001
1.296440e+000 4.481500e-002 3.616030e-001
1.296860e+000 2.090100e-002 3.431610e-001
1.297050e+000 3.101800e-002 4.623450e-001
1.297220e+000 3.493300e-002 3.515240e-001
1.297620e+000 6.041800e-002 3.878770e-001
1.297730e+000 4.571000e-003 3.435510e-001
1.298650e+000 -2.519800e-002 3.966260e-001
1.298700e+000 2.065600e-002 4.608950e-001
1.298760e+000 5.080200e-002 3.671090e-001
1.298790e+000 6.740900e-002 4.149110e-001
1.300400e+000 -2.846500e-002 4.149060e-001
1.300400e+000 -9.530000e-004 3.437830e-001
1.300700e+000 6.236100e-002 4.392580e-001
1.301170e+000 -8.552000e-003 3.664630e-001
1.301180e+000 5.578200e-002 4.503440e-001
1.301810e+000 -1.119800e-002 3.733320e-001
1.301980e+000 4.584900e-002 4.554070e-001
1.302040e+000 -2.097000e-002 3.878780e-001
1.302050e+000 5.674600e-002 3.786030e-001
1.302830e+000 -6.206000e-003 4.473440e-001
1.303750e+000 1.387200e-002 4.550090e-001
1.303760e+000 8.330000e-003 3.342680e-001
1.304090e+000 4.593900e-002 3.556010e-001
1.304490e+000 -1.941100e-002 4.376220e-001
1.304780e+000 -2.593300e-002 4.258400e-001
1.304990e+000 5.997400e-002 4.433190e-001
1.305340e+000 1.307600e-002 3.325580e-001
1.305870e+000 6.644500e-002 4.179010e-001
1.305960e+000 2.950400e-002 4.565970e-001
1.306000e+000 6.604100e-002 4.002930e-001
1.306340e+000 -9.484000e-003 3.483220e-001
1.306490e+000 3.960200e-002 3.458540e-001
1.306650e+000 2.898400e-002 3.369320e-001
1.307000e+000 5.655000e-002 4.466440e-001
1.307120e+000 -2.190600e-002 4.316460e-001
1.307240e+000 -8.178000e-003 3.419920e-001
1.307570e+000 6.407800e-002 3.919750e-001
1.307920e+000 1.829500e-002 3.306990e-001
1.308380e+000 -6.134000e-003 3.367650e-001
1.308390e+000 5.596300e-002 3.698590e-001
1.308720e+000 -1.288500e-002 3.652630e-001
1.308720e+000 4.834000e-002 4.503480e-001
1.309410e+000 -1.743000e-002 3.781880e-001
1.309720e+000 1.037500e-002 4.498790e-001
1.310530e+000 4.946200e-002 3.569460e-001
1.310560e+000 -2.148500e-002 3.878690e-001
1.310620e+000 -1.125400e-002 4.404350e-001
1.310780e+000 1.090000e-004 3.292780e-001
1.311470e+000 3.836400e-002 3.412310e-001
1.311620e+000 6.631800e-002 4.097490e-001
1.311810e+000 -2.354500e-002 3.973960e-001
1.312000e+000 -2.261100e-002 4.217070e-001
1.312620e+000 -2.454600e-002 4.099600e-001
1.313040e+000 2.008600e-002 4.486970e-001
1.314210e+000 5.941100e-002 3.755100e-001
1.314390e+000 6.456500e-002 4.193500e-001
1.315190e+000 -9.670000e-004 4.436040e-001
1.315370e+000 2.767700e-002 3.281420e-001
1.315870e+000 5.300200e-002 4.408980e-001
1.316180e+000 -1.988200e-002 3.798040e-001
1.316290e+000 -1.530600e-002 3.421080e-001
1.316680e+000 3.125700e-002 4.469820e-001
1.316810e+000 -1.728100e-002 3.659460e-001
1.316960e+000 6.661000e-003 3.207450e-001
1.317190e+000 6.160200e-002 4.272080e-001
1.319460e+000 6.439700e-002 3.935450e-001
1.319810e+000 2.029300e-002 3.201750e-001
1.320090e+000 -2.167700e-002 3.852370e-001
1.320230e+000 -2.263100e-002 3.990980e-001
1.320340e+000 5.541200e-002 3.600750e-001
1.320370e+000 -1.865000e-002 3.468630e-001
1.320670e+000 -1.108900e-002 4.326640e-001
1.320710e+000 -1.728300e-002 4.244210e-001
1.322170e+000 -5.345000e-003 4.363490e-001
1.322520e+000 -1.519600e-002 3.301480e-001
1.322720e+000 5.918600e-002 3.692320e-001
1.323170e+000 4.890300e-002 3.461180e-001
1.323300e+000 -1.918700e-002 4.139000e-001
1.324000e+000 6.251800e-002 3.812470e-001
1.324150e+000 -2.055100e-002 3.720930e-001
1.324250e+000 1.938000e-002 4.432760e-001
1.324790e+000 3.787700e-002 4.395770e-001
1.324890e+000 5.002000e-003 4.398090e-001
1.326470e+000 -2.518000e-003 3.132630e-001
1.326660e+000 5.478800e-002 3.534850e-001
1.327080e+000 5.906600e-002 4.226240e-001
1.327220e+000 6.459900e-002 3.981500e-001
1.327490e+000 -2.186800e-002 3.531750e-001
1.327950e+000 -2.033500e-002 4.030710e-001
1.328170e+000 3.439700e-002 3.231140e-001
1.328430e+000 1.482800e-002 3.102260e-001
1.329190e+000 2.392200e-002 4.409870e-001
1.329220e+000 2.514000e-003 3.084620e-001
1.329640e+000 4.657600e-002 4.322080e-001
1.329880e+000 4.150600e-002 3.293550e-001
1.329970e+000 8.688000e-003 3.074580e-001
1.330860e+000 5.176100e-002 3.433850e-001
1.331030e+000 1.360000e-003 4.331750e-001
1.331450e+000 -1.071000e-002 4.203890e-001
1.331510e+000 6.067000e-002 3.657260e-001
1.332320e+000 -2.210300e-002 3.835280e-001
1.332500e+000 5.557200e-002 4.225560e-001
1.332590e+000 1.701500e-002 4.386100e-001
1.333030e+000 -1.639700e-002 3.180620e-001
1.333110e+000 -2.098100e-002 3.919990e-001
1.333280e+000 -2.251000e-002 3.718710e-001
1.334260e+000 6.249100e-002 4.052890e-001
1.334300e+000 -2.185100e-002 3.282400e-001
1.334480e+000 2.735900e-002 3.109480e-001
1.336640e+000 -1.529100e-002 4.060800e-001
1.336820e+000 7.481000e-003 3.014300e-001
1.337350e+000 -2.441800e-002 3.351980e-001
1.337580e+000 5.628000e-002 3.418050e-001
1.337760e+000 4.974800e-002 3.295440e-001
1.337800e+000 -1.063900e-002 3.058830e-001
1.337930e+000 1.539900e-002 3.016160e-001
1.337930e+000 6.346400e-002 3.825360e-001
1.338330e+000 -1.715000e-003 4.229550e-001
1.339110e+000 1.109600e-002 4.312170e-001
1.339590e+000 6.133700e-002 3.573390e-001
1.340850e+000 4.293600e-002 3.172360e-001
1.341280e+000 4.148900e-002 4.265720e-001
1.342270e+000 -2.632300e-002 3.456380e-001
1.342660e+000 2.960300e-002 4.311330e-001
1.343140e+000 -2.332600e-002 3.732000e-001
1.343680e+000 -7.799000e-003 2.974020e-001
1.344040e+000 3.485600e-002 3.070700e-001
1.344610e+000 -3.071000e-003 4.148280e-001
1.345800e+000 6.093000e-002 3.394420e-001
1.345870e+000 4.749200e-002 4.185610e-001
1.346050e+000 -2.025300e-002 3.079490e-001
1.346520e+000 1.950500e-002 2.962930e-001
1.346560e+000 6.278500e-002 3.787070e-001
1.347020e+000 -1.683100e-002 3.014560e-001
1.347040e+000 1.704800e-002 4.273780e-001
1.347210e+000 -1.990200e-002 3.858040e-001
1.347470e+000 5.659700e-002 3.245290e-001
1.347480e+000 2.296400e-002 4.282740e-001
1.348550e+000 -2.432500e-002 3.156190e-001
1.348600e+000 -1.572400e-002 3.944580e-001
1.348730e+000 6.331100e-002 3.658320e-001
1.348870e+000 -1.138700e-002 4.014430e-001
1.349240e+000 5.481600e-002 4.073780e-001
1.349300e+000 5.814000e-002 4.011000e-001
1.351960e+000 2.613600e-002 4.249130e-001
1.351990e+000 1.045200e-002 4.205540e-001
1.352240e+000 3.663800e-002 4.201220e-001
1.352380e+000 -2.728700e-002 3.482990e-001
1.352540e+000 -4.429000e-003 4.069160e-001
1.353150e+000 5.139800e-002 3.092150e-001
1.353300e+000 5.964500e-002 3.226690e-001
1.353310e+000 6.421300e-002 3.477160e-001
1.354280e+000 1.552400e-002 2.889510e-001
1.354470e+000 6.069100e-002 3.867260e-001
1.354730e+000 -2.626600e-002 3.569070e-001
1.355780e+000 2.756000e-002 2.904890e-001
1.355790e+000 -2.190400e-002 3.763770e-001
1.356290e+000 5.700500e-002 3.134040e-001
1.357760e+000 6.391600e-002 3.313850e-001
1.358050e+000 -6.416000e-003 2.854730e-001
1.358080e+000 -1.560200e-002 2.874490e-001
1.358420e+000 4.396700e-002 2.953690e-001
1.359540e+000 -1.868100e-002 3.817500e-001
1.360400e+000 -2.849400e-002 3.217090e-001
1.360540e+000 2.194900e-002 4.177940e-001
1.360750e+000 6.509100e-002 3.517210e-001
1.361310e+000 -2.457500e-002 3.635140e-001
1.361390e+000 -2.741400e-002 3.469550e-001
1.361490e+000 6.293600e-002 3.225060e-001
1.361660e+000 2.757900e-002 4.147950e-001
1.361810e+000 1.897000e-003 4.066130e-001
1.363370e+000 1.019000e-002 4.112290e-001
1.364000e+000 6.530900e-002 3.371490e-001
1.364130e+000 3.571700e-002 4.103910e-001
1.364770e+000 -6.168000e-003 3.972440e-001
1.364770e+000 2.750900e-002 4.139600e-001
1.365730e+000 4.718100e-002 4.011540e-001
1.366480e+000 3.148600e-002 2.791280e-001
1.366720e+000 -2.617600e-002 2.933910e-001
1.366770e+000 3.614300e-002 2.798900e-001
1.366890e+000 1.340700e-002 2.781430e-001
1.367090e+000 -1.589300e-002 2.794590e-001
1.368010e+000 -2.923700e-002 3.266140e-001
1.368300e+000 -1.293200e-002 3.870460e-001
1.369260e+000 6.491300e-002 3.517530e-001
1.370650e+000 6.032100e-002 3.726870e-001
1.371800e+000 5.948000e-002 2.992850e-001
1.372170e+000 -2.143100e-002 3.695140e-001
1.372770e+000 2.480300e-002 4.076620e-001
1.373230e+000 -1.725300e-002 3.777660e-001
1.373540e+000 3.181200e-002 4.034190e-001
1.373790e+000 -4.630000e-003 3.929060e-001
1.373950e+000 -3.028600e-002 3.022860e-001
1.374300e+000 5.597900e-002 3.801020e-001
1.374490e+000 4.283100e-002 2.740070e-001
1.375370e+000 -2.723100e-002 3.419210e-001
1.376070e+000 5.531100e-002 2.861750e-001
1.376660e+000 -2.394100e-002 2.753430e-001
1.376990e+000 -5.547000e-003 2.707530e-001
1.377650e+000 1.802300e-002 4.030820e-001
1.377660e+000 6.568600e-002 3.255120e-001
1.377680e+000 5.174300e-002 3.841640e-001
1.377900e+000 -1.118500e-002 3.842270e-001
1.378010e+000 6.185300e-002 2.986800e-001
1.378600e+000 3.879900e-002 3.961990e-001
1.379790e+000 2.495800e-002 4.017700e-001
1.379820e+000 6.437900e-002 3.081430e-001
1.380060e+000 6.259400e-002 3.546260e-001
1.380780e+000 4.718200e-002 2.707680e-001
1.381280e+000 6.112000e-003 3.956070e-001
1.381520e+000 5.910000e-004 3.926410e-001
1.382760e+000 3.210400e-002 2.649830e-001
1.383060e+000 1.299600e-002 2.636570e-001
1.383240e+000 2.969500e-002 3.956280e-001
1.383550e+000 -3.114700e-002 3.108900e-001
1.383710e+000 4.481900e-002 3.862050e-001
1.384420e+000 -3.069800e-002 2.807870e-001
1.384630e+000 -2.273000e-003 2.633940e-001
1.385470e+000 -2.488200e-002 3.531740e-001
1.386550e+000 -1.618300e-002 3.740690e-001
1.387020e+000 6.491600e-002 3.358430e-001
1.387710e+000 5.934300e-002 2.808880e-001
1.387760e+000 -3.257600e-002 2.966950e-001
1.387790e+000 -1.050800e-002 3.803340e-001
1.387840e+000 3.968900e-002 2.625260e-001
1.388170e+000 2.321800e-002 3.928050e-001
1.388320e+000 1.480100e-002 3.929150e-001
1.389320e+000 5.338700e-002 2.694730e-001
1.389580e+000 2.496700e-002 2.573240e-001
1.389760e+000 -2.445400e-002 2.642430e-001
1.390540e+000 -1.609500e-002 2.603960e-001
1.391000e+000 -3.014200e-002 2.684500e-001
1.391390e+000 3.624900e-002 3.842260e-001
1.391440e+000 4.651000e-003 3.879230e-001
1.391440e+000 5.108300e-002 3.705670e-001
1.391780e+000 -4.936000e-003 3.833140e-001
1.392030e+000 7.768000e-003 2.533380e-001
1.392430e+000 -2.876000e-003 2.543150e-001
1.392640e+000 -2.576000e-002 3.411380e-001
1.392660e+000 -2.289200e-002 3.538900e-001
1.392960e+000 5.952600e-002 3.524440e-001
1.393270e+000 6.318900e-002 2.861570e-001
1.393670e+000 6.519100e-002 2.964520e-001
1.394220e+000 -2.039900e-002 3.626560e-001
1.395470e+000 -3.392500e-002 2.792660e-001
1.397150e+000 2.473900e-002 3.829200e-001
1.397170e+000 -3.208700e-002 3.078810e-001
1.397320e+000 5.629600e-002 3.562640e-001
1.397770e+000 1.150500e-002 3.844500e-001
1.398740e+000 6.642100e-002 3.084720e-001
1.399370e+000 -2.925700e-002 2.583620e-001
1.399850e+000 -2.358400e-002 3.487100e-001
1.399930e+000 -1.436900e-002 2.478250e-001
1.400020e+000 -1.037100e-002 3.750880e-001
1.400240e+000 4.695700e-002 3.668740e-001
1.400300e+000 3.834500e-002 3.742900e-001
1.400380e+000 -2.651200e-002 3.354050e-001
1.400890e+000 6.545800e-002 3.212340e-001
1.402670e+000 -2.907900e-002 3.192410e-001
1.402760e+000 -3.568500e-002 2.846330e-001
1.402970e+000 -1.474000e-002 3.681120e-001
1.403630e+000 2.528700e-002 3.777560e-001
1.404700e+000 6.353400e-002 3.298490e-001
1.405520e+000 6.477900e-002 2.785960e-001
1.405700e+000 -2.415000e-002 2.469740e-001
1.408190e+000 -3.990000e-004 3.762940e-001
1.408230e+000 -2.029100e-002 3.520800e-001
1.408330e+000 4.765100e-002 3.598060e-001
1.409350e+000 5.377800e-002 3.506670e-001
1.410380e+000 -1.703800e-002 3.578120e-001
1.410500e+000 -3.588500e-002 2.926390e-001
1.410620e+000 7.762000e-003 3.768480e-001
1.410700e+000 -1.105600e-002 3.667980e-001
1.411790e+000 -2.539600e-002 3.340630e-001
1.412040e+000 6.739200e-002 2.863550e-001
1.413140e+000 -3.532100e-002 2.526450e-001
1.413370e+000 -3.686900e-002 2.583270e-001
1.413390e+000 5.914900e-002 3.370240e-001
1.413680e+000 2.854200e-002 3.701850e-001
1.413720e+000 -3.026300e-002 3.168260e-001
1.413740e+000 -3.388600e-002 3.033680e-001
1.414160e+000 -2.941800e-002 2.424300e-001
1.414940e+000 -2.314700e-002 3.391990e-001
1.415410e+000 -5.926000e-003 3.673180e-001
1.417210e+000 5.640000e-004 3.702300e-001
1.417840e+000 1.521300e-002 3.723500e-001
1.418090e+000 -2.003000e-002 3.443180e-001
1.419030e+000 4.163100e-002 3.582700e-001
1.420440e+000 -3.922000e-002 2.639760e-001
1.420900e+000 -2.788900e-002 3.249970e-001
1.421620e+000 6.517200e-002 3.101720e-001
1.421630e+000 2.013400e-002 3.686860e-001
1.421680e+000 8.247000e-003 3.688490e-001
1.422050e+000 4.956700e-002 3.465850e-001
1.422070e+000 -1.386400e-002 3.510780e-001
1.422080e+000 -3.325400e-002 3.112760e-001
1.422100e+000 3.173400e-002 3.630410e-001
1.422990e+000 6.818900e-002 2.824970e-001
1.423340e+000 6.191900e-002 3.220870e-001
1.423840e+000 -1.796900e-002 3.423220e-001
1.424040e+000 6.740500e-002 2.936340e-001
1.424540e+000 -3.912900e-002 2.828890e-001
1.426010e+000 2.223000e-003 3.625290e-001
1.426950e+000 -9.252000e-003 3.524700e-001
1.427420e+000 -2.924800e-002 3.208630e-001
1.427710e+000 -2.390700e-002 3.317910e-001
1.428520e+000 1.965200e-002 3.638620e-001
1.429010e+000 -4.084400e-002 2.513710e-001
1.429060e+000 -1.602400e-002 3.419710e-001
1.429590e+000 2.529500e-002 3.592750e-001
1.431040e+000 8.546000e-003 3.598060e-001
1.431290e+000 5.496500e-002 3.301040e-001
1.431900e+000 -2.184700e-002 3.317670e-001
1.432090e+000 4.617000e-002 3.414710e-001
1.432970e+000 3.526200e-002 3.502300e-001
1.433550e+000 -4.253700e-002 2.625790e-001
1.433960e+000 -2.881900e-002 3.214920e-001
1.434340e+000 -3.928100e-002 2.945480e-001
1.435890e+000 -3.417600e-002 3.119730e-001
1.436930e+000 2.353800e-002 3.538330e-001
1.437880e+000 -9.846000e-003 3.408090e-001
1.438190e+000 -2.393000e-003 3.458660e-001
1.438990e+000 -3.864100e-002 3.008910e-001
1.439010e+000 6.325100e-002 3.016210e-001
1.439150e+000 4.474700e-002 3.357610e-001
1.441060e+000 -1.976000e-002 3.296570e-001
1.441080e+000 -4.595700e-002 2.479220e-001
1.441560e+000 -2.729700e-002 3.218960e-001
1.441650e+000 1.749600e-002 3.482400e-001
1.441700e+000 6.042300e-002 3.066050e-001
1.442820e+000 4.997200e-002 3.246420e-001
1.444070e+000 -4.432600e-002 2.784280e-001
1.444370e+000 2.895100e-002 3.406970e-001
1.444660e+000 -4.212200e-002 2.901010e-001
1.444830e+000 4.043300e-002 3.323410e-001
1.445090e+000 2.938000e-003 3.416670e-001
1.445280e+000 5.439200e-002 3.148820e-001
1.445590e+000 -3.534900e-002 3.086280e-001
1.445790e+000 -1.164100e-002 3.338540e-001
1.447450e+000 1.496000e-002 3.423620e-001
1.449330e+000 2.107700e-002 3.381380e-001
1.449730e+000 1.073800e-002 3.393980e-001
1.450340e+000 -3.329400e-002 3.097880e-001
1.450770e+000 -2.541300e-002 3.206820e-001
1.452050e+000 -3.906700e-002 2.998800e-001
1.453490e+000 5.925500e-002 2.965730e-001
1.454020e+000 8.518000e-003 3.357200e-001
1.455020e+000 -1.841000e-002 3.239260e-001
1.455020e+000 -1.309000e-003 3.323510e-001
1.455070e+000 -4.995600e-002 2.625500e-001
1.457140e+000 -3.166100e-002 3.108690e-001
1.457320e+000 1.793200e-002 3.304190e-001
1.457360e+000 -4.549700e-002 2.853080e-001
1.457590e+000 3.123100e-002 3.246980e-001
1.459190e+000 -3.965500e-002 2.981510e-001
1.459210e+000 -7.495000e-003 3.281570e-001
1.460220e+000 -2.304700e-002 3.187380e-001
1.460270e+000 9.652000e-003 3.305590e-001
1.460490e+000 4.201700e-002 3.137020e-001
1.460840e+000 -4.919600e-002 2.731130e-001
1.462720e+000 7.250000e-004 3.282490e-001
1.463800e+000 4.891900e-002 3.030240e-001
1.464420e+000 -4.324400e-002 2.900430e-001
1.465790e+000 -2.841200e-002 3.112690e-001
1.466120e+000 -5.456900e-002 2.520000e-001
1.469410e+000 -4.901400e-002 2.756340e-001
1.469620e+000 -1.975700e-002 3.157150e-001
1.469620e+000 6.126000e-003 3.239280e-001
1.470040e+000 -3.565200e-002 3.006910e-001
1.470660e+000 5.178600e-002 2.928620e-001
1.472160e+000 -4.457600e-002 2.848950e-001
1.472900e+000 1.728700e-002 3.183160e-001
1.474970e+000 -5.369300e-002 2.605930e-001
1.477480e+000 -2.399000e-003 3.183210e-001
1.477980e+000 -2.663200e-002 3.064510e-001
1.478070e+000 2.512700e-002 3.110700e-001
1.479630e+000 -1.827400e-002 3.112660e-001
1.479660e+000 -4.589200e-002 2.809050e-001
1.480030e+000 2.362000e-003 3.169900e-001
1.482200e+000 -5.078100e-002 2.688800e-001
1.483790e+000 -3.830900e-002 2.906180e-001
1.484340e+000 1.315800e-002 3.113610e-001
1.487440e+000 -1.228000e-002 3.092160e-001
1.487760e+000 -2.705100e-002 3.005570e-001
1.488140e+000 -4.257200e-002 2.822200e-001
1.490790e+000 1.865200e-002 3.039920e-001
1.490790e+000 2.613000e-002 3.001990e-001
1.490960e+000 -5.331900e-002 2.587150e-001
1.492320e+000 -4.814000e-002 2.710970e-001
1.492780e+000 7.650000e-004 3.077230e-001
1.493590e+000 3.213800e-002 2.931660e-001
1.493890e+000 -3.288000e-002 2.904140e-001
1.495170e+000 -1.858000e-002 3.010570e-001
1.497550e+000 -4.101300e-002 2.801230e-001
1.499720e+000 -5.125000e-002 2.615660e-001
1.503440e+000 -2.948600e-002 2.878020e-001
1.504120e+000 -4.660900e-002 2.677000e-001
1.505830e+000 8.150000e-004 2.975650e-001
1.505960e+000 -1.087800e-002 2.964880e-001
1.506000e+000 2.137700e-002 2.892960e-001
1.506660e+000 1.481000e-002 2.919320e-001
1.507350e+000 -3.718100e-002 2.780060e-001
1.511920e+000 -4.023000e-003 2.923880e-001
1.512210e+000 2.156000e-003 2.916980e-001
1.512270e+000 -2.621000e-002 2.832980e-001
1.512960e+000 -1.844200e-002 2.871090e-001
1.520260e+000 -1.564100e-002 2.818610e-001
1.522290e+000 -8.023000e-003 2.818520e-001
